----------------------------------------------------------------------------------------

Results for one way ANOVA between rs10462020_rs10838524 and GAD7 are: 

                               df       sum_sq   mean_sq         F   PR(>F)
C(rs10462020_rs10838524)      8.0     0.395494  0.049437  1.933497  0.05068
Residual                  60579.0  1548.918765  0.025569       NaN      NaN
----------------------------------------------------------------------------------------

Results for follow-up Tukey test between rs10462020_rs10838524 and GAD7 are: 

    group1  group2      Diff     Lower     Upper   q-value   p-value
0        4       1  0.002122 -0.002977  0.007222  1.825623  0.900000
1        4       3  0.002103 -0.005836  0.010042  1.162018  0.900000
2        4       0  0.001712 -0.004738  0.008163  1.164397  0.900000
3        4       7  0.007135 -0.002266  0.016535  3.329387  0.309751
4        4       2  0.005735 -0.005875  0.017345  2.166846  0.820909
5        4       6  0.007835 -0.028089  0.043759  0.956755  0.900000
6        4       5  0.013155 -0.034520  0.060829  1.210404  0.900000
7        4       8  0.015363 -0.016258  0.046985  2.131293  0.836165
8        1       3  0.004225 -0.003342  0.011792  2.449455  0.699655
9        1       0  0.000410 -0.005577  0.006397  0.300553  0.900000
10       1       7  0.005012 -0.004076  0.014101  2.419190  0.712638
11       1       2  0.007857 -0.003502  0.019216  3.034343  0.444908
12       1       6  0.005713 -0.030131  0.041557  0.699155  0.900000
13       1       5  0.011032 -0.036582  0.058646  1.016406  0.900000
14       1       8  0.013241 -0.018289  0.044771  1.842182  0.900000
15       3       0  0.003815 -0.004721  0.012351  1.960645  0.900000
16       3       7  0.009238 -0.001699  0.020175  3.705048  0.177905
17       3       2  0.003632 -0.009254  0.016517  1.236399  0.900000
18       3       6  0.009938 -0.026418  0.046294  1.199110  0.900000
19       3       5  0.015258 -0.032743  0.063258  1.394347  0.900000
20       3       8  0.017466 -0.014645  0.049578  2.386019  0.726871
21       0       7  0.005423 -0.004487  0.015332  2.400323  0.720734
22       0       2  0.007447 -0.004579  0.019473  2.716399  0.585117
23       0       6  0.006123 -0.029938  0.042184  0.744848  0.900000
24       0       5  0.011442 -0.036335  0.059220  1.050590  0.900000
25       0       8  0.013651 -0.018125  0.045428  1.884524  0.900000
26       7       2  0.012869 -0.000965  0.026704  4.080773  0.091901
27       7       6  0.000701 -0.036003  0.037404  0.083722  0.900000
28       7       5  0.006020 -0.042244  0.054284  0.547144  0.900000
29       7       8  0.008229 -0.024275  0.040733  1.110535  0.900000
30       2       6  0.013570 -0.023760  0.050900  1.594604  0.900000
31       2       5  0.018889 -0.029853  0.067632  1.699981  0.900000
32       2       8  0.021098 -0.012112  0.054309  2.786809  0.554908
33       6       5  0.005319 -0.054108  0.064747  0.392658  0.900000
34       6       8  0.007528 -0.039997  0.055054  0.694868  0.900000
35       5       8  0.002209 -0.054721  0.059138  0.170200  0.900000
----------------------------------------------------------------------------------------

Results for Shapiro-Wilk test to check for normality are: 

w is: 0.6865763664245605/ p-value is: 0.0
----------------------------------------------------------------------------------------

Results for Levene's test to check for equality of variance are: 

              Parameter  Value
    Test statistics (W) 1.8530
Degrees of freedom (Df) 8.0000
                p value 0.0627
----------------------------------------------------------------------------------------

Results for the Kruskal-Wallis Test -- to be used if ANOVA assumptions are violated: 

statistic: 20.809771179040343/ p-value is: 0.007670293898735045
----------------------------------------------------------------------------------------

The p-value is lower than alpha; hence, no follow-up test was conducted for Kruskal test
----------------------------------------------------------------------------------------

