----------------------------------------------------------------------------------------

Results for one way ANOVA between rs228697_rs139459337 and GAD7 are: 

                              df       sum_sq   mean_sq         F    PR(>F)
C(rs228697_rs139459337)      8.0     0.185709  0.023214  0.907776  0.508633
Residual                 60579.0  1549.128549  0.025572       NaN       NaN
----------------------------------------------------------------------------------------

Results for follow-up Tukey test between rs228697_rs139459337 and GAD7 are: 

    group1  group2      Diff     Lower     Upper   q-value   p-value
0        2       1  0.002486 -0.005395  0.010367  1.383834  0.900000
1        2       0  0.000103 -0.004600  0.004807  0.096244  0.900000
2        2       8  0.005593 -0.023115  0.034301  0.854673  0.900000
3        2       3  0.005196 -0.005305  0.015698  2.170726  0.819245
4        2       5  0.000241 -0.011512  0.011993  0.089803  0.900000
5        2       7  0.015432 -0.036707  0.067572  1.298380  0.900000
6        2       4  0.017885 -0.018496  0.054265  2.156500  0.825350
7        2       6  0.009319 -0.147585  0.166223  0.260538  0.900000
8        1       0  0.002383 -0.005008  0.009774  1.414242  0.900000
9        1       8  0.008079 -0.021189  0.037348  1.210905  0.900000
10       1       3  0.002710 -0.009239  0.014660  0.995016  0.900000
11       1       5  0.002727 -0.010336  0.015789  0.915663  0.900000
12       1       7  0.017919 -0.034532  0.070369  1.498609  0.900000
13       1       4  0.020371 -0.016454  0.057195  2.426648  0.709440
14       1       6  0.006833 -0.150175  0.163841  0.190907  0.900000
15       0       8  0.005696 -0.022881  0.034274  0.874417  0.900000
16       0       3  0.005093 -0.005046  0.015232  2.203627  0.805130
17       0       5  0.000344 -0.011087  0.011774  0.131941  0.900000
18       0       7  0.015536 -0.036532  0.067604  1.308863  0.900000
19       0       4  0.017988 -0.018290  0.054265  2.175095  0.817371
20       0       6  0.009216 -0.147664  0.166096  0.257692  0.900000
21       8       3  0.010790 -0.019290  0.040870  1.573495  0.900000
22       8       5  0.005353 -0.025187  0.035892  0.768849  0.900000
23       8       7  0.009839 -0.049432  0.069110  0.728198  0.900000
24       8       4  0.012291 -0.033731  0.058314  1.171563  0.900000
25       8       6  0.014912 -0.144504  0.174328  0.410344  0.900000
26       3       5  0.005437 -0.009355  0.020229  1.612398  0.900000
27       3       7  0.020629 -0.032279  0.073537  1.710382  0.900000
28       3       4  0.023081 -0.014392  0.060554  2.701950  0.591316
29       3       6  0.004123 -0.153038  0.161283  0.115069  0.900000
30       5       7  0.015192 -0.037978  0.068362  1.253364  0.900000
31       5       4  0.017644 -0.020198  0.055487  2.045284  0.873070
32       5       6  0.009560 -0.147690  0.166809  0.266678  0.900000
33       7       4  0.002452 -0.060892  0.065796  0.169819  0.900000
34       7       6  0.024751 -0.140499  0.190002  0.657041  0.900000
35       4       6  0.027204 -0.133771  0.188178  0.741320  0.900000
----------------------------------------------------------------------------------------

Results for Shapiro-Wilk test to check for normality are: 

w is: 0.6828300952911377/ p-value is: 0.0
----------------------------------------------------------------------------------------

Results for Levene's test to check for equality of variance are: 

              Parameter  Value
    Test statistics (W) 0.8695
Degrees of freedom (Df) 8.0000
                p value 0.5414
----------------------------------------------------------------------------------------

Results for the Kruskal-Wallis Test -- to be used if ANOVA assumptions are violated: 

statistic: 11.924415346252623/ p-value is: 0.15460828032839816
----------------------------------------------------------------------------------------

The p-value is lower than alpha; hence, no follow-up test was conducted for Kruskal test
----------------------------------------------------------------------------------------

