----------------------------------------------------------------------------------------

Results for one way ANOVA between rs139459337_rs10838524 and GAD7 are: 

                                df       sum_sq   mean_sq         F    PR(>F)
C(rs139459337_rs10838524)      8.0     0.234745  0.029343  1.147507  0.327355
Residual                   60579.0  1549.079513  0.025571       NaN       NaN
----------------------------------------------------------------------------------------

Results for follow-up Tukey test between rs139459337_rs10838524 and GAD7 are: 

    group1  group2      Diff     Lower     Upper   q-value   p-value
0        4       3  0.002490 -0.006267  0.011246  1.247320  0.900000
1        4       1  0.000744 -0.004212  0.005700  0.658688  0.900000
2        4       2  0.007790 -0.005362  0.020943  2.598234  0.635817
3        4       0  0.000326 -0.005939  0.006591  0.227954  0.900000
4        4       7  0.000537 -0.010042  0.011116  0.222616  0.900000
5        4       8  0.007886 -0.034668  0.050440  0.812900  0.900000
6        4       5  0.024683 -0.044211  0.093577  1.571663  0.900000
7        4       6  0.024500 -0.025252  0.074253  2.160191  0.823767
8        3       1  0.003234 -0.005210  0.011678  1.680091  0.900000
9        3       2  0.005300 -0.009523  0.020123  1.568547  0.900000
10       3       0  0.002815 -0.006458  0.012088  1.331861  0.900000
11       3       7  0.003027 -0.009569  0.015622  1.054121  0.900000
12       3       8  0.010376 -0.032724  0.053475  1.056027  0.900000
13       3       5  0.027173 -0.042059  0.096406  1.721744  0.900000
14       3       6  0.026990 -0.023230  0.077210  2.357569  0.739079
15       1       2  0.008534 -0.004412  0.021481  2.891728  0.509889
16       1       0  0.000419 -0.005401  0.006239  0.315517  0.900000
17       1       7  0.000207 -0.010114  0.010529  0.088114  0.900000
18       1       8  0.007142 -0.035349  0.049632  0.737282  0.900000
19       1       5  0.023939 -0.044916  0.092794  1.525144  0.900000
20       1       6  0.023756 -0.025942  0.073454  2.096855  0.850942
21       2       0  0.008116 -0.005386  0.021618  2.636782  0.619277
22       2       7  0.008327 -0.007640  0.024294  2.287670  0.769071
23       2       8  0.015676 -0.028527  0.059879  1.555677  0.900000
24       2       5  0.032474 -0.037451  0.102398  2.037217  0.876531
25       2       6  0.032290 -0.018879  0.083460  2.768191  0.562894
26       0       7  0.000211 -0.010799  0.011221  0.084184  0.900000
27       0       8  0.007560 -0.035103  0.050223  0.777344  0.900000
28       0       5  0.024358 -0.044604  0.093319  1.549415  0.900000
29       0       6  0.024175 -0.025671  0.074021  2.127489  0.837797
30       7       8  0.007349 -0.036157  0.050855  0.740973  0.900000
31       7       5  0.024147 -0.045340  0.093633  1.524374  0.900000
32       7       6  0.023963 -0.026606  0.074533  2.078718  0.858722
33       8       5  0.016798 -0.063994  0.097589  0.912052  0.900000
34       8       6  0.016615 -0.048625  0.081854  1.117155  0.900000
35       5       6  0.000183 -0.084621  0.084987  0.009474  0.900000
----------------------------------------------------------------------------------------

Results for Shapiro-Wilk test to check for normality are: 

w is: 0.6835051774978638/ p-value is: 0.0
----------------------------------------------------------------------------------------

Results for Levene's test to check for equality of variance are: 

              Parameter  Value
    Test statistics (W) 0.9451
Degrees of freedom (Df) 8.0000
                p value 0.4775
----------------------------------------------------------------------------------------

Results for the Kruskal-Wallis Test -- to be used if ANOVA assumptions are violated: 

statistic: 14.867657694373277/ p-value is: 0.06177043581028775
----------------------------------------------------------------------------------------

The p-value is lower than alpha; hence, no follow-up test was conducted for Kruskal test
----------------------------------------------------------------------------------------

