----------------------------------------------------------------------------------------

Results for one way ANOVA between rs10462023_rs139459337 and GAD7 are: 

                                df       sum_sq   mean_sq         F    PR(>F)
C(rs10462023_rs139459337)      8.0     0.599112  0.074889  2.929331  0.002852
Residual                   60579.0  1548.715147  0.025565       NaN       NaN
----------------------------------------------------------------------------------------

Results for follow-up Tukey test between rs10462023_rs139459337 and GAD7 are: 

    group1  group2      Diff     Lower     Upper   q-value   p-value
0        0       3  0.001915 -0.006848  0.010679  0.958755  0.900000
1        0       2  0.003725 -0.001008  0.008458  3.452025  0.261660
2        0       1  0.003075 -0.006570  0.012720  1.398616  0.900000
3        0       5  0.000355 -0.006304  0.007014  0.233990  0.900000
4        0       8  0.010268 -0.004456  0.024991  3.059135  0.433140
5        0       7  0.035875 -0.004508  0.076257  3.897004  0.128363
6        0       4  0.002024 -0.047452  0.051500  0.179495  0.900000
7        0       6  0.013102 -0.069633  0.095837  0.694679  0.900000
8        3       2  0.005640 -0.002977  0.014257  2.871242  0.518680
9        3       1  0.004990 -0.007046  0.017026  1.818816  0.900000
10       3       5  0.001560 -0.008247  0.011368  0.697824  0.900000
11       3       8  0.008352 -0.008038  0.024742  2.235451  0.791476
12       3       7  0.037790 -0.003229  0.078809  4.041328  0.099141
13       3       4  0.003940 -0.046057  0.053937  0.345677  0.900000
14       3       6  0.011187 -0.071861  0.094235  0.590891  0.900000
15       2       1  0.000650 -0.008862  0.010161  0.299590  0.900000
16       2       5  0.004080 -0.002385  0.010544  2.768439  0.562789
17       2       8  0.013992 -0.000644  0.028629  4.193613  0.074445
18       2       7  0.032150 -0.008201  0.072501  3.495141  0.245771
19       2       4  0.001700 -0.047750  0.051150  0.150818  0.900000
20       2       6  0.016827 -0.065893  0.099546  0.892327  0.900000
21       1       5  0.003430 -0.007172  0.014032  1.419253  0.900000
22       1       8  0.013343 -0.003535  0.030220  3.467973  0.255709
23       1       7  0.032800 -0.008417  0.074016  3.490861  0.247319
24       1       4  0.001051 -0.049109  0.051210  0.091876  0.900000
25       1       6  0.016177 -0.066968  0.099323  0.853486  0.900000
26       5       8  0.009912 -0.005455  0.025280  2.829477  0.536598
27       5       7  0.036230 -0.004392  0.076851  3.912399  0.125002
28       5       4  0.002380 -0.047292  0.052051  0.210158  0.900000
29       5       6  0.012747 -0.070105  0.095599  0.674891  0.900000
30       8       7  0.046142  0.003451  0.088834  4.741254  0.022752
31       8       4  0.012292 -0.039086  0.063670  1.049502  0.900000
32       8       6  0.002834 -0.081052  0.086721  0.148223  0.900000
33       7       4  0.033850 -0.029818  0.097518  2.332235  0.749950
34       7       6  0.048977 -0.042952  0.140905  2.337077  0.747870
35       4       6  0.015127 -0.081144  0.111397  0.689256  0.900000
----------------------------------------------------------------------------------------

Results for Shapiro-Wilk test to check for normality are: 

w is: 0.6875829696655273/ p-value is: 0.0
----------------------------------------------------------------------------------------

Results for Levene's test to check for equality of variance are: 

              Parameter  Value
    Test statistics (W) 3.0125
Degrees of freedom (Df) 8.0000
                p value 0.0022
----------------------------------------------------------------------------------------

Results for the Kruskal-Wallis Test -- to be used if ANOVA assumptions are violated: 

statistic: 28.96884955388327/ p-value is: 0.0003211141615891902
----------------------------------------------------------------------------------------

The p-value is lower than alpha; hence, no follow-up test was conducted for Kruskal test
----------------------------------------------------------------------------------------

