----------------------------------------------------------------------------------------

Results for one way ANOVA between rs228697_rs17031614 and GAD7 are: 

                             df       sum_sq   mean_sq        F    PR(>F)
C(rs228697_rs17031614)      8.0     0.071746  0.008968  0.35068  0.945963
Residual                60579.0  1549.242513  0.025574      NaN       NaN
----------------------------------------------------------------------------------------

Results for follow-up Tukey test between rs228697_rs17031614 and GAD7 are: 

    group1  group2      Diff     Lower     Upper   q-value  p-value
0        2       4  0.000191 -0.007034  0.007416  0.115783      0.9
1        2       0  0.000826 -0.004872  0.006525  0.635923      0.9
2        2       7  0.001015 -0.008191  0.010221  0.483633      0.9
3        2       5  0.001233 -0.012997  0.015463  0.380199      0.9
4        2       6  0.004927 -0.018074  0.027928  0.939672      0.9
5        2       1  0.000331 -0.006889  0.007551  0.200961      0.9
6        2       3  0.000555 -0.008525  0.009635  0.268022      0.9
7        2       8  0.009585 -0.013934  0.033104  1.787780      0.9
8        4       0  0.001017 -0.005408  0.007442  0.694232      0.9
9        4       7  0.001206 -0.008467  0.010878  0.546794      0.9
10       4       5  0.001424 -0.013112  0.015960  0.429740      0.9
11       4       6  0.004736 -0.018455  0.027928  0.895878      0.9
12       4       1  0.000140 -0.007666  0.007946  0.078714      0.9
13       4       3  0.000364 -0.009189  0.009917  0.167196      0.9
14       4       8  0.009776 -0.013930  0.033481  1.809006      0.9
15       0       7  0.000189 -0.008404  0.008782  0.096440      0.9
16       0       5  0.000407 -0.013434  0.014248  0.129067      0.9
17       0       6  0.005753 -0.017009  0.028515  1.108725      0.9
18       0       1  0.001157 -0.005263  0.007576  0.790520      0.9
19       0       3  0.001381 -0.007077  0.009838  0.716218      0.9
20       0       8  0.008759 -0.014527  0.032045  1.650071      0.9
21       7       5  0.000218 -0.015397  0.015834  0.061330      0.9
22       7       6  0.005942 -0.017941  0.029825  1.091388      0.9
23       7       1  0.001346 -0.008323  0.011015  0.610539      0.9
24       7       3  0.001570 -0.009557  0.012697  0.618860      0.9
25       7       8  0.008570 -0.015812  0.032953  1.541856      0.9
26       5       6  0.006160 -0.020072  0.032393  1.030157      0.9
27       5       1  0.001564 -0.012970  0.016098  0.472087      0.9
28       5       3  0.001788 -0.013754  0.017330  0.504696      0.9
29       5       8  0.008352 -0.018336  0.035040  1.372783      0.9
30       6       1  0.004596 -0.018594  0.027786  0.869438      0.9
31       6       3  0.004372 -0.019463  0.028207  0.804685      0.9
32       6       8  0.014512 -0.017718  0.046742  1.975165      0.9
33       1       3  0.000224 -0.009325  0.009773  0.102913      0.9
34       1       8  0.009916 -0.013788  0.033620  1.835037      0.9
35       3       8  0.010140 -0.014195  0.034475  1.827826      0.9
----------------------------------------------------------------------------------------

Results for Shapiro-Wilk test to check for normality are: 

w is: 0.6817402243614197/ p-value is: 0.0
----------------------------------------------------------------------------------------

Results for Levene's test to check for equality of variance are: 

              Parameter  Value
    Test statistics (W) 0.3355
Degrees of freedom (Df) 8.0000
                p value 0.9526
----------------------------------------------------------------------------------------

Results for the Kruskal-Wallis Test -- to be used if ANOVA assumptions are violated: 

statistic: 5.570951942590337/ p-value is: 0.6951670738224567
----------------------------------------------------------------------------------------

The p-value is lower than alpha; hence, no follow-up test was conducted for Kruskal test
----------------------------------------------------------------------------------------

