Odds Ratios before stepwise adjustment: 

                                               Odds Ratio  p-value      2.5%     97.5%
const                                                 inf      0.0       inf       inf
sex_1                                            0.000000      0.0  0.000000  0.000000
Ever_addicted_to_any_substance_or_behaviour_1         inf      0.0       inf       inf
Age_at_recruitment                               0.000000      0.0  0.000000  0.000000
Average_total_household_income_before_tax_1      0.000000      0.0  0.000000  0.000000
Average_total_household_income_before_tax_2      0.000000      0.0  0.000000  0.000000
Average_total_household_income_before_tax_3      0.000000      0.0  0.000000  0.000000
Average_total_household_income_before_tax_4      0.000000      0.0  0.000000  0.000000
Townsend_deprivation_index_at_recruitment             inf      0.0       inf       inf
Chronotype_1                                     0.000000      0.0  0.000000  0.000000
Chronotype_2                                     0.000000      0.0  0.000000  0.000000
Chronotype_3                                     0.000000      0.0  0.000000  0.000000
rs228697_1                                            inf      0.0       inf       inf
rs228697_2                                       0.000000      0.0  0.000000  0.000000
rs10462020_1                                     0.000000      0.0  0.000000  0.000000
rs10462020_2                                     0.000000      0.0  0.000000  0.000000
rs10462023_1                                     0.000000      0.0  0.000000  0.000000
rs10462023_2                                     0.000000      0.0  0.000000  0.000000
rs1801260_1                                           inf      0.0       inf       inf
rs1801260_2                                      0.000000      0.0  0.000000  0.000000
rs17031614_1                                     0.000000      0.0  0.000000  0.000000
rs17031614_2                                     0.000000      0.0  0.000000  0.000000
rs139459337_1                                         inf      0.0       inf       inf
rs139459337_2                                    0.000000      0.0  0.000000  0.000000
rs10838524_1                                     0.000000      0.0  0.000000  0.000000
rs10838524_2                                     0.000000      0.0  0.000000  0.000000
rs2287161_1                                      0.000000      0.0  0.000000  0.000000
rs2287161_2                                      0.000000      0.0  0.000000  0.000000
rs228697_0_rs10462020_1                          0.000000      0.0  0.000000  0.000000
rs228697_1_rs10462020_0                               inf      0.0       inf       inf
rs228697_1_rs10462020_1                          0.000000      0.0  0.000000  0.000000
rs228697_0_rs10462020_2                          0.000000      0.0  0.000000  0.000000
rs228697_2_rs10462020_0                          0.000000      0.0  0.000000  0.000000
rs228697_2_rs10462020_2                          1.280160      0.0  1.280160  1.280160
rs228697_1_rs10462020_2                          2.252015      0.0  2.252015  2.252015
rs228697_2_rs10462020_1                          0.938744      0.0  0.938744  0.938744
rs228697_0_rs10462023_1                          0.000000      0.0  0.000000  0.000000
rs228697_1_rs10462023_0                               inf      0.0       inf       inf
rs228697_1_rs10462023_1                               inf      0.0       inf       inf
rs228697_0_rs10462023_2                          0.000000      0.0  0.000000  0.000000
rs228697_2_rs10462023_0                          0.000000      0.0  0.000000  0.000000
rs228697_2_rs10462023_2                               inf      0.0       inf       inf
rs228697_1_rs10462023_2                          0.000000      0.0  0.000000  0.000000
rs228697_2_rs10462023_1                          0.000000      0.0  0.000000  0.000000
rs228697_0_rs1801260_1                           0.000000      0.0  0.000000  0.000000
rs228697_1_rs1801260_0                           0.000000      0.0  0.000000  0.000000
rs228697_1_rs1801260_1                           0.000000      0.0  0.000000  0.000000
rs228697_0_rs1801260_2                           0.000000      0.0  0.000000  0.000000
rs228697_2_rs1801260_0                                inf      0.0       inf       inf
rs228697_2_rs1801260_2                           0.000000      0.0  0.000000  0.000000
rs228697_1_rs1801260_2                                inf      0.0       inf       inf
rs228697_2_rs1801260_1                                inf      0.0       inf       inf
rs228697_0_rs17031614_1                               inf      0.0       inf       inf
rs228697_1_rs17031614_0                               inf      0.0       inf       inf
rs228697_1_rs17031614_1                          0.000000      0.0  0.000000  0.000000
rs228697_0_rs17031614_2                               inf      0.0       inf       inf
rs228697_2_rs17031614_0                               inf      0.0       inf       inf
rs228697_2_rs17031614_2                          0.000000      0.0  0.000000  0.000000
rs228697_1_rs17031614_2                          0.000000      0.0  0.000000  0.000000
rs228697_2_rs17031614_1                          0.000000      0.0  0.000000  0.000000
rs228697_0_rs139459337_1                         0.000000      0.0  0.000000  0.000000
rs228697_1_rs139459337_0                         0.000000      0.0  0.000000  0.000000
rs228697_1_rs139459337_1                         0.000000      0.0  0.000000  0.000000
rs228697_0_rs139459337_2                         0.000000      0.0  0.000000  0.000000
rs228697_2_rs139459337_0                              inf      0.0       inf       inf
rs228697_2_rs139459337_2                         0.000000      0.0  0.000000  0.000000
rs228697_1_rs139459337_2                              inf      0.0       inf       inf
rs228697_2_rs139459337_1                              inf      0.0       inf       inf
rs228697_0_rs10838524_1                               inf      0.0       inf       inf
rs228697_1_rs10838524_0                          0.000000      0.0  0.000000  0.000000
rs228697_1_rs10838524_1                               inf      0.0       inf       inf
rs228697_0_rs10838524_2                          0.000000      0.0  0.000000  0.000000
rs228697_2_rs10838524_0                               inf      0.0       inf       inf
rs228697_2_rs10838524_2                               inf      0.0       inf       inf
rs228697_1_rs10838524_2                               inf      0.0       inf       inf
rs228697_2_rs10838524_1                          0.000000      0.0  0.000000  0.000000
rs228697_0_rs2287161_1                                inf      0.0       inf       inf
rs228697_1_rs2287161_0                                inf      0.0       inf       inf
rs228697_1_rs2287161_1                                inf      0.0       inf       inf
rs228697_0_rs2287161_2                                inf      0.0       inf       inf
rs228697_2_rs2287161_0                                inf      0.0       inf       inf
rs228697_2_rs2287161_2                           0.000000      0.0  0.000000  0.000000
rs228697_1_rs2287161_2                           0.000000      0.0  0.000000  0.000000
rs228697_2_rs2287161_1                           0.000000      0.0  0.000000  0.000000
rs10462020_0_rs10462023_1                        0.000000      0.0  0.000000  0.000000
rs10462020_1_rs10462023_0                        0.000000      0.0  0.000000  0.000000
rs10462020_1_rs10462023_1                             inf      0.0       inf       inf
rs10462020_0_rs10462023_2                             inf      0.0       inf       inf
rs10462020_2_rs10462023_0                             inf      0.0       inf       inf
rs10462020_2_rs10462023_2                        0.000000      0.0  0.000000  0.000000
rs10462020_1_rs10462023_2                        0.000000      0.0  0.000000  0.000000
rs10462020_2_rs10462023_1                        0.000000      0.0  0.000000  0.000000
rs10462020_0_rs1801260_1                         0.000000      0.0  0.000000  0.000000
rs10462020_1_rs1801260_0                         0.000000      0.0  0.000000  0.000000
rs10462020_1_rs1801260_1                              inf      0.0       inf       inf
rs10462020_0_rs1801260_2                         0.000000      0.0  0.000000  0.000000
rs10462020_2_rs1801260_0                              inf      0.0       inf       inf
rs10462020_2_rs1801260_2                         0.000000      0.0  0.000000  0.000000
rs10462020_1_rs1801260_2                         0.000000      0.0  0.000000  0.000000
rs10462020_2_rs1801260_1                         0.000000      0.0  0.000000  0.000000
rs10462020_0_rs17031614_1                             inf      0.0       inf       inf
rs10462020_1_rs17031614_0                        0.000000      0.0  0.000000  0.000000
rs10462020_1_rs17031614_1                        0.000000      0.0  0.000000  0.000000
rs10462020_0_rs17031614_2                             inf      0.0       inf       inf
rs10462020_2_rs17031614_0                             inf      0.0       inf       inf
rs10462020_2_rs17031614_2                        0.000000      0.0  0.000000  0.000000
rs10462020_1_rs17031614_2                             inf      0.0       inf       inf
rs10462020_2_rs17031614_1                        0.000000      0.0  0.000000  0.000000
rs10462020_0_rs139459337_1                       0.000000      0.0  0.000000  0.000000
rs10462020_1_rs139459337_0                            inf      0.0       inf       inf
rs10462020_1_rs139459337_1                            inf      0.0       inf       inf
rs10462020_0_rs139459337_2                            inf      0.0       inf       inf
rs10462020_2_rs139459337_0                       0.000000      0.0  0.000000  0.000000
rs10462020_2_rs139459337_2                       1.040868      0.0  1.040868  1.040868
rs10462020_1_rs139459337_2                       0.000000      0.0  0.000000  0.000000
rs10462020_2_rs139459337_1                            inf      0.0       inf       inf
rs10462020_0_rs10838524_1                             inf      0.0       inf       inf
rs10462020_1_rs10838524_0                        0.000000      0.0  0.000000  0.000000
rs10462020_1_rs10838524_1                             inf      0.0       inf       inf
rs10462020_0_rs10838524_2                             inf      0.0       inf       inf
rs10462020_2_rs10838524_0                             inf      0.0       inf       inf
rs10462020_2_rs10838524_2                             inf      0.0       inf       inf
rs10462020_1_rs10838524_2                        0.000000      0.0  0.000000  0.000000
rs10462020_2_rs10838524_1                        0.000000      0.0  0.000000  0.000000
rs10462020_0_rs2287161_1                         0.000000      0.0  0.000000  0.000000
rs10462020_1_rs2287161_0                              inf      0.0       inf       inf
rs10462020_1_rs2287161_1                         0.000000      0.0  0.000000  0.000000
rs10462020_0_rs2287161_2                              inf      0.0       inf       inf
rs10462020_2_rs2287161_0                              inf      0.0       inf       inf
rs10462020_2_rs2287161_2                         0.000000      0.0  0.000000  0.000000
rs10462020_1_rs2287161_2                              inf      0.0       inf       inf
rs10462020_2_rs2287161_1                              inf      0.0       inf       inf
rs10462023_0_rs1801260_1                              inf      0.0       inf       inf
rs10462023_1_rs1801260_0                         0.000000      0.0  0.000000  0.000000
rs10462023_1_rs1801260_1                         0.000000      0.0  0.000000  0.000000
rs10462023_0_rs1801260_2                         0.000000      0.0  0.000000  0.000000
rs10462023_2_rs1801260_0                              inf      0.0       inf       inf
rs10462023_2_rs1801260_2                         0.000000      0.0  0.000000  0.000000
rs10462023_1_rs1801260_2                         0.000000      0.0  0.000000  0.000000
rs10462023_2_rs1801260_1                              inf      0.0       inf       inf
rs10462023_0_rs17031614_1                        0.000000      0.0  0.000000  0.000000
rs10462023_1_rs17031614_0                             inf      0.0       inf       inf
rs10462023_1_rs17031614_1                        0.000000      0.0  0.000000  0.000000
rs10462023_0_rs17031614_2                        0.000000      0.0  0.000000  0.000000
rs10462023_2_rs17031614_0                        0.000000      0.0  0.000000  0.000000
rs10462023_2_rs17031614_2                        0.000000      0.0  0.000000  0.000000
rs10462023_1_rs17031614_2                        0.000000      0.0  0.000000  0.000000
rs10462023_2_rs17031614_1                        0.000000      0.0  0.000000  0.000000
rs10462023_0_rs139459337_1                       0.000000      0.0  0.000000  0.000000
rs10462023_1_rs139459337_0                            inf      0.0       inf       inf
rs10462023_1_rs139459337_1                            inf      0.0       inf       inf
rs10462023_0_rs139459337_2                            inf      0.0       inf       inf
rs10462023_2_rs139459337_0                            inf      0.0       inf       inf
rs10462023_2_rs139459337_2                       0.000000      0.0  0.000000  0.000000
rs10462023_1_rs139459337_2                       0.000000      0.0  0.000000  0.000000
rs10462023_2_rs139459337_1                            inf      0.0       inf       inf
rs10462023_0_rs10838524_1                        0.000000      0.0  0.000000  0.000000
rs10462023_1_rs10838524_0                        0.000000      0.0  0.000000  0.000000
rs10462023_1_rs10838524_1                        0.000000      0.0  0.000000  0.000000
rs10462023_0_rs10838524_2                             inf      0.0       inf       inf
rs10462023_2_rs10838524_0                        0.000000      0.0  0.000000  0.000000
rs10462023_2_rs10838524_2                        0.000000      0.0  0.000000  0.000000
rs10462023_1_rs10838524_2                        0.000000      0.0  0.000000  0.000000
rs10462023_2_rs10838524_1                             inf      0.0       inf       inf
rs10462023_0_rs2287161_1                         0.000000      0.0  0.000000  0.000000
rs10462023_1_rs2287161_0                         0.000000      0.0  0.000000  0.000000
rs10462023_1_rs2287161_1                         0.000000      0.0  0.000000  0.000000
rs10462023_0_rs2287161_2                         0.000000      0.0  0.000000  0.000000
rs10462023_2_rs2287161_0                         0.000000      0.0  0.000000  0.000000
rs10462023_2_rs2287161_2                              inf      0.0       inf       inf
rs10462023_1_rs2287161_2                         0.000000      0.0  0.000000  0.000000
rs10462023_2_rs2287161_1                         0.000000      0.0  0.000000  0.000000
rs1801260_0_rs17031614_1                         0.000000      0.0  0.000000  0.000000
rs1801260_1_rs17031614_0                         0.000000      0.0  0.000000  0.000000
rs1801260_1_rs17031614_1                              inf      0.0       inf       inf
rs1801260_0_rs17031614_2                         0.000000      0.0  0.000000  0.000000
rs1801260_2_rs17031614_0                         0.000000      0.0  0.000000  0.000000
rs1801260_2_rs17031614_2                         0.000000      0.0  0.000000  0.000000
rs1801260_1_rs17031614_2                         0.000000      0.0  0.000000  0.000000
rs1801260_2_rs17031614_1                         0.000000      0.0  0.000000  0.000000
rs1801260_0_rs139459337_1                        0.000000      0.0  0.000000  0.000000
rs1801260_1_rs139459337_0                        0.000000      0.0  0.000000  0.000000
rs1801260_1_rs139459337_1                        0.000000      0.0  0.000000  0.000000
rs1801260_0_rs139459337_2                             inf      0.0       inf       inf
rs1801260_2_rs139459337_0                             inf      0.0       inf       inf
rs1801260_2_rs139459337_2                        0.000000      0.0  0.000000  0.000000
rs1801260_1_rs139459337_2                             inf      0.0       inf       inf
rs1801260_2_rs139459337_1                             inf      0.0       inf       inf
rs1801260_0_rs10838524_1                         0.000000      0.0  0.000000  0.000000
rs1801260_1_rs10838524_0                         0.000000      0.0  0.000000  0.000000
rs1801260_1_rs10838524_1                              inf      0.0       inf       inf
rs1801260_0_rs10838524_2                              inf      0.0       inf       inf
rs1801260_2_rs10838524_0                         0.000000      0.0  0.000000  0.000000
rs1801260_2_rs10838524_2                         0.000000      0.0  0.000000  0.000000
rs1801260_1_rs10838524_2                         0.000000      0.0  0.000000  0.000000
rs1801260_2_rs10838524_1                         0.000000      0.0  0.000000  0.000000
rs1801260_0_rs2287161_1                          0.000000      0.0  0.000000  0.000000
rs1801260_1_rs2287161_0                          0.000000      0.0  0.000000  0.000000
rs1801260_1_rs2287161_1                               inf      0.0       inf       inf
rs1801260_0_rs2287161_2                          0.000000      0.0  0.000000  0.000000
rs1801260_2_rs2287161_0                          0.000000      0.0  0.000000  0.000000
rs1801260_2_rs2287161_2                          0.000000      0.0  0.000000  0.000000
rs1801260_1_rs2287161_2                               inf      0.0       inf       inf
rs1801260_2_rs2287161_1                          0.000000      0.0  0.000000  0.000000
rs17031614_0_rs139459337_1                       0.000000      0.0  0.000000  0.000000
rs17031614_1_rs139459337_0                            inf      0.0       inf       inf
rs17031614_1_rs139459337_1                       0.000000      0.0  0.000000  0.000000
rs17031614_0_rs139459337_2                            inf      0.0       inf       inf
rs17031614_2_rs139459337_0                            inf      0.0       inf       inf
rs17031614_2_rs139459337_2                       0.000000      0.0  0.000000  0.000000
rs17031614_1_rs139459337_2                       0.000000      0.0  0.000000  0.000000
rs17031614_2_rs139459337_1                            inf      0.0       inf       inf
rs17031614_0_rs10838524_1                        0.000000      0.0  0.000000  0.000000
rs17031614_1_rs10838524_0                        0.000000      0.0  0.000000  0.000000
rs17031614_1_rs10838524_1                             inf      0.0       inf       inf
rs17031614_0_rs10838524_2                        0.000000      0.0  0.000000  0.000000
rs17031614_2_rs10838524_0                        0.000000      0.0  0.000000  0.000000
rs17031614_2_rs10838524_2                             inf      0.0       inf       inf
rs17031614_1_rs10838524_2                             inf      0.0       inf       inf
rs17031614_2_rs10838524_1                        0.000000      0.0  0.000000  0.000000
rs17031614_0_rs2287161_1                              inf      0.0       inf       inf
rs17031614_1_rs2287161_0                              inf      0.0       inf       inf
rs17031614_1_rs2287161_1                         0.000000      0.0  0.000000  0.000000
rs17031614_0_rs2287161_2                              inf      0.0       inf       inf
rs17031614_2_rs2287161_0                              inf      0.0       inf       inf
rs17031614_2_rs2287161_2                         0.000000      0.0  0.000000  0.000000
rs17031614_1_rs2287161_2                         0.000000      0.0  0.000000  0.000000
rs17031614_2_rs2287161_1                         0.000000      0.0  0.000000  0.000000
rs139459337_0_rs10838524_1                       0.000000      0.0  0.000000  0.000000
rs139459337_1_rs10838524_0                            inf      0.0       inf       inf
rs139459337_1_rs10838524_1                       0.000000      0.0  0.000000  0.000000
rs139459337_0_rs10838524_2                       0.000000      0.0  0.000000  0.000000
rs139459337_2_rs10838524_0                       0.000000      0.0  0.000000  0.000000
rs139459337_2_rs10838524_2                            inf      0.0       inf       inf
rs139459337_1_rs10838524_2                            inf      0.0       inf       inf
rs139459337_2_rs10838524_1                       0.000000      0.0  0.000000  0.000000
rs139459337_0_rs2287161_1                             inf      0.0       inf       inf
rs139459337_1_rs2287161_0                             inf      0.0       inf       inf
rs139459337_1_rs2287161_1                             inf      0.0       inf       inf
rs139459337_0_rs2287161_2                             inf      0.0       inf       inf
rs139459337_2_rs2287161_0                             inf      0.0       inf       inf
rs139459337_2_rs2287161_2                        0.000000      0.0  0.000000  0.000000
rs139459337_1_rs2287161_2                        0.000000      0.0  0.000000  0.000000
rs139459337_2_rs2287161_1                        0.000000      0.0  0.000000  0.000000
rs10838524_0_rs2287161_1                         0.000000      0.0  0.000000  0.000000
rs10838524_1_rs2287161_0                              inf      0.0       inf       inf
rs10838524_1_rs2287161_1                         0.000000      0.0  0.000000  0.000000
rs10838524_0_rs2287161_2                         0.000000      0.0  0.000000  0.000000
rs10838524_2_rs2287161_0                         0.000000      0.0  0.000000  0.000000
rs10838524_2_rs2287161_2                              inf      0.0       inf       inf
rs10838524_1_rs2287161_2                         0.000000      0.0  0.000000  0.000000
rs10838524_2_rs2287161_1                              inf      0.0       inf       inf
----------------------------------------------------------------------------------------
adjusted p-values for Regression before stepwise adjustment: 

intercept                                      0.0
sex_1                                          0.0
Ever_addicted_to_any_substance_or_behaviour_1  0.0
Age_at_recruitment                             0.0
Average_total_household_income_before_tax_1    0.0
Average_total_household_income_before_tax_2    0.0
Average_total_household_income_before_tax_3    0.0
Average_total_household_income_before_tax_4    0.0
Townsend_deprivation_index_at_recruitment      0.0
Chronotype_1                                   0.0
Chronotype_2                                   0.0
Chronotype_3                                   0.0
rs228697_1                                     0.0
rs228697_2                                     0.0
rs10462020_1                                   0.0
rs10462020_2                                   0.0
rs10462023_1                                   0.0
rs10462023_2                                   0.0
rs1801260_1                                    0.0
rs1801260_2                                    0.0
rs17031614_1                                   0.0
rs17031614_2                                   0.0
rs139459337_1                                  0.0
rs139459337_2                                  0.0
rs10838524_1                                   0.0
rs10838524_2                                   0.0
rs2287161_1                                    0.0
rs2287161_2                                    0.0
rs228697_0_rs10462020_1                        0.0
rs228697_1_rs10462020_0                        0.0
rs228697_1_rs10462020_1                        0.0
rs228697_0_rs10462020_2                        0.0
rs228697_2_rs10462020_0                        0.0
rs228697_2_rs10462020_2                        0.0
rs228697_1_rs10462020_2                        0.0
rs228697_2_rs10462020_1                        0.0
rs228697_0_rs10462023_1                        0.0
rs228697_1_rs10462023_0                        0.0
rs228697_1_rs10462023_1                        0.0
rs228697_0_rs10462023_2                        0.0
rs228697_2_rs10462023_0                        0.0
rs228697_2_rs10462023_2                        0.0
rs228697_1_rs10462023_2                        0.0
rs228697_2_rs10462023_1                        0.0
rs228697_0_rs1801260_1                         0.0
rs228697_1_rs1801260_0                         0.0
rs228697_1_rs1801260_1                         0.0
rs228697_0_rs1801260_2                         0.0
rs228697_2_rs1801260_0                         0.0
rs228697_2_rs1801260_2                         0.0
rs228697_1_rs1801260_2                         0.0
rs228697_2_rs1801260_1                         0.0
rs228697_0_rs17031614_1                        0.0
rs228697_1_rs17031614_0                        0.0
rs228697_1_rs17031614_1                        0.0
rs228697_0_rs17031614_2                        0.0
rs228697_2_rs17031614_0                        0.0
rs228697_2_rs17031614_2                        0.0
rs228697_1_rs17031614_2                        0.0
rs228697_2_rs17031614_1                        0.0
rs228697_0_rs139459337_1                       0.0
rs228697_1_rs139459337_0                       0.0
rs228697_1_rs139459337_1                       0.0
rs228697_0_rs139459337_2                       0.0
rs228697_2_rs139459337_0                       0.0
rs228697_2_rs139459337_2                       0.0
rs228697_1_rs139459337_2                       0.0
rs228697_2_rs139459337_1                       0.0
rs228697_0_rs10838524_1                        0.0
rs228697_1_rs10838524_0                        0.0
rs228697_1_rs10838524_1                        0.0
rs228697_0_rs10838524_2                        0.0
rs228697_2_rs10838524_0                        0.0
rs228697_2_rs10838524_2                        0.0
rs228697_1_rs10838524_2                        0.0
rs228697_2_rs10838524_1                        0.0
rs228697_0_rs2287161_1                         0.0
rs228697_1_rs2287161_0                         0.0
rs228697_1_rs2287161_1                         0.0
rs228697_0_rs2287161_2                         0.0
rs228697_2_rs2287161_0                         0.0
rs228697_2_rs2287161_2                         0.0
rs228697_1_rs2287161_2                         0.0
rs228697_2_rs2287161_1                         0.0
rs10462020_0_rs10462023_1                      0.0
rs10462020_1_rs10462023_0                      0.0
rs10462020_1_rs10462023_1                      0.0
rs10462020_0_rs10462023_2                      0.0
rs10462020_2_rs10462023_0                      0.0
rs10462020_2_rs10462023_2                      0.0
rs10462020_1_rs10462023_2                      0.0
rs10462020_2_rs10462023_1                      0.0
rs10462020_0_rs1801260_1                       0.0
rs10462020_1_rs1801260_0                       0.0
rs10462020_1_rs1801260_1                       0.0
rs10462020_0_rs1801260_2                       0.0
rs10462020_2_rs1801260_0                       0.0
rs10462020_2_rs1801260_2                       0.0
rs10462020_1_rs1801260_2                       0.0
rs10462020_2_rs1801260_1                       0.0
rs10462020_0_rs17031614_1                      0.0
rs10462020_1_rs17031614_0                      0.0
rs10462020_1_rs17031614_1                      0.0
rs10462020_0_rs17031614_2                      0.0
rs10462020_2_rs17031614_0                      0.0
rs10462020_2_rs17031614_2                      0.0
rs10462020_1_rs17031614_2                      0.0
rs10462020_2_rs17031614_1                      0.0
rs10462020_0_rs139459337_1                     0.0
rs10462020_1_rs139459337_0                     0.0
rs10462020_1_rs139459337_1                     0.0
rs10462020_0_rs139459337_2                     0.0
rs10462020_2_rs139459337_0                     0.0
rs10462020_2_rs139459337_2                     0.0
rs10462020_1_rs139459337_2                     0.0
rs10462020_2_rs139459337_1                     0.0
rs10462020_0_rs10838524_1                      0.0
rs10462020_1_rs10838524_0                      0.0
rs10462020_1_rs10838524_1                      0.0
rs10462020_0_rs10838524_2                      0.0
rs10462020_2_rs10838524_0                      0.0
rs10462020_2_rs10838524_2                      0.0
rs10462020_1_rs10838524_2                      0.0
rs10462020_2_rs10838524_1                      0.0
rs10462020_0_rs2287161_1                       0.0
rs10462020_1_rs2287161_0                       0.0
rs10462020_1_rs2287161_1                       0.0
rs10462020_0_rs2287161_2                       0.0
rs10462020_2_rs2287161_0                       0.0
rs10462020_2_rs2287161_2                       0.0
rs10462020_1_rs2287161_2                       0.0
rs10462020_2_rs2287161_1                       0.0
rs10462023_0_rs1801260_1                       0.0
rs10462023_1_rs1801260_0                       0.0
rs10462023_1_rs1801260_1                       0.0
rs10462023_0_rs1801260_2                       0.0
rs10462023_2_rs1801260_0                       0.0
rs10462023_2_rs1801260_2                       0.0
rs10462023_1_rs1801260_2                       0.0
rs10462023_2_rs1801260_1                       0.0
rs10462023_0_rs17031614_1                      0.0
rs10462023_1_rs17031614_0                      0.0
rs10462023_1_rs17031614_1                      0.0
rs10462023_0_rs17031614_2                      0.0
rs10462023_2_rs17031614_0                      0.0
rs10462023_2_rs17031614_2                      0.0
rs10462023_1_rs17031614_2                      0.0
rs10462023_2_rs17031614_1                      0.0
rs10462023_0_rs139459337_1                     0.0
rs10462023_1_rs139459337_0                     0.0
rs10462023_1_rs139459337_1                     0.0
rs10462023_0_rs139459337_2                     0.0
rs10462023_2_rs139459337_0                     0.0
rs10462023_2_rs139459337_2                     0.0
rs10462023_1_rs139459337_2                     0.0
rs10462023_2_rs139459337_1                     0.0
rs10462023_0_rs10838524_1                      0.0
rs10462023_1_rs10838524_0                      0.0
rs10462023_1_rs10838524_1                      0.0
rs10462023_0_rs10838524_2                      0.0
rs10462023_2_rs10838524_0                      0.0
rs10462023_2_rs10838524_2                      0.0
rs10462023_1_rs10838524_2                      0.0
rs10462023_2_rs10838524_1                      0.0
rs10462023_0_rs2287161_1                       0.0
rs10462023_1_rs2287161_0                       0.0
rs10462023_1_rs2287161_1                       0.0
rs10462023_0_rs2287161_2                       0.0
rs10462023_2_rs2287161_0                       0.0
rs10462023_2_rs2287161_2                       0.0
rs10462023_1_rs2287161_2                       0.0
rs10462023_2_rs2287161_1                       0.0
rs1801260_0_rs17031614_1                       0.0
rs1801260_1_rs17031614_0                       0.0
rs1801260_1_rs17031614_1                       0.0
rs1801260_0_rs17031614_2                       0.0
rs1801260_2_rs17031614_0                       0.0
rs1801260_2_rs17031614_2                       0.0
rs1801260_1_rs17031614_2                       0.0
rs1801260_2_rs17031614_1                       0.0
rs1801260_0_rs139459337_1                      0.0
rs1801260_1_rs139459337_0                      0.0
rs1801260_1_rs139459337_1                      0.0
rs1801260_0_rs139459337_2                      0.0
rs1801260_2_rs139459337_0                      0.0
rs1801260_2_rs139459337_2                      0.0
rs1801260_1_rs139459337_2                      0.0
rs1801260_2_rs139459337_1                      0.0
rs1801260_0_rs10838524_1                       0.0
rs1801260_1_rs10838524_0                       0.0
rs1801260_1_rs10838524_1                       0.0
rs1801260_0_rs10838524_2                       0.0
rs1801260_2_rs10838524_0                       0.0
rs1801260_2_rs10838524_2                       0.0
rs1801260_1_rs10838524_2                       0.0
rs1801260_2_rs10838524_1                       0.0
rs1801260_0_rs2287161_1                        0.0
rs1801260_1_rs2287161_0                        0.0
rs1801260_1_rs2287161_1                        0.0
rs1801260_0_rs2287161_2                        0.0
rs1801260_2_rs2287161_0                        0.0
rs1801260_2_rs2287161_2                        0.0
rs1801260_1_rs2287161_2                        0.0
rs1801260_2_rs2287161_1                        0.0
rs17031614_0_rs139459337_1                     0.0
rs17031614_1_rs139459337_0                     0.0
rs17031614_1_rs139459337_1                     0.0
rs17031614_0_rs139459337_2                     0.0
rs17031614_2_rs139459337_0                     0.0
rs17031614_2_rs139459337_2                     0.0
rs17031614_1_rs139459337_2                     0.0
rs17031614_2_rs139459337_1                     0.0
rs17031614_0_rs10838524_1                      0.0
rs17031614_1_rs10838524_0                      0.0
rs17031614_1_rs10838524_1                      0.0
rs17031614_0_rs10838524_2                      0.0
rs17031614_2_rs10838524_0                      0.0
rs17031614_2_rs10838524_2                      0.0
rs17031614_1_rs10838524_2                      0.0
rs17031614_2_rs10838524_1                      0.0
rs17031614_0_rs2287161_1                       0.0
rs17031614_1_rs2287161_0                       0.0
rs17031614_1_rs2287161_1                       0.0
rs17031614_0_rs2287161_2                       0.0
rs17031614_2_rs2287161_0                       0.0
rs17031614_2_rs2287161_2                       0.0
rs17031614_1_rs2287161_2                       0.0
rs17031614_2_rs2287161_1                       0.0
rs139459337_0_rs10838524_1                     0.0
rs139459337_1_rs10838524_0                     0.0
rs139459337_1_rs10838524_1                     0.0
rs139459337_0_rs10838524_2                     0.0
rs139459337_2_rs10838524_0                     0.0
rs139459337_2_rs10838524_2                     0.0
rs139459337_1_rs10838524_2                     0.0
rs139459337_2_rs10838524_1                     0.0
rs139459337_0_rs2287161_1                      0.0
rs139459337_1_rs2287161_0                      0.0
rs139459337_1_rs2287161_1                      0.0
rs139459337_0_rs2287161_2                      0.0
rs139459337_2_rs2287161_0                      0.0
rs139459337_2_rs2287161_2                      0.0
rs139459337_1_rs2287161_2                      0.0
rs139459337_2_rs2287161_1                      0.0
rs10838524_0_rs2287161_1                       0.0
rs10838524_1_rs2287161_0                       0.0
rs10838524_1_rs2287161_1                       0.0
rs10838524_0_rs2287161_2                       0.0
rs10838524_2_rs2287161_0                       0.0
rs10838524_2_rs2287161_2                       0.0
rs10838524_1_rs2287161_2                       0.0
rs10838524_2_rs2287161_1                       0.0

----------------------------------------------------------------------------------------
