----------------------------------------------------------------------------------------

Results for two way ANOVA between rs17031614_rs139459337&sex and GAD7 are: 

                                       df       sum_sq   mean_sq           F        PR(>F)
C(rs17031614_rs139459337)             8.0     0.245668  0.030708    1.214030  2.858289e-01
C(sex)                                1.0     8.404968  8.404968  332.282535  4.830978e-74
C(rs17031614_rs139459337):C(sex)      8.0     0.251832  0.031479    1.244495  2.681537e-01
Residual                          60570.0  1532.096449  0.025295         NaN           NaN
----------------------------------------------------------------------------------------

Results for follow-up Tukey test between rs17031614_rs139459337 & sex and GAD7 are: 

Main effect for rs17031614_rs139459337:
 group1  group2     Diff     Lower    Upper  q-value  p-value
      0       8 0.006599 -0.005774 0.018972 2.339691 0.746749
      0       5 0.000071 -0.005465 0.005608 0.056321 0.900000
      0       1 0.002105 -0.005546 0.009757 1.207092 0.900000
      0       2 0.000657 -0.004841 0.006155 0.524421 0.900000
      0       4 0.018670 -0.019723 0.057064 2.133187 0.835353
      0       3 0.002483 -0.010196 0.015161 0.858971 0.900000
      0       6 0.013472 -0.056352 0.083296 0.846396 0.900000
      0       7 0.012076 -0.045732 0.069885 0.916391 0.900000
      8       5 0.006670 -0.006284 0.019624 2.258765 0.781470
      8       1 0.004494 -0.009495 0.018483 1.409153 0.900000
      8       2 0.005942 -0.006996 0.018880 2.014681 0.886198
      8       4 0.025269 -0.014870 0.065409 2.761564 0.565736
      8       3 0.004117 -0.013143 0.021376 1.046270 0.900000
      8       6 0.020072 -0.050728 0.090871 1.243618 0.900000
      8       7 0.018676 -0.040307 0.077659 1.388942 0.900000
      5       1 0.002176 -0.006383 0.010736 1.115434 0.900000
      5       2 0.000728 -0.005976 0.007433 0.476549 0.900000
      5       4 0.018599 -0.019986 0.057184 2.114531 0.843358
      5       3 0.002554 -0.010693 0.015800 0.845682 0.900000
      5       6 0.013401 -0.056528 0.083331 0.840662 0.900000
      5       7 0.012005 -0.045930 0.069941 0.908997 0.900000
      1       2 0.001448 -0.007086 0.009983 0.744324 0.900000
      1       4 0.020776 -0.018169 0.059720 2.340157 0.746549
      1       3 0.000377 -0.013883 0.014637 0.116033 0.900000
      1       6 0.015578 -0.054551 0.085706 0.974417 0.900000
      1       7 0.014182 -0.043994 0.072358 1.069358 0.900000
      2       4 0.019328 -0.019252 0.057907 2.197651 0.807696
      2       3 0.001825 -0.011405 0.015056 0.605215 0.900000
      2       6 0.014130 -0.055797 0.084056 0.886390 0.900000
      2       7 0.012734 -0.045198 0.070666 0.964205 0.900000
      4       3 0.021153 -0.019082 0.061388 2.306210 0.761112
      4       6 0.005198 -0.074386 0.084781 0.286513 0.900000
      4       7 0.006594 -0.062688 0.075876 0.417502 0.900000
      3       6 0.015955 -0.054899 0.086808 0.987801 0.900000
      3       7 0.014559 -0.044489 0.073607 1.081591 0.900000
      6       7 0.001396 -0.089165 0.091957 0.067619 0.900000

Main effect for sex:
 group1  group2     Diff    Lower   Upper  q-value  p-value
    0.0     1.0 0.033492 0.030944 0.03604 36.43737    0.001

Interaction effect between rs17031614_rs139459337 and sex:
  group1   group2     Diff     Lower    Upper   q-value  p-value
(0, 0.0) (0, 1.0) 0.033362  0.026977 0.039748 25.779160 0.001000
(0, 0.0) (8, 0.0) 0.009616 -0.009016 0.028249  2.546579 0.900000
(0, 0.0) (8, 1.0) 0.030907  0.010081 0.051733  7.322501 0.001000
(0, 0.0) (5, 0.0) 0.000825 -0.007510 0.009159  0.488332 0.900000
(0, 0.0) (5, 1.0) 0.035040  0.025907 0.044174 18.930047 0.001000
(0, 0.0) (1, 0.0) 0.001961 -0.009679 0.013602  0.831294 0.900000
(0, 0.0) (1, 1.0) 0.030480  0.017871 0.043090 11.927517 0.001000
(0, 0.0) (2, 0.0) 0.000600 -0.007717 0.008917  0.355897 0.900000
(0, 0.0) (2, 1.0) 0.031061  0.022054 0.040069 17.014592 0.001000
(0, 0.0) (4, 0.0) 0.032212 -0.025798 0.090221  2.739884 0.894069
(0, 0.0) (4, 1.0) 0.035233 -0.029414 0.099880  2.689207 0.900000
(0, 0.0) (3, 0.0) 0.002922 -0.016171 0.022015  0.755116 0.900000
(0, 0.0) (3, 1.0) 0.031762  0.010418 0.053106  7.342454 0.001000
(0, 0.0) (6, 0.0) 0.003199 -0.099932 0.106330  0.153056 0.900000
(0, 0.0) (6, 1.0) 0.071944 -0.049221 0.193108  2.929769 0.806202
(0, 0.0) (7, 0.0) 0.037931 -0.058760 0.134621  1.935640 0.900000
(0, 0.0) (7, 1.0) 0.080504 -0.007338 0.168345  4.522036 0.120570
(0, 1.0) (8, 0.0) 0.042979  0.024229 0.061728 11.310397 0.001000
(0, 1.0) (8, 1.0) 0.002455 -0.018476 0.023387  0.578837 0.900000
(0, 1.0) (5, 0.0) 0.034187  0.025594 0.042781 19.629716 0.001000
(0, 1.0) (5, 1.0) 0.001678 -0.007692 0.011048  0.883596 0.900000
(0, 1.0) (1, 0.0) 0.035324  0.023496 0.047151 14.736780 0.001000
(0, 1.0) (1, 1.0) 0.002882 -0.009900 0.015664  1.112606 0.900000
(0, 1.0) (2, 0.0) 0.032763  0.024186 0.041339 18.848502 0.001000
(0, 1.0) (2, 1.0) 0.002301 -0.006947 0.011549  1.227689 0.900000
(0, 1.0) (4, 0.0) 0.001151 -0.056897 0.059198  0.097809 0.900000
(0, 1.0) (4, 1.0) 0.001871 -0.062810 0.066552  0.142730 0.900000
(0, 1.0) (3, 0.0) 0.036284  0.017077 0.055492  9.320919 0.001000
(0, 1.0) (3, 1.0) 0.001601 -0.019846 0.023047  0.368251 0.900000
(0, 1.0) (6, 0.0) 0.036562 -0.066591 0.139714  1.748891 0.900000
(0, 1.0) (6, 1.0) 0.038581 -0.082602 0.159764  1.570912 0.900000
(0, 1.0) (7, 0.0) 0.071293 -0.025420 0.168006  3.637309 0.478044
(0, 1.0) (7, 1.0) 0.047141 -0.040725 0.135008  2.647256 0.900000
(8, 0.0) (8, 1.0) 0.040523  0.013238 0.067809  7.328013 0.001000
(8, 0.0) (5, 0.0) 0.008791 -0.010708 0.028291  2.224594 0.900000
(8, 0.0) (5, 1.0) 0.044657  0.024802 0.064511 11.098136 0.001000
(8, 0.0) (1, 0.0) 0.007655 -0.013470 0.028780  1.788029 0.900000
(8, 0.0) (1, 1.0) 0.040097  0.018423 0.061771  9.128202 0.001000
(8, 0.0) (2, 0.0) 0.010216 -0.009276 0.029709  2.586100 0.900000
(8, 0.0) (2, 1.0) 0.040678  0.020881 0.060475 10.138644 0.001000
(8, 0.0) (4, 0.0) 0.041828 -0.018801 0.102457  3.404118 0.586703
(8, 0.0) (4, 1.0) 0.044850 -0.022158 0.111857  3.302587 0.633685
(8, 0.0) (3, 0.0) 0.006694 -0.019293 0.032682  1.271058 0.900000
(8, 0.0) (3, 1.0) 0.041378  0.013695 0.069061  7.375211 0.001000
(8, 0.0) (6, 0.0) 0.006417 -0.098210 0.111044  0.302639 0.900000
(8, 0.0) (6, 1.0) 0.081560 -0.040881 0.204000  3.286771 0.641005
(8, 0.0) (7, 0.0) 0.028314 -0.069970 0.126598  1.421475 0.900000
(8, 0.0) (7, 1.0) 0.090120  0.000527 0.179713  4.963240 0.046844
(8, 1.0) (5, 0.0) 0.031732  0.010126 0.053338  7.246736 0.001000
(8, 1.0) (5, 1.0) 0.004133 -0.017793 0.026060  0.930177 0.900000
(8, 1.0) (1, 0.0) 0.032868  0.009785 0.055952  7.025740 0.001000
(8, 1.0) (1, 1.0) 0.000427 -0.023160 0.024013  0.089254 0.900000
(8, 1.0) (2, 0.0) 0.030307  0.008708 0.051906  6.923494 0.001000
(8, 1.0) (2, 1.0) 0.000155 -0.021720 0.022029  0.034853 0.900000
(8, 1.0) (4, 0.0) 0.001305 -0.060034 0.062644  0.104962 0.900000
(8, 1.0) (4, 1.0) 0.004326 -0.063324 0.071977  0.315560 0.900000
(8, 1.0) (3, 0.0) 0.033829  0.006226 0.061432  6.047221 0.002554
(8, 1.0) (3, 1.0) 0.000855 -0.028350 0.030060  0.144431 0.900000
(8, 1.0) (6, 0.0) 0.034106 -0.070934 0.139146  1.602119 0.900000
(8, 1.0) (6, 1.0) 0.041037 -0.081757 0.163830  1.648975 0.900000
(8, 1.0) (7, 0.0) 0.068838 -0.029886 0.167561  3.440504 0.569868
(8, 1.0) (7, 1.0) 0.049597 -0.040478 0.139671  2.716862 0.900000
(5, 0.0) (5, 1.0) 0.035865  0.025072 0.046658 16.396301 0.001000
(5, 0.0) (1, 0.0) 0.001136 -0.011847 0.014120  0.431823 0.900000
(5, 0.0) (1, 1.0) 0.031305  0.017447 0.045164 11.145834 0.001000
(5, 0.0) (2, 0.0) 0.001425 -0.008687 0.011537  0.695244 0.900000
(5, 0.0) (2, 1.0) 0.031886  0.021199 0.042573 14.722043 0.001000
(5, 0.0) (4, 0.0) 0.033037 -0.025257 0.091331  2.796339 0.867945
(5, 0.0) (4, 1.0) 0.036058 -0.028844 0.100961  2.741340 0.893393
(5, 0.0) (3, 0.0) 0.002097 -0.017844 0.022038  0.518925 0.900000
(5, 0.0) (3, 1.0) 0.032587  0.010481 0.054692  7.273760 0.001000
(5, 0.0) (6, 0.0) 0.002374 -0.100917 0.105665  0.113415 0.900000
(5, 0.0) (6, 1.0) 0.072769 -0.048533 0.194070  2.960028 0.792203
(5, 0.0) (7, 0.0) 0.037106 -0.059755 0.133967  1.890206 0.900000
(5, 0.0) (7, 1.0) 0.081329 -0.006701 0.169358  4.558611 0.111951
(5, 1.0) (1, 0.0) 0.037002  0.023491 0.050512 13.513788 0.001000
(5, 1.0) (1, 1.0) 0.004560 -0.009793 0.018913  1.567628 0.900000
(5, 1.0) (2, 0.0) 0.034441  0.023661 0.045220 15.764485 0.001000
(5, 1.0) (2, 1.0) 0.003979 -0.007342 0.015300  1.734207 0.900000
(5, 1.0) (4, 0.0) 0.002829 -0.055585 0.061242  0.238936 0.900000
(5, 1.0) (4, 1.0) 0.000193 -0.064817 0.065203  0.014649 0.900000
(5, 1.0) (3, 0.0) 0.037962  0.017675 0.058250  9.232971 0.001000
(5, 1.0) (3, 1.0) 0.003279 -0.019140 0.025697  0.721594 0.900000
(5, 1.0) (6, 0.0) 0.038240 -0.065119 0.141598  1.825502 0.900000
(5, 1.0) (6, 1.0) 0.036903 -0.084455 0.158262  1.500412 0.900000
(5, 1.0) (7, 0.0) 0.072971 -0.023962 0.169904  3.714461 0.438858
(5, 1.0) (7, 1.0) 0.045463 -0.042645 0.133572  2.546006 0.900000
(1, 0.0) (1, 1.0) 0.032441  0.016376 0.048507  9.963850 0.001000
(1, 0.0) (2, 0.0) 0.002561 -0.010411 0.015533  0.974127 0.900000
(1, 0.0) (2, 1.0) 0.033023  0.019597 0.046448 12.136621 0.001000
(1, 0.0) (4, 0.0) 0.034173 -0.024685 0.093031  2.864816 0.836260
(1, 0.0) (4, 1.0) 0.037195 -0.028214 0.102604  2.805818 0.863558
(1, 0.0) (3, 0.0) 0.000961 -0.020572 0.022494  0.220183 0.900000
(1, 0.0) (3, 1.0) 0.033723  0.010171 0.057275  7.065138 0.001000
(1, 0.0) (6, 0.0) 0.001238 -0.102372 0.104848  0.058954 0.900000
(1, 0.0) (6, 1.0) 0.073905 -0.047668 0.195478  2.999525 0.773923
(1, 0.0) (7, 0.0) 0.035969 -0.061232 0.133171  1.825909 0.900000
(1, 0.0) (7, 1.0) 0.082465 -0.005939 0.170869  4.602732 0.102124
(1, 1.0) (2, 0.0) 0.029880  0.016032 0.043729 10.646562 0.001000
(1, 1.0) (2, 1.0) 0.000581 -0.013692 0.014855  0.200902 0.900000
(1, 1.0) (4, 0.0) 0.001731 -0.057325 0.060788  0.144665 0.900000
(1, 1.0) (4, 1.0) 0.004753 -0.060835 0.070341  0.357578 0.900000
(1, 1.0) (3, 0.0) 0.033402  0.011331 0.055474  7.467230 0.001000
(1, 1.0) (3, 1.0) 0.001282 -0.022764 0.025327  0.262975 0.900000
(1, 1.0) (6, 0.0) 0.033679 -0.070044 0.137403  1.602151 0.900000
(1, 1.0) (6, 1.0) 0.041463 -0.080206 0.163133  1.681509 0.900000
(1, 1.0) (7, 0.0) 0.068411 -0.028911 0.165733  3.468416 0.556949
(1, 1.0) (7, 1.0) 0.050023 -0.038513 0.138560  2.787843 0.871879
(2, 0.0) (2, 1.0) 0.030462  0.019788 0.041135 14.082022 0.001000
(2, 0.0) (4, 0.0) 0.031612 -0.026680 0.089903  2.675855 0.900000
(2, 0.0) (4, 1.0) 0.034634 -0.030267 0.099534  2.633112 0.900000
(2, 0.0) (3, 0.0) 0.003522 -0.016412 0.023455  0.871794 0.900000
(2, 0.0) (3, 1.0) 0.031162  0.009063 0.053261  6.957787 0.001000
(2, 0.0) (6, 0.0) 0.003799 -0.099491 0.107089  0.181479 0.900000
(2, 0.0) (6, 1.0) 0.071344 -0.049956 0.192644  2.902101 0.819005
(2, 0.0) (7, 0.0) 0.038531 -0.058329 0.135390  1.962816 0.900000
(2, 0.0) (7, 1.0) 0.079904 -0.008124 0.167932  4.478834 0.129577
(2, 1.0) (4, 0.0) 0.001150 -0.057244 0.059544  0.097200 0.900000
(2, 1.0) (4, 1.0) 0.004172 -0.060820 0.069164  0.316736 0.900000
(2, 1.0) (3, 0.0) 0.033983  0.013752 0.054215  8.288222 0.001000
(2, 1.0) (3, 1.0) 0.000700 -0.021668 0.023068  0.154493 0.900000
(2, 1.0) (6, 0.0) 0.034261 -0.069087 0.137608  1.635726 0.900000
(2, 1.0) (6, 1.0) 0.040882 -0.080467 0.162231  1.662317 0.900000
(2, 1.0) (7, 0.0) 0.068992 -0.027929 0.165913  3.512345 0.536623
(2, 1.0) (7, 1.0) 0.049442 -0.038654 0.137538  2.769240 0.880483
(4, 0.0) (4, 1.0) 0.003022 -0.083627 0.089670  0.172068 0.900000
(4, 0.0) (3, 0.0) 0.035134 -0.025639 0.095906  2.852569 0.841924
(4, 0.0) (3, 1.0) 0.000450 -0.061067 0.061967  0.036091 0.900000
(4, 0.0) (6, 0.0) 0.035411 -0.082762 0.153583  1.478555 0.900000
(4, 0.0) (6, 1.0) 0.039732 -0.094468 0.173932  1.460843 0.900000
(4, 0.0) (7, 0.0) 0.070142 -0.042453 0.182738  3.073812 0.739546
(4, 0.0) (7, 1.0) 0.048292 -0.056803 0.153386  2.267317 0.900000
(4, 1.0) (3, 0.0) 0.038155 -0.028982 0.105293  2.804213 0.864300
(4, 1.0) (3, 1.0) 0.003472 -0.064340 0.071283  0.252606 0.900000
(4, 1.0) (6, 0.0) 0.038433 -0.083136 0.160001  1.559897 0.900000
(4, 1.0) (6, 1.0) 0.036710 -0.100489 0.173910  1.320234 0.900000
(4, 1.0) (7, 0.0) 0.073164 -0.042990 0.189318  3.107990 0.723731
(4, 1.0) (7, 1.0) 0.045270 -0.063629 0.154169  2.051196 0.900000
(3, 0.0) (3, 1.0) 0.034684  0.006688 0.062679  6.113042 0.002091
(3, 0.0) (6, 0.0) 0.000277 -0.104433 0.104987  0.013056 0.900000
(3, 0.0) (6, 1.0) 0.074866 -0.047646 0.197377  3.015249 0.766649
(3, 0.0) (7, 0.0) 0.035009 -0.063364 0.133381  1.755974 0.900000
(3, 0.0) (7, 1.0) 0.083426 -0.006264 0.173116  4.589589 0.104978
(3, 1.0) (6, 0.0) 0.034961 -0.070183 0.140105  1.640653 0.900000
(3, 1.0) (6, 1.0) 0.040182 -0.082701 0.163064  1.613456 0.900000
(3, 1.0) (7, 0.0) 0.069692 -0.029142 0.168527  3.479334 0.551900
(3, 1.0) (7, 1.0) 0.048742 -0.041454 0.138938  2.666447 0.900000
(6, 0.0) (6, 1.0) 0.075143 -0.083856 0.234141  2.331907 0.900000
(6, 0.0) (7, 0.0) 0.034732 -0.106508 0.175971  1.213347 0.900000
(6, 0.0) (7, 1.0) 0.083703 -0.051633 0.219038  3.051723 0.749770
(6, 1.0) (7, 0.0) 0.109874 -0.045024 0.264773  3.499987 0.542342
(6, 1.0) (7, 1.0) 0.008560 -0.140975 0.158095  0.282458 0.900000
(7, 0.0) (7, 1.0) 0.118434 -0.012060 0.248929  4.478205 0.129735

----------------------------------------------------------------------------------------

Results for Shapiro-Wilk test to check for normality are: 

w is: 0.7188369631767273/ p-value is: 0.0
----------------------------------------------------------------------------------------

Results for Levene's test to check for equality of variance are: 

              Parameter   Value
    Test statistics (W) 39.4839
Degrees of freedom (Df) 17.0000
                p value  0.0000
----------------------------------------------------------------------------------------

Results for the scheirer Ray Hare Test -- to be used if ANOVA assumptions are violated: 

                               Df        Sum Sq           H   p.value
rs17031614_rs139459337          8  2.597228e+09    9.813865  0.278334
sex                             1  2.191953e+11  828.249591  0.000000
rs17031614_rs139459337:sex      8  1.988291e+09    7.512938  0.482431
Residuals                   60570  1.581044e+13         NaN       NaN
----------------------------------------------------------------------------------------

Results for follow-up Dunn's test between rs17031614_rs139459337 & sex and GAD7 are: 

   Comparison         Z  P.unadj   P.adj
0_0.0 - 0_1.0  20.02189  0.00000 0.00000
0_0.0 - 1_0.0  -0.53894  0.58993 1.00000
0_1.0 - 1_0.0 -11.34059  0.00000 0.00000
0_0.0 - 1_1.0   9.22342  0.00000 0.00000
0_1.0 - 1_1.0  -0.90391  0.36604 1.00000
1_0.0 - 1_1.0   7.62966  0.00000 0.00000
0_0.0 - 2_0.0   0.07378  0.94119 1.00000
0_1.0 - 2_0.0 -14.83557  0.00000 0.00000
1_0.0 - 2_0.0   0.53090  0.59549 1.00000
1_1.0 - 2_0.0  -8.35385  0.00000 0.00000
0_0.0 - 2_1.0  13.73328  0.00000 0.00000
0_1.0 - 2_1.0  -0.44841  0.65386 1.00000
1_0.0 - 2_1.0   9.68155  0.00000 0.00000
1_1.0 - 2_1.0   0.51891  0.60383 1.00000
2_0.0 - 2_1.0  11.53262  0.00000 0.00000
0_0.0 - 3_0.0  -1.36643  0.17180 1.00000
0_1.0 - 3_0.0  -8.01459  0.00000 0.00000
1_0.0 - 3_0.0  -0.92029  0.35742 1.00000
1_1.0 - 3_0.0  -6.45125  0.00000 0.00000
2_0.0 - 3_0.0  -1.33963  0.18036 1.00000
2_1.0 - 3_0.0  -7.40418  0.00000 0.00000
0_0.0 - 3_1.0   5.97763  0.00000 0.00000
0_1.0 - 3_1.0  -0.01236  0.99014 1.00000
1_0.0 - 3_1.0   5.68373  0.00000 0.00000
1_1.0 - 3_1.0   0.46947  0.63873 1.00000
2_0.0 - 3_1.0   5.74574  0.00000 0.00000
2_1.0 - 3_1.0   0.17354  0.86222 1.00000
3_0.0 - 3_1.0   5.48940  0.00000 0.00001
0_0.0 - 4_0.0   2.06347  0.03907 1.00000
0_1.0 - 4_0.0  -0.14044  0.88832 1.00000
1_0.0 - 4_0.0   2.14033  0.03233 1.00000
1_1.0 - 4_0.0   0.05760  0.95407 1.00000
2_0.0 - 4_0.0   2.04297  0.04106 1.00000
2_1.0 - 4_0.0  -0.06859  0.94532 1.00000
3_0.0 - 4_0.0   2.39897  0.01644 1.00000
3_1.0 - 4_0.0  -0.12821  0.89798 1.00000
0_0.0 - 4_1.0   2.40390  0.01622 1.00000
0_1.0 - 4_1.0   0.42596  0.67014 1.00000
1_0.0 - 4_1.0   2.47180  0.01344 1.00000
1_1.0 - 4_1.0   0.59622  0.55103 1.00000
2_0.0 - 4_1.0   2.38507  0.01708 1.00000
2_1.0 - 4_1.0   0.48773  0.62574 1.00000
3_0.0 - 4_1.0   2.70334  0.00686 1.00000
3_1.0 - 4_1.0   0.41020  0.68166 1.00000
4_0.0 - 4_1.0   0.41205  0.68030 1.00000
0_0.0 - 5_0.0  -0.68305  0.49457 1.00000
0_1.0 - 5_0.0 -15.54044  0.00000 0.00000
1_0.0 - 5_0.0   0.04471  0.96434 1.00000
1_1.0 - 5_0.0  -8.80264  0.00000 0.00000
2_0.0 - 5_0.0  -0.62369  0.53283 1.00000
2_1.0 - 5_0.0 -12.10816  0.00000 0.00000
3_0.0 - 5_0.0   1.02288  0.30636 1.00000
3_1.0 - 5_0.0  -6.02934  0.00000 0.00000
4_0.0 - 5_0.0  -2.15107  0.03147 1.00000
4_1.0 - 5_0.0  -2.48216  0.01306 1.00000
0_0.0 - 5_1.0  15.34320  0.00000 0.00000
0_1.0 - 5_1.0   1.31087  0.18990 1.00000
1_0.0 - 5_1.0  10.83703  0.00000 0.00000
1_1.0 - 5_1.0   1.66072  0.09677 1.00000
2_0.0 - 5_1.0  12.94309  0.00000 0.00000
2_1.0 - 5_1.0   1.45129  0.14670 1.00000
3_0.0 - 5_1.0   8.19351  0.00000 0.00000
3_1.0 - 5_1.0   0.55972  0.57567 1.00000
4_0.0 - 5_1.0   0.34984  0.72646 1.00000
4_1.0 - 5_1.0  -0.23486  0.81432 1.00000
5_0.0 - 5_1.0  13.51137  0.00000 0.00000
0_0.0 - 6_0.0   0.49558  0.62019 1.00000
0_1.0 - 6_0.0  -0.74398  0.45689 1.00000
1_0.0 - 6_0.0   0.55384  0.57969 1.00000
1_1.0 - 6_0.0  -0.62849  0.52968 1.00000
2_0.0 - 6_0.0   0.48888  0.62493 1.00000
2_1.0 - 6_0.0  -0.70245  0.48240 1.00000
3_0.0 - 6_0.0   0.73728  0.46095 1.00000
3_1.0 - 6_0.0  -0.72737  0.46700 1.00000
4_0.0 - 6_0.0  -0.58043  0.56162 1.00000
4_1.0 - 6_0.0  -0.85791  0.39094 1.00000
5_0.0 - 6_0.0   0.54993  0.58237 1.00000
5_1.0 - 6_0.0  -0.86133  0.38905 1.00000
0_0.0 - 6_1.0   2.37504  0.01755 1.00000
0_1.0 - 6_1.0   1.31965  0.18695 1.00000
1_0.0 - 6_1.0   2.41867  0.01558 1.00000
1_1.0 - 6_1.0   1.40932  0.15874 1.00000
2_0.0 - 6_1.0   2.36734  0.01792 1.00000
2_1.0 - 6_1.0   1.35201  0.17637 1.00000
3_0.0 - 6_1.0   2.56189  0.01041 1.00000
3_1.0 - 6_1.0   1.30355  0.19239 1.00000
4_0.0 - 6_1.0   1.25239  0.21043 1.00000
4_1.0 - 6_1.0   0.96478  0.33466 1.00000
5_0.0 - 6_1.0   2.41931  0.01555 1.00000
5_1.0 - 6_1.0   1.21652  0.22379 1.00000
6_0.0 - 6_1.0   1.48845  0.13663 1.00000
0_0.0 - 7_0.0  -0.25902  0.79562 1.00000
0_1.0 - 7_0.0  -1.58094  0.11389 1.00000
1_0.0 - 7_0.0  -0.19311  0.84687 1.00000
1_1.0 - 7_0.0  -1.45233  0.14641 1.00000
2_0.0 - 7_0.0  -0.26490  0.79109 1.00000
2_1.0 - 7_0.0  -1.53476  0.12484 1.00000
3_0.0 - 7_0.0   0.01063  0.99152 1.00000
3_1.0 - 7_0.0  -1.54433  0.12251 1.00000
4_0.0 - 7_0.0  -1.28554  0.19860 1.00000
4_1.0 - 7_0.0  -1.55353  0.12030 1.00000
5_0.0 - 7_0.0  -0.19979  0.84165 1.00000
5_1.0 - 7_0.0  -1.70407  0.08837 1.00000
6_0.0 - 7_0.0  -0.53919  0.58976 1.00000
6_1.0 - 7_0.0  -2.01949  0.04344 1.00000
0_0.0 - 7_1.0   3.43740  0.00059 0.08986
0_1.0 - 7_1.0   1.98133  0.04755 1.00000
1_0.0 - 7_1.0   3.48649  0.00049 0.07488
1_1.0 - 7_1.0   2.09683  0.03601 1.00000
2_0.0 - 7_1.0   3.42315  0.00062 0.09471
2_1.0 - 7_1.0   2.02324  0.04305 1.00000
3_0.0 - 7_1.0   3.65744  0.00025 0.03898
3_1.0 - 7_1.0   1.93310  0.05322 1.00000
4_0.0 - 7_1.0   1.73410  0.08290 1.00000
4_1.0 - 7_1.0   1.34566  0.17841 1.00000
5_0.0 - 7_1.0   3.49472  0.00047 0.07261
5_1.0 - 7_1.0   1.83647  0.06629 1.00000
6_0.0 - 7_1.0   1.85343  0.06382 1.00000
6_1.0 - 7_1.0   0.09479  0.92448 1.00000
7_0.0 - 7_1.0   2.50578  0.01222 1.00000
0_0.0 - 8_0.0  -0.71820  0.47264 1.00000
0_1.0 - 8_0.0  -7.53267  0.00000 0.00000
1_0.0 - 8_0.0  -0.33649  0.73650 1.00000
1_1.0 - 8_0.0  -5.98326  0.00000 0.00000
2_0.0 - 8_0.0  -0.71800  0.47276 1.00000
2_1.0 - 8_0.0  -6.92476  0.00000 0.00000
3_0.0 - 8_0.0   0.48902  0.62483 1.00000
3_1.0 - 8_0.0  -5.09228  0.00000 0.00005
4_0.0 - 8_0.0  -2.19504  0.02816 1.00000
4_1.0 - 8_0.0  -2.51892  0.01177 1.00000
5_0.0 - 8_0.0  -0.39430  0.69336 1.00000
5_1.0 - 8_0.0  -7.73224  0.00000 0.00000
6_0.0 - 8_0.0  -0.61640  0.53763 1.00000
6_1.0 - 8_0.0  -2.45959  0.01391 1.00000
7_0.0 - 8_0.0   0.11866  0.90554 1.00000
7_1.0 - 8_0.0  -3.51956  0.00043 0.06614
0_0.0 - 8_1.0   5.54696  0.00000 0.00000
0_1.0 - 8_1.0  -0.58907  0.55581 1.00000
1_0.0 - 8_1.0   5.27637  0.00000 0.00002
1_1.0 - 8_1.0  -0.03292  0.97374 1.00000
2_0.0 - 8_1.0   5.32011  0.00000 0.00002
2_1.0 - 8_1.0  -0.37410  0.70833 1.00000
3_0.0 - 8_1.0   5.13042  0.00000 0.00004
3_1.0 - 8_1.0  -0.41312  0.67952 1.00000
4_0.0 - 8_1.0  -0.06812  0.94569 1.00000
4_1.0 - 8_1.0  -0.58952  0.55551 1.00000
5_0.0 - 8_1.0   5.61035  0.00000 0.00000
5_1.0 - 8_1.0  -1.12255  0.26163 1.00000
6_0.0 - 8_1.0   0.61322  0.53973 1.00000
6_1.0 - 8_1.0  -1.40275  0.16069 1.00000
7_0.0 - 8_1.0   1.42385  0.15449 1.00000
7_1.0 - 8_1.0  -2.06964  0.03849 1.00000
8_0.0 - 8_1.0   4.72426  0.00000 0.00035

----------------------------------------------------------------------------------------

