----------------------------------------------------------------------------------------

Results for two way ANOVA between rs228697_rs10462023&sex and GAD7 are: 

                                    df       sum_sq   mean_sq           F        PR(>F)
C(rs228697_rs10462023)             8.0     0.382951  0.047869    1.892680  5.647415e-02
C(sex)                             1.0     3.504868  3.504868  138.578487  5.901230e-32
C(rs228697_rs10462023):C(sex)      8.0     0.248492  0.031061    1.228134  2.775413e-01
Residual                       60570.0  1531.910499  0.025292         NaN           NaN
----------------------------------------------------------------------------------------

Results for follow-up Tukey test between rs228697_rs10462023 & sex and GAD7 are: 

Main effect for rs228697_rs10462023:
 group1  group2     Diff     Lower    Upper  q-value  p-value
      2       1 0.002254 -0.004569 0.009077 1.449076 0.900000
      2       0 0.001678 -0.005392 0.008747 1.040964 0.900000
      2       3 0.000767 -0.006979 0.008513 0.434153 0.900000
      2       5 0.006961 -0.010556 0.024478 1.743212 0.900000
      2       7 0.001713 -0.009177 0.012603 0.690068 0.900000
      2       4 0.005206 -0.003492 0.013905 2.625514 0.624112
      2       6 0.010122 -0.017171 0.037416 1.626867 0.900000
      2       8 0.004484 -0.011621 0.020589 1.221411 0.900000
      1       0 0.003932 -0.001517 0.009380 3.165137 0.382715
      1       3 0.003021 -0.003281 0.009322 2.102577 0.848487
      1       5 0.009215 -0.007713 0.026143 2.387949 0.726044
      1       7 0.003967 -0.005948 0.013882 1.755135 0.900000
      1       4 0.007460  0.000018 0.014902 4.397578 0.048880
      1       6 0.007868 -0.019051 0.034788 1.282194 0.900000
      1       8 0.002230 -0.013232 0.017692 0.632731 0.900000
      0       3 0.000911 -0.005657 0.007479 0.608435 0.900000
      0       5 0.005283 -0.011745 0.022312 1.361030 0.900000
      0       7 0.000036 -0.010051 0.010122 0.015454 0.900000
      0       4 0.003529 -0.004140 0.011197 2.018649 0.884497
      0       6 0.011800 -0.015183 0.038783 1.918332 0.900000
      0       8 0.006162 -0.009411 0.021734 1.735742 0.900000
      3       5 0.006194 -0.011126 0.023515 1.568814 0.900000
      3       7 0.000946 -0.009625 0.011518 0.392756 0.900000
      3       4 0.004440 -0.003856 0.012736 2.347545 0.743380
      3       6 0.010889 -0.016279 0.038057 1.758173 0.900000
      3       8 0.005251 -0.010640 0.021142 1.449474 0.900000
      5       7 0.005248 -0.013689 0.024184 1.215672 0.900000
      5       4 0.001755 -0.016012 0.019522 0.433211 0.900000
      5       6 0.017083 -0.014301 0.048467 2.387817 0.726100
      5       8 0.011445 -0.010901 0.033792 2.246722 0.786638
      7       4 0.003493 -0.007795 0.014781 1.357517 0.900000
      7       6 0.011835 -0.016390 0.040061 1.839384 0.900000
      7       8 0.006197 -0.011441 0.023836 1.541260 0.900000
      4       6 0.015329 -0.012126 0.042784 2.449177 0.699773
      4       8 0.009691 -0.006686 0.026067 2.595746 0.636886
      6       8 0.005638 -0.024980 0.036256 0.807777 0.900000

Main effect for sex:
 group1  group2     Diff    Lower    Upper   q-value  p-value
    0.0     1.0 0.033492 0.030944 0.036039 36.439581    0.001

Interaction effect between rs228697_rs10462023 and sex:
  group1   group2     Diff     Lower    Upper   q-value  p-value
(2, 0.0) (2, 1.0) 0.034721  0.021660 0.047782 13.116572 0.001000
(2, 0.0) (1, 0.0) 0.002876 -0.007492 0.013244  1.368798 0.900000
(2, 0.0) (1, 1.0) 0.036691  0.025989 0.047394 16.915783 0.001000
(2, 0.0) (0, 0.0) 0.000296 -0.010430 0.011022  0.136030 0.900000
(2, 0.0) (0, 1.0) 0.031380  0.020215 0.042545 13.867815 0.001000
(2, 0.0) (3, 0.0) 0.000858 -0.010866 0.012582  0.361102 0.900000
(2, 0.0) (3, 1.0) 0.032992  0.020587 0.045397 13.122657 0.001000
(2, 0.0) (5, 0.0) 0.002536 -0.024300 0.029372  0.466362 0.900000
(2, 0.0) (5, 1.0) 0.022001 -0.006748 0.050750  3.775990 0.406335
(2, 0.0) (7, 0.0) 0.000240 -0.016302 0.016782  0.071621 0.900000
(2, 0.0) (7, 1.0) 0.030856  0.013067 0.048646  8.558737 0.001000
(2, 0.0) (4, 0.0) 0.008397 -0.004730 0.021524  3.156262 0.701394
(2, 0.0) (4, 1.0) 0.034978  0.020843 0.049112 12.210461 0.001000
(2, 0.0) (6, 0.0) 0.003410 -0.039330 0.046151  0.393707 0.900000
(2, 0.0) (6, 1.0) 0.049699  0.005744 0.093655  5.578947 0.009879
(2, 0.0) (8, 0.0) 0.010710 -0.013953 0.035372  2.142717 0.900000
(2, 0.0) (8, 1.0) 0.031362  0.004963 0.057760  5.861823 0.004436
(2, 1.0) (1, 0.0) 0.031845  0.020742 0.042947 14.152746 0.001000
(2, 1.0) (1, 1.0) 0.001970 -0.009445 0.013386  0.851646 0.900000
(2, 1.0) (0, 0.0) 0.034425  0.022988 0.045863 14.851189 0.001000
(2, 1.0) (0, 1.0) 0.003341 -0.008509 0.015191  1.391188 0.900000
(2, 1.0) (3, 0.0) 0.033863  0.021485 0.046241 13.498855 0.001000
(2, 1.0) (3, 1.0) 0.001729 -0.011296 0.014754  0.655004 0.900000
(2, 1.0) (5, 0.0) 0.037257  0.010129 0.064386  6.776547 0.001000
(2, 1.0) (5, 1.0) 0.012720 -0.016302 0.041742  2.162615 0.900000
(2, 1.0) (7, 0.0) 0.034481  0.017469 0.051493 10.000864 0.001000
(2, 1.0) (7, 1.0) 0.003864 -0.014362 0.022091  1.046143 0.900000
(2, 1.0) (4, 0.0) 0.043118  0.029403 0.056833 15.512837 0.001000
(2, 1.0) (4, 1.0) 0.000257 -0.014425 0.014939  0.086394 0.900000
(2, 1.0) (6, 0.0) 0.031311 -0.011614 0.074235  3.599193 0.496385
(2, 1.0) (6, 1.0) 0.014978 -0.029156 0.059113  1.674570 0.900000
(2, 1.0) (8, 0.0) 0.024011 -0.000969 0.048991  4.742767 0.076925
(2, 1.0) (8, 1.0) 0.003359 -0.023336 0.030055  0.620913 0.900000
(1, 0.0) (1, 1.0) 0.033815  0.025617 0.042013 20.352503 0.001000
(1, 0.0) (0, 0.0) 0.002580 -0.005648 0.010809  1.547324 0.900000
(1, 0.0) (0, 1.0) 0.028504  0.019710 0.037297 15.994469 0.001000
(1, 0.0) (3, 0.0) 0.002018 -0.007474 0.011511  1.049067 0.900000
(1, 0.0) (3, 1.0) 0.030116  0.019793 0.040438 14.395658 0.001000
(1, 0.0) (5, 0.0) 0.005413 -0.020526 0.031352  1.029600 0.900000
(1, 0.0) (5, 1.0) 0.019125 -0.008789 0.047038  3.380592 0.597588
(1, 0.0) (7, 0.0) 0.002636 -0.012407 0.017679  0.864615 0.900000
(1, 0.0) (7, 1.0) 0.027980  0.011576 0.044385  8.415908 0.001000
(1, 0.0) (4, 0.0) 0.011273  0.000094 0.022453  4.975479 0.045560
(1, 0.0) (4, 1.0) 0.032102  0.019755 0.044449 12.828856 0.001000
(1, 0.0) (6, 0.0) 0.000534 -0.041649 0.042717  0.062480 0.900000
(1, 0.0) (6, 1.0) 0.046823  0.003409 0.090237  5.321682 0.019565
(1, 0.0) (8, 0.0) 0.007834 -0.015850 0.031517  1.632083 0.900000
(1, 0.0) (8, 1.0) 0.028485  0.002999 0.053972  5.514832 0.011766
(1, 1.0) (0, 0.0) 0.036396  0.027749 0.045042 20.769280 0.001000
(1, 1.0) (0, 1.0) 0.005311 -0.003874 0.014497  2.853188 0.841640
(1, 1.0) (3, 0.0) 0.035833  0.025976 0.045690 17.937703 0.001000
(1, 1.0) (3, 1.0) 0.003699 -0.006959 0.014358  1.712590 0.900000
(1, 1.0) (5, 0.0) 0.039228  0.013153 0.065302  7.423218 0.001000
(1, 1.0) (5, 1.0) 0.014690 -0.013349 0.042730  2.585101 0.900000
(1, 1.0) (7, 0.0) 0.036451  0.021175 0.051727 11.773848 0.001000
(1, 1.0) (7, 1.0) 0.005835 -0.010783 0.022453  1.732427 0.900000
(1, 1.0) (4, 0.0) 0.045088  0.033598 0.056579 19.361234 0.001000
(1, 1.0) (4, 1.0) 0.001713 -0.010916 0.014343  0.669362 0.900000
(1, 1.0) (6, 0.0) 0.033281 -0.008985 0.075547  3.885241 0.348955
(1, 1.0) (6, 1.0) 0.013008 -0.030487 0.056503  1.475679 0.900000
(1, 1.0) (8, 0.0) 0.025981  0.002149 0.049813  5.379243 0.016865
(1, 1.0) (8, 1.0) 0.005330 -0.020295 0.030954  1.026277 0.900000
(0, 0.0) (0, 1.0) 0.031084  0.021871 0.040297 16.648032 0.001000
(0, 0.0) (3, 0.0) 0.000562 -0.009320 0.010445  0.280737 0.900000
(0, 0.0) (3, 1.0) 0.032696  0.022014 0.043378 15.102853 0.001000
(0, 0.0) (5, 0.0) 0.002832 -0.023252 0.028916  0.535739 0.900000
(0, 0.0) (5, 1.0) 0.021705 -0.006344 0.049754  3.818261 0.383862
(0, 0.0) (7, 0.0) 0.000056 -0.015237 0.015348  0.017937 0.900000
(0, 0.0) (7, 1.0) 0.030561  0.013927 0.047194  9.065676 0.001000
(0, 0.0) (4, 0.0) 0.008693 -0.002820 0.020205  3.725630 0.433009
(0, 0.0) (4, 1.0) 0.034682  0.022033 0.047331 13.528885 0.001000
(0, 0.0) (6, 0.0) 0.003115 -0.039158 0.045387  0.363549 0.900000
(0, 0.0) (6, 1.0) 0.049404  0.005903 0.092905  5.603742 0.009232
(0, 0.0) (8, 0.0) 0.010414 -0.013428 0.034257  2.155227 0.900000
(0, 0.0) (8, 1.0) 0.031066  0.005432 0.056700  5.979735 0.003129
(0, 1.0) (3, 0.0) 0.030522  0.020165 0.040879 14.540827 0.001000
(0, 1.0) (3, 1.0) 0.001612 -0.009511 0.012735  0.715132 0.900000
(0, 1.0) (5, 0.0) 0.033916  0.007648 0.060184  6.370904 0.001000
(0, 1.0) (5, 1.0) 0.009379 -0.018841 0.037598  1.639923 0.900000
(0, 1.0) (7, 0.0) 0.031140  0.015536 0.046743  9.847125 0.001000
(0, 1.0) (7, 1.0) 0.000523 -0.016396 0.017443  0.152611 0.900000
(0, 1.0) (4, 0.0) 0.039777  0.027854 0.051699 16.461684 0.001000
(0, 1.0) (4, 1.0) 0.003598 -0.009425 0.016622  1.363247 0.900000
(0, 1.0) (6, 0.0) 0.027969 -0.014416 0.070355  3.255976 0.655254
(0, 1.0) (6, 1.0) 0.018320 -0.025292 0.061931  2.072692 0.900000
(0, 1.0) (8, 0.0) 0.020670 -0.003373 0.044713  4.241949 0.200216
(0, 1.0) (8, 1.0) 0.000018 -0.025803 0.025839  0.003481 0.900000
(3, 0.0) (3, 1.0) 0.032134  0.020451 0.043817 13.571069 0.001000
(3, 0.0) (5, 0.0) 0.003394 -0.023116 0.029904  0.631786 0.900000
(3, 0.0) (5, 1.0) 0.021143 -0.007302 0.049588  3.667520 0.462993
(3, 0.0) (7, 0.0) 0.000618 -0.015390 0.016626  0.190445 0.900000
(3, 0.0) (7, 1.0) 0.029998  0.012705 0.047292  8.559230 0.001000
(3, 0.0) (4, 0.0) 0.009255 -0.003192 0.021702  3.668769 0.462361
(3, 0.0) (4, 1.0) 0.034120  0.020615 0.047625 12.465766 0.001000
(3, 0.0) (6, 0.0) 0.002552 -0.039984 0.045089  0.296070 0.900000
(3, 0.0) (6, 1.0) 0.048841  0.005084 0.092599  5.507474 0.012000
(3, 0.0) (8, 0.0) 0.009852 -0.014456 0.034159  1.999856 0.900000
(3, 0.0) (8, 1.0) 0.030504  0.004436 0.056571  5.773946 0.005722
(3, 1.0) (5, 0.0) 0.035528  0.008710 0.062347  6.536696 0.001000
(3, 1.0) (5, 1.0) 0.010991 -0.017742 0.039724  1.887465 0.900000
(3, 1.0) (7, 0.0) 0.032752  0.016238 0.049265  9.786096 0.001000
(3, 1.0) (7, 1.0) 0.002135 -0.015627 0.019898  0.593178 0.900000
(3, 1.0) (4, 0.0) 0.041389  0.028298 0.054480 15.599864 0.001000
(3, 1.0) (4, 1.0) 0.001986 -0.012115 0.016087  0.694981 0.900000
(3, 1.0) (6, 0.0) 0.029582 -0.013148 0.072311  3.415961 0.581223
(3, 1.0) (6, 1.0) 0.016708 -0.027238 0.060653  1.875942 0.900000
(3, 1.0) (8, 0.0) 0.022282 -0.002362 0.046925  4.461376 0.134083
(3, 1.0) (8, 1.0) 0.001630 -0.024751 0.028011  0.304922 0.900000
(5, 0.0) (5, 1.0) 0.024537 -0.012770 0.061845  3.245235 0.660223
(5, 0.0) (7, 0.0) 0.002777 -0.026189 0.031742  0.472983 0.900000
(5, 0.0) (7, 1.0) 0.033393  0.003698 0.063088  5.548665 0.010732
(5, 0.0) (4, 0.0) 0.005861 -0.021299 0.033021  1.064711 0.900000
(5, 0.0) (4, 1.0) 0.037514  0.009854 0.065175  6.691904 0.001000
(5, 0.0) (6, 0.0) 0.005947 -0.042962 0.054856  0.599942 0.900000
(5, 0.0) (6, 1.0) 0.052236  0.002261 0.102210  5.157475 0.029529
(5, 0.0) (8, 0.0) 0.013246 -0.021011 0.047504  1.907904 0.900000
(5, 0.0) (8, 1.0) 0.033898 -0.001630 0.069426  4.707844 0.082811
(5, 1.0) (7, 0.0) 0.021761 -0.008985 0.052507  3.492202 0.545942
(5, 1.0) (7, 1.0) 0.008856 -0.022579 0.040290  1.390050 0.900000
(5, 1.0) (4, 0.0) 0.030398  0.001346 0.059450  5.162825 0.029141
(5, 1.0) (4, 1.0) 0.012977 -0.016543 0.042498  2.169062 0.900000
(5, 1.0) (6, 0.0) 0.018590 -0.031394 0.068575  1.835170 0.900000
(5, 1.0) (6, 1.0) 0.027699 -0.023329 0.078726  2.678375 0.900000
(5, 1.0) (8, 0.0) 0.011291 -0.024485 0.047067  1.557233 0.900000
(5, 1.0) (8, 1.0) 0.009361 -0.027633 0.046355  1.248517 0.900000
(7, 0.0) (7, 1.0) 0.030616  0.009753 0.051479  7.240936 0.001000
(7, 0.0) (4, 0.0) 0.008637 -0.008425 0.025700  2.497709 0.900000
(7, 0.0) (4, 1.0) 0.034738  0.016889 0.052587  9.602865 0.001000
(7, 0.0) (6, 0.0) 0.003170 -0.040938 0.047278  0.354636 0.900000
(7, 0.0) (6, 1.0) 0.049459  0.004172 0.094746  5.388778 0.016452
(7, 0.0) (8, 0.0) 0.010470 -0.016494 0.037434  1.915897 0.900000
(7, 0.0) (8, 1.0) 0.031121  0.002561 0.059682  5.376645 0.016977
(7, 1.0) (4, 0.0) 0.039254  0.020979 0.057528 10.598854 0.001000
(7, 1.0) (4, 1.0) 0.004122 -0.014889 0.023132  1.069735 0.900000
(7, 1.0) (6, 0.0) 0.027446 -0.017145 0.072037  3.037053 0.756558
(7, 1.0) (6, 1.0) 0.018843 -0.026914 0.064600  2.031910 0.900000
(7, 1.0) (8, 0.0) 0.020147 -0.007600 0.047893  3.582708 0.504065
(7, 1.0) (8, 1.0) 0.000505 -0.028795 0.029805  0.085059 0.900000
(4, 0.0) (4, 1.0) 0.043375  0.028635 0.058115 14.519484 0.001000
(4, 0.0) (6, 0.0) 0.011807 -0.031137 0.054752  1.356635 0.900000
(4, 0.0) (6, 1.0) 0.058096  0.013942 0.102251  6.492225 0.001000
(4, 0.0) (8, 0.0) 0.019107 -0.005908 0.044122  3.768893 0.410116
(4, 0.0) (8, 1.0) 0.039759  0.013031 0.066487  7.339779 0.001000
(4, 1.0) (6, 0.0) 0.031568 -0.011695 0.074831  3.600341 0.495847
(4, 1.0) (6, 1.0) 0.014721 -0.029743 0.059186  1.633638 0.900000
(4, 1.0) (8, 0.0) 0.024268 -0.001290 0.049826  4.685232 0.086760
(4, 1.0) (8, 1.0) 0.003616 -0.023620 0.030853  0.655146 0.900000
(6, 0.0) (6, 1.0) 0.046289 -0.013744 0.106322  3.804545 0.391143
(6, 0.0) (8, 0.0) 0.007300 -0.040451 0.055050  0.754285 0.900000
(6, 0.0) (8, 1.0) 0.027951 -0.020719 0.076621  2.833710 0.850652
(6, 1.0) (8, 0.0) 0.038989 -0.009852 0.087831  3.938881 0.322522
(6, 1.0) (8, 1.0) 0.018338 -0.031403 0.068079  1.819071 0.900000
(8, 0.0) (8, 1.0) 0.020652 -0.013264 0.054568  3.004460 0.771638

----------------------------------------------------------------------------------------

Results for Shapiro-Wilk test to check for normality are: 

w is: 0.7210679054260254/ p-value is: 0.0
----------------------------------------------------------------------------------------

Results for Levene's test to check for equality of variance are: 

              Parameter   Value
    Test statistics (W) 39.8171
Degrees of freedom (Df) 17.0000
                p value  0.0000
----------------------------------------------------------------------------------------

Results for the scheirer Ray Hare Test -- to be used if ANOVA assumptions are violated: 

                            Df        Sum Sq           H   p.value
rs228697_rs10462023          8  3.672113e+09   13.875417  0.085071
sex                          1  2.190116e+11  827.555501  0.000000
rs228697_rs10462023:sex      8  2.327693e+09    8.795403  0.359849
Residuals                60570  1.580903e+13         NaN       NaN
----------------------------------------------------------------------------------------

Results for follow-up Dunn's test between rs228697_rs10462023 & sex and GAD7 are: 

   Comparison         Z  P.unadj   P.adj
0_0.0 - 0_1.0  13.75204  0.00000 0.00000
0_0.0 - 1_0.0   0.95319  0.34049 1.00000
0_1.0 - 1_0.0 -13.51628  0.00000 0.00000
0_0.0 - 1_1.0  16.46618  0.00000 0.00000
0_1.0 - 1_1.0   1.70715  0.08779 1.00000
1_0.0 - 1_1.0  16.41032  0.00000 0.00000
0_0.0 - 2_0.0   0.08668  0.93092 1.00000
0_1.0 - 2_0.0 -11.26423  0.00000 0.00000
1_0.0 - 2_0.0  -0.66684  0.50487 1.00000
1_1.0 - 2_0.0 -13.21611  0.00000 0.00000
0_0.0 - 2_1.0  10.73493  0.00000 0.00000
0_1.0 - 2_1.0  -0.33028  0.74119 1.00000
1_0.0 - 2_1.0  10.35256  0.00000 0.00000
1_1.0 - 2_1.0  -1.71651  0.08607 1.00000
2_0.0 - 2_1.0   9.32916  0.00000 0.00000
0_0.0 - 3_0.0   0.50590  0.61293 1.00000
0_1.0 - 3_0.0 -11.74996  0.00000 0.00000
1_0.0 - 3_0.0  -0.29962  0.76447 1.00000
1_1.0 - 3_0.0 -13.93720  0.00000 0.00000
2_0.0 - 3_0.0   0.34714  0.72849 1.00000
2_1.0 - 3_0.0  -9.51553  0.00000 0.00000
0_0.0 - 3_1.0  13.03554  0.00000 0.00000
0_1.0 - 3_1.0   1.12843  0.25914 1.00000
1_0.0 - 3_1.0  12.72993  0.00000 0.00000
1_1.0 - 3_1.0  -0.29363  0.76904 1.00000
2_0.0 - 3_1.0  11.14993  0.00000 0.00000
2_1.0 - 3_1.0   1.26410  0.20620 1.00000
3_0.0 - 3_1.0  11.49047  0.00000 0.00000
0_0.0 - 4_0.0  -1.62386  0.10441 1.00000
0_1.0 - 4_0.0 -12.19442  0.00000 0.00000
1_0.0 - 4_0.0  -2.37381  0.01761 1.00000
1_1.0 - 4_0.0 -14.01745  0.00000 0.00000
2_0.0 - 4_0.0  -1.49497  0.13492 1.00000
2_1.0 - 4_0.0 -10.31570  0.00000 0.00000
3_0.0 - 4_0.0  -1.90358  0.05697 1.00000
3_1.0 - 4_0.0 -12.06466  0.00000 0.00000
0_0.0 - 4_1.0  10.01174  0.00000 0.00000
0_1.0 - 4_1.0  -0.00419  0.99665 1.00000
1_0.0 - 4_1.0   9.62157  0.00000 0.00000
1_1.0 - 4_1.0  -1.24596  0.21278 1.00000
2_0.0 - 4_1.0   8.89390  0.00000 0.00000
2_1.0 - 4_1.0   0.26286  0.79266 1.00000
3_0.0 - 4_1.0   9.00684  0.00000 0.00000
3_1.0 - 4_1.0  -0.89396  0.37134 1.00000
4_0.0 - 4_1.0   9.85974  0.00000 0.00000
0_0.0 - 5_0.0   1.40705  0.15941 1.00000
0_1.0 - 5_0.0  -3.42598  0.00061 0.09372
1_0.0 - 5_0.0   1.11255  0.26590 1.00000
1_1.0 - 5_0.0  -4.05276  0.00005 0.00774
2_0.0 - 5_0.0   1.33299  0.18253 1.00000
2_1.0 - 5_0.0  -3.17305  0.00151 0.23079
3_0.0 - 5_0.0   1.19587  0.23175 1.00000
3_1.0 - 5_0.0  -3.82365  0.00013 0.02012
4_0.0 - 5_0.0   2.03965  0.04138 1.00000
4_1.0 - 5_0.0  -3.25147  0.00115 0.17566
0_0.0 - 5_1.0   3.24297  0.00118 0.18098
0_1.0 - 5_1.0  -1.26628  0.20541 1.00000
1_0.0 - 5_1.0   2.97767  0.00290 0.44439
1_1.0 - 5_1.0  -1.83363  0.06671 1.00000
2_0.0 - 5_1.0   3.13162  0.00174 0.26598
2_1.0 - 5_1.0  -1.09640  0.27290 1.00000
3_0.0 - 5_1.0   3.02202  0.00251 0.38417
3_1.0 - 5_1.0  -1.68049  0.09286 1.00000
4_0.0 - 5_1.0   3.77451  0.00016 0.02453
4_1.0 - 5_1.0  -1.20862  0.22681 1.00000
5_0.0 - 5_1.0   1.45438  0.14584 1.00000
0_0.0 - 6_0.0   0.01982  0.98419 1.00000
0_1.0 - 6_0.0  -2.96932  0.00298 0.45664
1_0.0 - 6_0.0  -0.16608  0.86809 1.00000
1_1.0 - 6_0.0  -3.34872  0.00081 0.12421
2_0.0 - 6_0.0  -0.00215  0.99828 1.00000
2_1.0 - 6_0.0  -2.84089  0.00450 0.68831
3_0.0 - 6_0.0  -0.09784  0.92206 1.00000
3_1.0 - 6_0.0  -3.23920  0.00120 0.18339
4_0.0 - 6_0.0   0.45484  0.64923 1.00000
4_1.0 - 6_0.0  -2.90786  0.00364 0.55679
5_0.0 - 6_0.0  -0.73329  0.46338 1.00000
5_1.0 - 6_0.0  -1.80304  0.07138 1.00000
0_0.0 - 6_1.0   4.94759  0.00000 0.00011
0_1.0 - 6_1.0   2.02997  0.04236 1.00000
1_0.0 - 6_1.0   4.77683  0.00000 0.00027
1_1.0 - 6_1.0   1.67487  0.09396 1.00000
2_0.0 - 6_1.0   4.87524  0.00000 0.00017
2_1.0 - 6_1.0   2.09457  0.03621 1.00000
3_0.0 - 6_1.0   4.80432  0.00000 0.00024
3_1.0 - 6_1.0   1.72894  0.08382 1.00000
4_0.0 - 6_1.0   5.29777  0.00000 0.00002
4_1.0 - 6_1.0   1.99226  0.04634 1.00000
5_0.0 - 6_1.0   3.57227  0.00035 0.05415
5_1.0 - 6_1.0   2.43523  0.01488 1.00000
6_0.0 - 6_1.0   3.57112  0.00036 0.05438
0_0.0 - 7_0.0  -0.95657  0.33878 1.00000
0_1.0 - 7_0.0  -9.05716  0.00000 0.00000
1_0.0 - 7_0.0  -1.49380  0.13523 1.00000
1_1.0 - 7_0.0 -10.27784  0.00000 0.00000
2_0.0 - 7_0.0  -0.94051  0.34695 1.00000
2_1.0 - 7_0.0  -8.07718  0.00000 0.00000
3_0.0 - 7_0.0  -1.22613  0.22015 1.00000
3_1.0 - 7_0.0  -9.31805  0.00000 0.00000
4_0.0 - 7_0.0   0.23833  0.81162 1.00000
4_1.0 - 7_0.0  -7.91455  0.00000 0.00000
5_0.0 - 7_0.0  -1.77214  0.07637 1.00000
5_1.0 - 7_0.0  -3.43424  0.00059 0.09092
6_0.0 - 7_0.0  -0.35064  0.72586 1.00000
6_1.0 - 7_0.0  -5.07546  0.00000 0.00006
0_0.0 - 7_1.0   6.81883  0.00000 0.00000
0_1.0 - 7_1.0  -0.78456  0.43271 1.00000
1_0.0 - 7_1.0   6.43576  0.00000 0.00000
1_1.0 - 7_1.0  -1.74239  0.08144 1.00000
2_0.0 - 7_1.0   6.32357  0.00000 0.00000
2_1.0 - 7_1.0  -0.51357  0.60755 1.00000
3_0.0 - 7_1.0   6.26947  0.00000 0.00000
3_1.0 - 7_1.0  -1.45395  0.14596 1.00000
4_0.0 - 7_1.0   7.22963  0.00000 0.00000
4_1.0 - 7_1.0  -0.69540  0.48680 1.00000
5_0.0 - 7_1.0   2.58355  0.00978 1.00000
5_1.0 - 7_1.0   0.71447  0.47494 1.00000
6_0.0 - 7_1.0   2.52479  0.01158 1.00000
6_1.0 - 7_1.0  -2.22487  0.02609 1.00000
7_0.0 - 7_1.0   6.13761  0.00000 0.00000
0_0.0 - 8_0.0   0.80303  0.42196 1.00000
0_1.0 - 8_0.0  -4.47317  0.00001 0.00118
1_0.0 - 8_0.0   0.47724  0.63319 1.00000
1_1.0 - 8_0.0  -5.17080  0.00000 0.00004
2_0.0 - 8_0.0   0.73863  0.46013 1.00000
2_1.0 - 8_0.0  -4.14868  0.00003 0.00512
3_0.0 - 8_0.0   0.58199  0.56057 1.00000
3_1.0 - 8_0.0  -4.87351  0.00000 0.00017
4_0.0 - 8_0.0   1.51276  0.13034 1.00000
4_1.0 - 8_0.0  -4.20594  0.00003 0.00398
5_0.0 - 8_0.0  -0.51246  0.60833 1.00000
5_1.0 - 8_0.0  -2.00735  0.04471 1.00000
6_0.0 - 8_0.0   0.38342  0.70141 1.00000
6_1.0 - 8_0.0  -4.01456  0.00006 0.00911
7_0.0 - 8_0.0   1.25258  0.21036 1.00000
7_1.0 - 8_0.0  -3.39771  0.00068 0.10397
0_0.0 - 8_1.0   4.74180  0.00000 0.00032
0_1.0 - 8_1.0  -0.19918  0.84212 1.00000
1_0.0 - 8_1.0   4.46155  0.00001 0.00124
1_1.0 - 8_1.0  -0.81266  0.41641 1.00000
2_0.0 - 8_1.0   4.56925  0.00000 0.00075
2_1.0 - 8_1.0  -0.04604  0.96328 1.00000
3_0.0 - 8_1.0   4.47122  0.00001 0.00119
3_1.0 - 8_1.0  -0.67073  0.50240 1.00000
4_0.0 - 8_1.0   5.24720  0.00000 0.00002
4_1.0 - 8_1.0  -0.18682  0.85180 1.00000
5_0.0 - 8_1.0   2.38827  0.01693 1.00000
5_1.0 - 8_1.0   0.82690  0.40829 1.00000
6_0.0 - 8_1.0   2.48025  0.01313 1.00000
6_1.0 - 8_1.0  -1.88320  0.05967 1.00000
7_0.0 - 8_1.0   4.76813  0.00000 0.00028
7_1.0 - 8_1.0   0.27753  0.78138 1.00000
8_0.0 - 8_1.0   3.01939  0.00253 0.38753

----------------------------------------------------------------------------------------

