----------------------------------------------------------------------------------------

Results for two way ANOVA between rs228697_rs10838524&sex and GAD7 are: 

                                    df       sum_sq   mean_sq           F        PR(>F)
C(rs228697_rs10838524)             8.0     0.196767  0.024596    0.972283  4.554358e-01
C(sex)                             1.0     2.872680  2.872680  113.558093  1.718907e-26
C(rs228697_rs10838524):C(sex)      8.0     0.189953  0.023744    0.938612  4.828583e-01
Residual                       60570.0  1532.239723  0.025297         NaN           NaN
----------------------------------------------------------------------------------------

Results for follow-up Tukey test between rs228697_rs10838524 & sex and GAD7 are: 

Main effect for rs228697_rs10838524:
 group1  group2     Diff     Lower    Upper  q-value  p-value
      7       1 0.001461 -0.005766 0.008688 0.886856 0.900000
      7       0 0.001384 -0.007067 0.009836 0.718499 0.900000
      7       3 0.002100 -0.005976 0.010177 1.140829 0.900000
      7       8 0.001510 -0.014151 0.017170 0.422877 0.900000
      7       4 0.002393 -0.005314 0.010100 1.362213 0.900000
      7       2 0.005232 -0.005054 0.015518 2.231412 0.793207
      7       6 0.004362 -0.015587 0.024311 0.959245 0.900000
      7       5 0.000047 -0.024119 0.024213 0.008539 0.900000
      1       0 0.000077 -0.006605 0.006759 0.050388 0.900000
      1       3 0.000639 -0.005562 0.006840 0.452323 0.900000
      1       8 0.002971 -0.011810 0.017751 0.881644 0.900000
      1       4 0.000932 -0.004779 0.006644 0.716017 0.900000
      1       2 0.003771 -0.005118 0.012661 1.860965 0.900000
      1       6 0.002901 -0.016365 0.022167 0.660589 0.900000
      1       5 0.001508 -0.022098 0.025114 0.280240 0.900000
      0       3 0.000716 -0.006877 0.008309 0.413743 0.900000
      0       8 0.002894 -0.012523 0.018310 0.823441 0.900000
      0       4 0.001009 -0.006190 0.008208 0.614856 0.900000
      0       2 0.003848 -0.006063 0.013759 1.703169 0.900000
      0       6 0.002978 -0.016780 0.022736 0.661179 0.900000
      0       5 0.001431 -0.022578 0.025440 0.261510 0.900000
      3       8 0.003610 -0.011604 0.018824 1.040877 0.900000
      3       4 0.000293 -0.006462 0.007047 0.190183 0.900000
      3       2 0.003132 -0.006461 0.012725 1.432094 0.900000
      3       6 0.002262 -0.017339 0.021863 0.506212 0.900000
      3       5 0.002147 -0.021732 0.026027 0.394485 0.900000
      8       4 0.003903 -0.011118 0.018924 1.139763 0.900000
      8       2 0.006742 -0.009752 0.023236 1.793073 0.900000
      8       6 0.005872 -0.017881 0.029625 1.084422 0.900000
      8       5 0.001463 -0.025928 0.028853 0.234240 0.900000
      4       2 0.002839 -0.006445 0.012123 1.341385 0.900000
      4       6 0.001969 -0.017482 0.021420 0.444056 0.900000
      4       5 0.002440 -0.021317 0.026197 0.450590 0.900000
      2       6 0.000870 -0.019740 0.021480 0.185171 0.900000
      2       5 0.005279 -0.019435 0.029994 0.937043 0.900000
      6       5 0.004409 -0.025640 0.034459 0.643682 0.900000

Main effect for sex:
 group1  group2     Diff    Lower   Upper   q-value  p-value
    0.0     1.0 0.033492 0.030944 0.03604 36.435666    0.001

Interaction effect between rs228697_rs10838524 and sex:
  group1   group2     Diff     Lower    Upper   q-value  p-value
(7, 0.0) (7, 1.0) 0.028315  0.014067 0.042563  9.805759 0.001000
(7, 0.0) (1, 0.0) 0.003017 -0.007844 0.013879  1.370672 0.900000
(7, 0.0) (1, 1.0) 0.028332  0.017148 0.039517 12.499192 0.001000
(7, 0.0) (0, 0.0) 0.006282 -0.006424 0.018988  2.439561 0.900000
(7, 0.0) (0, 1.0) 0.032797  0.019374 0.046219 12.056233 0.001000
(7, 0.0) (3, 0.0) 0.005284 -0.006903 0.017471  2.139247 0.900000
(7, 0.0) (3, 1.0) 0.029086  0.016409 0.041764 11.320852 0.001000
(7, 0.0) (8, 0.0) 0.002475 -0.021825 0.026775  0.502487 0.900000
(7, 0.0) (8, 1.0) 0.026263  0.001160 0.051366  5.162247 0.029182
(7, 0.0) (4, 0.0) 0.005839 -0.005746 0.017423  2.486762 0.900000
(7, 0.0) (4, 1.0) 0.029880  0.017811 0.041950 12.215638 0.001000
(7, 0.0) (2, 0.0) 0.009145 -0.006334 0.024624  2.915031 0.813023
(7, 0.0) (2, 1.0) 0.027677  0.010997 0.044356  8.187149 0.001000
(7, 0.0) (6, 0.0) 0.003261 -0.027316 0.033838  0.526303 0.900000
(7, 0.0) (6, 1.0) 0.021109 -0.011549 0.053767  3.189306 0.686103
(7, 0.0) (5, 0.0) 0.002374 -0.033503 0.038252  0.326527 0.900000
(7, 0.0) (5, 1.0) 0.032511 -0.008838 0.073859  3.879547 0.351862
(7, 1.0) (1, 0.0) 0.031332  0.019371 0.043294 12.924640 0.001000
(7, 1.0) (1, 1.0) 0.000017 -0.012238 0.012273  0.007001 0.900000
(7, 1.0) (0, 0.0) 0.034597  0.020939 0.048255 12.498667 0.001000
(7, 1.0) (0, 1.0) 0.004482 -0.009845 0.018809  1.543497 0.900000
(7, 1.0) (3, 0.0) 0.033599  0.020422 0.046776 12.581400 0.001000
(7, 1.0) (3, 1.0) 0.000771 -0.012860 0.014403  0.279251 0.900000
(7, 1.0) (8, 0.0) 0.025840  0.001029 0.050651  5.138877 0.030910
(7, 1.0) (8, 1.0) 0.002052 -0.023546 0.027650  0.395525 0.900000
(7, 1.0) (4, 0.0) 0.034154  0.021532 0.046776 13.351420 0.001000
(7, 1.0) (4, 1.0) 0.001566 -0.011503 0.014634  0.591096 0.900000
(7, 1.0) (2, 0.0) 0.037460  0.021190 0.053730 11.360469 0.001000
(7, 1.0) (2, 1.0) 0.000638 -0.016778 0.018055  0.180887 0.900000
(7, 1.0) (6, 0.0) 0.031576  0.000592 0.062561  5.028424 0.040303
(7, 1.0) (6, 1.0) 0.007206 -0.025834 0.040246  1.076115 0.900000
(7, 1.0) (5, 0.0) 0.030689 -0.005536 0.066915  4.180121 0.222450
(7, 1.0) (5, 1.0) 0.004196 -0.037455 0.045847  0.497041 0.900000
(1, 0.0) (1, 1.0) 0.031350  0.023277 0.039422 19.161253 0.001000
(1, 0.0) (0, 0.0) 0.003265 -0.006811 0.013340  1.598821 0.900000
(1, 0.0) (0, 1.0) 0.035814  0.024849 0.046780 16.115395 0.001000
(1, 0.0) (3, 0.0) 0.002266 -0.007146 0.011679  1.188094 0.900000
(1, 0.0) (3, 1.0) 0.032104  0.022064 0.042143 15.778266 0.001000
(1, 0.0) (8, 0.0) 0.005492 -0.017542 0.028526  1.176446 0.900000
(1, 0.0) (8, 1.0) 0.029280  0.005401 0.053160  6.050170 0.002530
(1, 0.0) (4, 0.0) 0.002821 -0.005798 0.011440  1.615162 0.900000
(1, 0.0) (4, 1.0) 0.032898  0.023638 0.042158 17.529469 0.001000
(1, 0.0) (2, 0.0) 0.006128 -0.007277 0.019532  2.255539 0.900000
(1, 0.0) (2, 1.0) 0.030694  0.015919 0.045469 10.250429 0.001000
(1, 0.0) (6, 0.0) 0.000244 -0.029337 0.029825  0.040733 0.900000
(1, 0.0) (6, 1.0) 0.024126 -0.007601 0.055854  3.752103 0.419036
(1, 0.0) (5, 0.0) 0.000643 -0.034389 0.035675  0.090572 0.900000
(1, 0.0) (5, 1.0) 0.035528 -0.005090 0.076146  4.315912 0.175691
(1, 1.0) (0, 0.0) 0.034614  0.024192 0.045037 16.386579 0.001000
(1, 1.0) (0, 1.0) 0.004464 -0.006821 0.015750  1.951928 0.900000
(1, 1.0) (3, 0.0) 0.033616  0.023833 0.043400 16.953739 0.001000
(1, 1.0) (3, 1.0) 0.000754 -0.009634 0.011142  0.358187 0.900000
(1, 1.0) (8, 0.0) 0.025858  0.002670 0.049046  5.502297 0.012171
(1, 1.0) (8, 1.0) 0.002069 -0.021959 0.026097  0.424938 0.900000
(1, 1.0) (4, 0.0) 0.034171  0.025149 0.043193 18.687602 0.001000
(1, 1.0) (4, 1.0) 0.001548 -0.008089 0.011185  0.792669 0.900000
(1, 1.0) (2, 0.0) 0.037477  0.023810 0.051145 13.529878 0.001000
(1, 1.0) (2, 1.0) 0.000656 -0.014358 0.015670  0.215546 0.900000
(1, 1.0) (6, 0.0) 0.031594  0.001893 0.061295  5.248667 0.023531
(1, 1.0) (6, 1.0) 0.007223 -0.024616 0.039063  1.119396 0.900000
(1, 1.0) (5, 0.0) 0.030707 -0.004427 0.065840  4.312463 0.176781
(1, 1.0) (5, 1.0) 0.004178 -0.036527 0.044883  0.506484 0.900000
(0, 0.0) (0, 1.0) 0.039079  0.026284 0.051874 15.070374 0.001000
(0, 0.0) (3, 0.0) 0.000998 -0.010494 0.012490  0.428625 0.900000
(0, 0.0) (3, 1.0) 0.035369  0.023358 0.047379 14.529991 0.001000
(0, 0.0) (8, 0.0) 0.008757 -0.015202 0.032716  1.803395 0.900000
(0, 0.0) (8, 1.0) 0.032545  0.007772 0.057318  6.482258 0.001000
(0, 0.0) (4, 0.0) 0.000443 -0.010408 0.011295  0.201649 0.900000
(0, 0.0) (4, 1.0) 0.036163  0.024795 0.047530 15.697167 0.001000
(0, 0.0) (2, 0.0) 0.002863 -0.012075 0.017801  0.945601 0.900000
(0, 0.0) (2, 1.0) 0.033959  0.017779 0.050138 10.356474 0.001000
(0, 0.0) (6, 0.0) 0.003021 -0.027286 0.033327  0.491781 0.900000
(0, 0.0) (6, 1.0) 0.027391 -0.005014 0.059796  4.170747 0.225932
(0, 0.0) (5, 0.0) 0.003908 -0.031739 0.039555  0.540915 0.900000
(0, 0.0) (5, 1.0) 0.038793 -0.002356 0.079942  4.651640 0.092053
(0, 1.0) (3, 0.0) 0.038081  0.025801 0.050360 15.301429 0.001000
(0, 1.0) (3, 1.0) 0.003710 -0.009056 0.016477  1.434030 0.900000
(0, 1.0) (8, 0.0) 0.030322  0.005976 0.054669  6.145240 0.001893
(0, 1.0) (8, 1.0) 0.006534 -0.018614 0.031682  1.281960 0.900000
(0, 1.0) (4, 0.0) 0.038635  0.026953 0.050318 16.318301 0.001000
(0, 1.0) (4, 1.0) 0.002916 -0.009247 0.015079  1.183059 0.900000
(0, 1.0) (2, 0.0) 0.041942  0.026389 0.057494 13.306617 0.001000
(0, 1.0) (2, 1.0) 0.005120 -0.011628 0.021868  1.508525 0.900000
(0, 1.0) (6, 0.0) 0.036058  0.005444 0.066672  5.811671 0.005135
(0, 1.0) (6, 1.0) 0.011688 -0.021005 0.044380  1.763971 0.900000
(0, 1.0) (5, 0.0) 0.035171 -0.000738 0.071080  4.832814 0.063095
(0, 1.0) (5, 1.0) 0.000286 -0.041090 0.041662  0.034120 0.900000
(3, 0.0) (3, 1.0) 0.034370  0.022910 0.045831 14.797891 0.001000
(3, 0.0) (8, 0.0) 0.007758 -0.015929 0.031446  1.616088 0.900000
(3, 0.0) (8, 1.0) 0.031547  0.007036 0.056058  6.350606 0.001000
(3, 0.0) (4, 0.0) 0.000555 -0.009684 0.010794  0.267375 0.900000
(3, 0.0) (4, 1.0) 0.035164  0.024380 0.045948 16.089150 0.001000
(3, 0.0) (2, 0.0) 0.003861 -0.010638 0.018361  1.313939 0.900000
(3, 0.0) (2, 1.0) 0.032960  0.017185 0.048735 10.309596 0.001000
(3, 0.0) (6, 0.0) 0.002022 -0.028071 0.032115  0.331590 0.900000
(3, 0.0) (6, 1.0) 0.026393 -0.005812 0.058598  4.043687 0.276511
(3, 0.0) (5, 0.0) 0.002910 -0.032556 0.038375  0.404796 0.900000
(3, 0.0) (5, 1.0) 0.037794 -0.003198 0.078786  4.549319 0.114102
(3, 1.0) (8, 0.0) 0.026612  0.002668 0.050556  5.484016 0.012783
(3, 1.0) (8, 1.0) 0.002823 -0.021935 0.027582  0.562693 0.900000
(3, 1.0) (4, 0.0) 0.034925  0.024107 0.045743 15.929982 0.001000
(3, 1.0) (4, 1.0) 0.000794 -0.010541 0.012129  0.345638 0.900000
(3, 1.0) (2, 0.0) 0.038231  0.023317 0.053145 12.648703 0.001000
(3, 1.0) (2, 1.0) 0.001410 -0.014747 0.017567  0.430597 0.900000
(3, 1.0) (6, 0.0) 0.032348  0.002053 0.062643  5.268621 0.022384
(3, 1.0) (6, 1.0) 0.007977 -0.024417 0.040371  1.215095 0.900000
(3, 1.0) (5, 0.0) 0.031461 -0.004176 0.067098  4.355962 0.164141
(3, 1.0) (5, 1.0) 0.003424 -0.037716 0.044565  0.410684 0.900000
(8, 0.0) (8, 1.0) 0.023788 -0.008503 0.056080  3.634909 0.479219
(8, 0.0) (4, 0.0) 0.008313 -0.015070 0.031697  1.754180 0.900000
(8, 0.0) (4, 1.0) 0.027406  0.003778 0.051033  5.723230 0.006615
(8, 0.0) (2, 0.0) 0.011620 -0.013919 0.037158  2.244994 0.900000
(8, 0.0) (2, 1.0) 0.025202 -0.001081 0.051485  4.731185 0.078848
(8, 0.0) (6, 0.0) 0.005736 -0.030973 0.042445  0.771017 0.900000
(8, 0.0) (6, 1.0) 0.018634 -0.019825 0.057094  2.390724 0.900000
(8, 0.0) (5, 0.0) 0.004849 -0.036379 0.046077  0.580314 0.900000
(8, 0.0) (5, 1.0) 0.030036 -0.016032 0.076104  3.217033 0.673277
(8, 1.0) (4, 0.0) 0.032102  0.007885 0.056319  6.540695 0.001000
(8, 1.0) (4, 1.0) 0.003617 -0.020835 0.028070  0.729951 0.900000
(8, 1.0) (2, 0.0) 0.035408  0.009105 0.061711  6.642132 0.001000
(8, 1.0) (2, 1.0) 0.001413 -0.025614 0.028441  0.258045 0.900000
(8, 1.0) (6, 0.0) 0.029525 -0.007721 0.066770  3.911373 0.335789
(8, 1.0) (6, 1.0) 0.005154 -0.033818 0.044126  0.652534 0.900000
(8, 1.0) (5, 0.0) 0.028637 -0.013069 0.070344  3.388011 0.594156
(8, 1.0) (5, 1.0) 0.006248 -0.040249 0.052745  0.662989 0.900000
(4, 0.0) (4, 1.0) 0.035719  0.025620 0.045818 17.452446 0.001000
(4, 0.0) (2, 0.0) 0.003306 -0.010691 0.017303  1.165512 0.900000
(4, 0.0) (2, 1.0) 0.033515  0.018201 0.048830 10.798349 0.001000
(4, 0.0) (6, 0.0) 0.002577 -0.027277 0.032431  0.425942 0.900000
(4, 0.0) (6, 1.0) 0.026948 -0.005035 0.058930  4.157484 0.230895
(4, 0.0) (5, 0.0) 0.003464 -0.031799 0.038728  0.484754 0.900000
(4, 0.0) (5, 1.0) 0.038349 -0.002468 0.079166  4.635894 0.095199
(4, 1.0) (2, 0.0) 0.039025  0.024625 0.053426 13.371495 0.001000
(4, 1.0) (2, 1.0) 0.002204 -0.013480 0.017888  0.693366 0.900000
(4, 1.0) (6, 0.0) 0.033142  0.003097 0.063187  5.442737 0.014272
(4, 1.0) (6, 1.0) 0.008771 -0.023390 0.040932  1.345720 0.900000
(4, 1.0) (5, 0.0) 0.032255 -0.003171 0.067680  4.492588 0.126140
(4, 1.0) (5, 1.0) 0.002630 -0.038327 0.043587  0.316863 0.900000
(2, 0.0) (2, 1.0) 0.036821  0.018384 0.055259  9.854220 0.001000
(2, 0.0) (6, 0.0) 0.005883 -0.025687 0.037453  0.919540 0.900000
(2, 0.0) (6, 1.0) 0.030254 -0.003336 0.063844  4.444213 0.138664
(2, 0.0) (5, 0.0) 0.006771 -0.029957 0.043498  0.909616 0.900000
(2, 0.0) (5, 1.0) 0.041656 -0.000433 0.083744  4.883470 0.056226
(2, 1.0) (6, 0.0) 0.030938 -0.001238 0.063114  4.744398 0.076657
(2, 1.0) (6, 1.0) 0.006567 -0.027592 0.040727  0.948629 0.900000
(2, 1.0) (5, 0.0) 0.030051 -0.007198 0.067300  3.980662 0.303972
(2, 1.0) (5, 1.0) 0.004834 -0.037710 0.047379  0.560652 0.900000
(6, 0.0) (6, 1.0) 0.024371 -0.018333 0.067074  2.815904 0.858889
(6, 0.0) (5, 0.0) 0.000887 -0.044326 0.046100  0.096827 0.900000
(6, 0.0) (5, 1.0) 0.035772 -0.013894 0.085439  3.553839 0.517421
(6, 1.0) (5, 0.0) 0.023483 -0.023163 0.070129  2.484074 0.900000
(6, 1.0) (5, 1.0) 0.011402 -0.039573 0.062376  1.103645 0.900000
(5, 0.0) (5, 1.0) 0.034885 -0.018209 0.087979  3.241957 0.661741

----------------------------------------------------------------------------------------

Results for Shapiro-Wilk test to check for normality are: 

w is: 0.7194118499755859/ p-value is: 0.0
----------------------------------------------------------------------------------------

Results for Levene's test to check for equality of variance are: 

              Parameter   Value
    Test statistics (W) 39.0628
Degrees of freedom (Df) 17.0000
                p value  0.0000
----------------------------------------------------------------------------------------

Results for the scheirer Ray Hare Test -- to be used if ANOVA assumptions are violated: 

                            Df        Sum Sq           H   p.value
rs228697_rs10838524          8  2.168999e+09    8.195763  0.414585
sex                          1  2.192990e+11  828.641316  0.000000
rs228697_rs10838524:sex      8  1.371106e+09    5.180849  0.738083
Residuals                60570  1.581149e+13         NaN       NaN
----------------------------------------------------------------------------------------

Results for follow-up Dunn's test between rs228697_rs10838524 & sex and GAD7 are: 

   Comparison         Z  P.unadj   P.adj
0_0.0 - 0_1.0  11.62130  0.00000 0.00000
0_0.0 - 1_0.0   0.56233  0.57389 1.00000
0_1.0 - 1_0.0 -13.04331  0.00000 0.00000
0_0.0 - 1_1.0  13.03383  0.00000 0.00000
0_1.0 - 1_1.0  -1.13803  0.25511 1.00000
1_0.0 - 1_1.0  16.12615  0.00000 0.00000
0_0.0 - 2_0.0  -0.94191  0.34624 1.00000
0_1.0 - 2_0.0 -10.46552  0.00000 0.00000
1_0.0 - 2_0.0  -1.47234  0.14093 1.00000
1_1.0 - 2_0.0 -10.96904  0.00000 0.00000
0_0.0 - 2_1.0   7.24855  0.00000 0.00000
0_1.0 - 2_1.0  -1.87592  0.06067 1.00000
1_0.0 - 2_1.0   7.55396  0.00000 0.00000
1_1.0 - 2_1.0  -1.23716  0.21603 1.00000
2_0.0 - 2_1.0   7.12394  0.00000 0.00000
0_0.0 - 3_0.0   0.34623  0.72917 1.00000
0_1.0 - 3_0.0 -11.78477  0.00000 0.00000
1_0.0 - 3_0.0  -0.17921  0.85777 1.00000
1_1.0 - 3_0.0 -13.47871  0.00000 0.00000
2_0.0 - 3_0.0   1.24483  0.21319 1.00000
2_1.0 - 3_0.0  -7.18205  0.00000 0.00000
0_0.0 - 3_1.0  11.08160  0.00000 0.00000
0_1.0 - 3_1.0  -1.22154  0.22188 1.00000
1_0.0 - 3_1.0  12.69303  0.00000 0.00000
1_1.0 - 3_1.0  -0.26489  0.79109 1.00000
2_0.0 - 3_1.0   9.86788  0.00000 0.00000
2_1.0 - 3_1.0   0.97934  0.32741 1.00000
3_0.0 - 3_1.0  11.26653  0.00000 0.00000
0_0.0 - 4_0.0   0.29312  0.76943 1.00000
0_1.0 - 4_0.0 -12.45578  0.00000 0.00000
1_0.0 - 4_0.0  -0.28832  0.77310 1.00000
1_1.0 - 4_0.0 -14.70442  0.00000 0.00000
2_0.0 - 4_0.0   1.23248  0.21777 1.00000
2_1.0 - 4_0.0  -7.45012  0.00000 0.00000
3_0.0 - 4_0.0  -0.07795  0.93787 1.00000
3_1.0 - 4_0.0 -12.00957  0.00000 0.00000
0_0.0 - 4_1.0  11.59210  0.00000 0.00000
0_1.0 - 4_1.0  -1.39130  0.16413 1.00000
1_0.0 - 4_1.0  13.61807  0.00000 0.00000
1_1.0 - 4_1.0  -0.42331  0.67207 1.00000
2_0.0 - 4_1.0  10.12732  0.00000 0.00000
2_1.0 - 4_1.0   0.92419  0.35539 1.00000
3_0.0 - 4_1.0  11.84993  0.00000 0.00000
3_1.0 - 4_1.0  -0.11713  0.90676 1.00000
4_0.0 - 4_1.0  12.73339  0.00000 0.00000
0_0.0 - 5_0.0   0.84859  0.39611 1.00000
0_1.0 - 5_0.0  -3.29842  0.00097 0.14876
1_0.0 - 5_0.0   0.70176  0.48283 1.00000
1_1.0 - 5_0.0  -3.00565  0.00265 0.40547
2_0.0 - 5_0.0   1.20674  0.22753 1.00000
2_1.0 - 5_0.0  -2.33629  0.01948 1.00000
3_0.0 - 5_0.0   0.74075  0.45885 1.00000
3_1.0 - 5_0.0  -2.88599  0.00390 0.59699
4_0.0 - 5_0.0   0.76763  0.44270 1.00000
4_1.0 - 5_0.0  -2.86575  0.00416 0.63651
0_0.0 - 5_1.0   4.59873  0.00000 0.00065
0_1.0 - 5_1.0   0.97983  0.32717 1.00000
1_0.0 - 5_1.0   4.51942  0.00001 0.00095
1_1.0 - 5_1.0   1.31149  0.18969 1.00000
2_0.0 - 5_1.0   4.83043  0.00000 0.00021
2_1.0 - 5_1.0   1.69138  0.09076 1.00000
3_0.0 - 5_1.0   4.51930  0.00001 0.00095
3_1.0 - 5_1.0   1.36450  0.17241 1.00000
4_0.0 - 5_1.0   4.55823  0.00001 0.00079
4_1.0 - 5_1.0   1.40302  0.16061 1.00000
5_0.0 - 5_1.0   2.99437  0.00275 0.42076
0_0.0 - 6_0.0   0.25187  0.80114 1.00000
0_1.0 - 6_0.0  -4.60767  0.00000 0.00062
1_0.0 - 6_0.0   0.06651  0.94697 1.00000
1_1.0 - 6_0.0  -4.31691  0.00002 0.00242
2_0.0 - 6_0.0   0.68748  0.49178 1.00000
2_1.0 - 6_0.0  -3.40760  0.00066 0.10027
3_0.0 - 6_0.0   0.12143  0.90335 1.00000
3_1.0 - 6_0.0  -4.14147  0.00003 0.00528
4_0.0 - 6_0.0   0.14914  0.88144 1.00000
4_1.0 - 6_0.0  -4.13165  0.00004 0.00551
5_0.0 - 6_0.0  -0.50022  0.61692 1.00000
5_1.0 - 6_0.0  -3.65640  0.00026 0.03913
0_0.0 - 6_1.0   3.16383  0.00156 0.23824
0_1.0 - 6_1.0  -1.41218  0.15790 1.00000
1_0.0 - 6_1.0   3.05283  0.00227 0.34684
1_1.0 - 6_1.0  -1.04666  0.29525 1.00000
2_0.0 - 6_1.0   3.47116  0.00052 0.07929
2_1.0 - 6_1.0  -0.43182  0.66587 1.00000
3_0.0 - 6_1.0   3.05992  0.00221 0.33874
3_1.0 - 6_1.0  -0.94380  0.34527 1.00000
4_0.0 - 6_1.0   3.10621  0.00190 0.28994
4_1.0 - 6_1.0  -0.90936  0.36316 1.00000
5_0.0 - 6_1.0   1.54943  0.12128 1.00000
5_1.0 - 6_1.0  -1.70105  0.08893 1.00000
6_0.0 - 6_1.0   2.22208  0.02628 1.00000
0_0.0 - 7_0.0   1.02732  0.30427 1.00000
0_1.0 - 7_0.0 -10.10531  0.00000 0.00000
1_0.0 - 7_0.0   0.68012  0.49643 1.00000
1_1.0 - 7_0.0 -10.97912  0.00000 0.00000
2_0.0 - 7_0.0   1.75225  0.07973 1.00000
2_1.0 - 7_0.0  -6.24832  0.00000 0.00000
3_0.0 - 7_0.0   0.74457  0.45653 1.00000
3_1.0 - 7_0.0  -9.46922  0.00000 0.00000
4_0.0 - 7_0.0   0.85217  0.39412 1.00000
4_1.0 - 7_0.0  -9.83614  0.00000 0.00000
5_0.0 - 7_0.0  -0.47932  0.63171 1.00000
5_1.0 - 7_0.0  -4.26086  0.00002 0.00312
6_0.0 - 7_0.0   0.17725  0.85931 1.00000
6_1.0 - 7_0.0  -2.73963  0.00615 0.94108
0_0.0 - 7_1.0  10.17597  0.00000 0.00000
0_1.0 - 7_1.0  -0.67755  0.49806 1.00000
1_0.0 - 7_1.0  11.14558  0.00000 0.00000
1_1.0 - 7_1.0   0.25585  0.79807 1.00000
2_0.0 - 7_1.0   9.40724  0.00000 0.00000
2_1.0 - 7_1.0   1.24654  0.21257 1.00000
3_0.0 - 7_1.0  10.24572  0.00000 0.00000
3_1.0 - 7_1.0   0.43188  0.66583 1.00000
4_0.0 - 7_1.0  10.75939  0.00000 0.00000
4_1.0 - 7_1.0   0.55210  0.58088 1.00000
5_0.0 - 7_1.0   3.00162  0.00269 0.41088
5_1.0 - 7_1.0  -1.20642  0.22765 1.00000
6_0.0 - 7_1.0   4.23924  0.00002 0.00343
6_1.0 - 7_1.0   1.10353  0.26980 1.00000
7_0.0 - 7_1.0   8.83861  0.00000 0.00000
0_0.0 - 8_0.0   1.48353  0.13793 1.00000
0_1.0 - 8_0.0  -4.64742  0.00000 0.00051
1_0.0 - 8_0.0   1.29713  0.19459 1.00000
1_1.0 - 8_0.0  -4.32576  0.00002 0.00233
2_0.0 - 8_0.0   1.94275  0.05205 1.00000
2_1.0 - 8_0.0  -3.10963  0.00187 0.28661
3_0.0 - 8_0.0   1.33254  0.18268 1.00000
3_1.0 - 8_0.0  -4.07429  0.00005 0.00706
4_0.0 - 8_0.0   1.38400  0.16636 1.00000
4_1.0 - 8_0.0  -4.07263  0.00005 0.00711
5_0.0 - 8_0.0   0.12840  0.89783 1.00000
5_1.0 - 8_0.0  -3.33612  0.00085 0.12998
6_0.0 - 8_0.0   0.76032  0.44706 1.00000
6_1.0 - 8_0.0  -1.74158  0.08158 1.00000
7_0.0 - 8_0.0   0.92555  0.35468 1.00000
7_1.0 - 8_0.0  -4.16914  0.00003 0.00468
0_0.0 - 8_1.0   4.85024  0.00000 0.00019
0_1.0 - 8_1.0  -1.13481  0.25645 1.00000
1_0.0 - 8_1.0   4.79442  0.00000 0.00025
1_1.0 - 8_1.0  -0.65320  0.51363 1.00000
2_0.0 - 8_1.0   5.10297  0.00000 0.00005
2_1.0 - 8_1.0   0.10653  0.91516 1.00000
3_0.0 - 8_1.0   4.73976  0.00000 0.00033
3_1.0 - 8_1.0  -0.52280  0.60112 1.00000
4_0.0 - 8_1.0   4.83022  0.00000 0.00021
4_1.0 - 8_1.0  -0.47504  0.63476 1.00000
5_0.0 - 8_1.0   2.15564  0.03111 1.00000
5_1.0 - 8_1.0  -1.48568  0.13736 1.00000
6_0.0 - 8_1.0   3.02109  0.00252 0.38536
6_1.0 - 8_1.0   0.45238  0.65100 1.00000
7_0.0 - 8_1.0   4.26649  0.00002 0.00304
7_1.0 - 8_1.0  -0.73563  0.46195 1.00000
8_0.0 - 8_1.0   2.62021  0.00879 1.00000

----------------------------------------------------------------------------------------

