----------------------------------------------------------------------------------------

Results for one way ANOVA between rs228697_rs10838524 and GAD7 are: 

                             df       sum_sq   mean_sq        F    PR(>F)
C(rs228697_rs10838524)      8.0     0.090809  0.011351  0.44386  0.895199
Residual                60579.0  1549.223450  0.025574      NaN       NaN
----------------------------------------------------------------------------------------

Results for follow-up Tukey test between rs228697_rs10838524 and GAD7 are: 

    group1  group2      Diff     Lower     Upper   q-value  p-value
0        7       1  0.001461 -0.005805  0.008727  0.882047   0.9000
1        7       0  0.001384 -0.007113  0.009882  0.714602   0.9000
2        7       3  0.002100 -0.006020  0.010221  1.134643   0.9000
3        7       8  0.001510 -0.014236  0.017255  0.420584   0.9000
4        7       4  0.002393 -0.005356  0.010142  1.354827   0.9000
5        7       2  0.005232 -0.005110  0.015574  2.219312   0.7984
6        7       6  0.004362 -0.015695  0.024420  0.954044   0.9000
7        7       5  0.000047 -0.024251  0.024345  0.008493   0.9000
8        1       0  0.000077 -0.006642  0.006795  0.050114   0.9000
9        1       3  0.000639 -0.005595  0.006874  0.449870   0.9000
10       1       8  0.002971 -0.011891  0.017832  0.876863   0.9000
11       1       4  0.000932 -0.004810  0.006675  0.712135   0.9000
12       1       2  0.003771 -0.005167  0.012709  1.850874   0.9000
13       1       6  0.002901 -0.016470  0.022272  0.657007   0.9000
14       1       5  0.001508 -0.022226  0.025242  0.278720   0.9000
15       0       3  0.000716 -0.006918  0.008351  0.411500   0.9000
16       0       8  0.002894 -0.012607  0.018394  0.818976   0.9000
17       0       4  0.001009 -0.006229  0.008247  0.611522   0.9000
18       0       2  0.003848 -0.006117  0.013813  1.693934   0.9000
19       0       6  0.002978 -0.016888  0.022844  0.657594   0.9000
20       0       5  0.001431 -0.022709  0.025571  0.260092   0.9000
21       3       8  0.003610 -0.011687  0.018907  1.035233   0.9000
22       3       4  0.000293 -0.006499  0.007084  0.189151   0.9000
23       3       2  0.003132 -0.006514  0.012777  1.424328   0.9000
24       3       6  0.002262 -0.017446  0.021969  0.503467   0.9000
25       3       5  0.002147 -0.021862  0.026157  0.392345   0.9000
26       8       4  0.003903 -0.011200  0.019006  1.133583   0.9000
27       8       2  0.006742 -0.009842  0.023326  1.783350   0.9000
28       8       6  0.005872 -0.018011  0.029754  1.078542   0.9000
29       8       5  0.001463 -0.026077  0.029003  0.232970   0.9000
30       4       2  0.002839 -0.006496  0.012174  1.334111   0.9000
31       4       6  0.001969 -0.017588  0.021526  0.441648   0.9000
32       4       5  0.002440 -0.021446  0.026327  0.448147   0.9000
33       2       6  0.000870 -0.019852  0.021592  0.184167   0.9000
34       2       5  0.005279 -0.019570  0.030129  0.931962   0.9000
35       6       5  0.004409 -0.025804  0.034623  0.640192   0.9000
----------------------------------------------------------------------------------------

Results for Shapiro-Wilk test to check for normality are: 

w is: 0.6829358339309692/ p-value is: 0.0
----------------------------------------------------------------------------------------

Results for Levene's test to check for equality of variance are: 

              Parameter  Value
    Test statistics (W) 0.3814
Degrees of freedom (Df) 8.0000
                p value 0.9311
----------------------------------------------------------------------------------------

Results for the Kruskal-Wallis Test -- to be used if ANOVA assumptions are violated: 

statistic: 8.022181521723452/ p-value is: 0.431306363155263
----------------------------------------------------------------------------------------

The p-value is lower than alpha; hence, no follow-up test was conducted for Kruskal test
----------------------------------------------------------------------------------------

