----------------------------------------------------------------------------------------

Results for one way ANOVA between rs1801260_rs139459337 and GAD7 are: 

                               df       sum_sq   mean_sq         F    PR(>F)
C(rs1801260_rs139459337)      8.0     0.258008  0.032251  1.261241  0.258794
Residual                  60579.0  1549.056251  0.025571       NaN       NaN
----------------------------------------------------------------------------------------

Results for follow-up Tukey test between rs1801260_rs139459337 and GAD7 are: 

    group1  group2      Diff     Lower     Upper   q-value   p-value
0        2       1  0.003739 -0.004551  0.012028  1.978452  0.900000
1        2       0  0.002144 -0.002420  0.006709  2.060912  0.866362
2        2       3  0.003243 -0.006265  0.012750  1.496121  0.900000
3        2       5  0.001688 -0.007188  0.010563  0.834213  0.900000
4        2       7  0.010974 -0.036663  0.058611  1.010572  0.900000
5        2       8  0.010334 -0.010347  0.031015  2.191872  0.810172
6        2       4  0.019258 -0.020232  0.058748  2.139270  0.832744
7        2       6  0.006252 -0.102043  0.114547  0.253242  0.900000
8        1       0  0.001594 -0.006488  0.009676  0.865295  0.900000
9        1       3  0.000496 -0.011118  0.012110  0.187330  0.900000
10       1       5  0.005426 -0.005676  0.016528  2.144129  0.830657
11       1       7  0.014713 -0.033389  0.062814  1.341759  0.900000
12       1       8  0.006595 -0.015135  0.028325  1.331352  0.900000
13       1       4  0.022997 -0.017052  0.063046  2.518895  0.669860
14       1       6  0.009990 -0.098510  0.118491  0.403916  0.900000
15       0       3  0.001098 -0.008229  0.010425  0.516508  0.900000
16       0       5  0.003832 -0.004850  0.012514  1.936327  0.900000
17       0       7  0.013119 -0.034482  0.060720  1.208950  0.900000
18       0       8  0.008189 -0.012410  0.028788  1.743954  0.900000
19       0       4  0.021403 -0.018044  0.060850  2.380075  0.729421
20       0       6  0.008396 -0.099883  0.116676  0.340156  0.900000
21       3       5  0.004930 -0.007108  0.016969  1.796552  0.900000
22       3       7  0.014217 -0.034109  0.062543  1.290498  0.900000
23       3       8  0.007091 -0.015132  0.029314  1.399698  0.900000
24       3       4  0.022501 -0.017818  0.062820  2.448083  0.700244
25       3       6  0.009495 -0.099105  0.118094  0.383512  0.900000
26       5       7  0.009286 -0.038919  0.057492  0.845052  0.900000
27       5       8  0.012021 -0.009939  0.033982  2.401363  0.720287
28       5       4  0.017570 -0.022604  0.057745  1.918520  0.900000
29       5       6  0.004564 -0.103982  0.113110  0.184445  0.900000
30       7       8  0.021308 -0.030391  0.073006  1.807994  0.900000
31       7       4  0.008284 -0.053397  0.069965  0.589157  0.900000
32       7       6  0.004722 -0.113484  0.122929  0.175249  0.900000
33       8       4  0.029592 -0.014713  0.073897  2.929916  0.493233
34       8       6  0.016585 -0.093557  0.126727  0.660557  0.900000
35       4       6  0.013006 -0.102159  0.128172  0.495420  0.900000
----------------------------------------------------------------------------------------

Results for Shapiro-Wilk test to check for normality are: 

w is: 0.6847524642944336/ p-value is: 0.0
----------------------------------------------------------------------------------------

Results for Levene's test to check for equality of variance are: 

              Parameter  Value
    Test statistics (W) 1.2414
Degrees of freedom (Df) 8.0000
                p value 0.2699
----------------------------------------------------------------------------------------

Results for the Kruskal-Wallis Test -- to be used if ANOVA assumptions are violated: 

statistic: 14.701946585152072/ p-value is: 0.06520668765329204
----------------------------------------------------------------------------------------

The p-value is lower than alpha; hence, no follow-up test was conducted for Kruskal test
----------------------------------------------------------------------------------------

