----------------------------------------------------------------------------------------

Results for two way ANOVA between rs10462020_rs10838524&sex and GAD7 are: 

                                      df       sum_sq   mean_sq           F        PR(>F)
C(rs10462020_rs10838524)             8.0     0.282458  0.035307    1.395941  1.924122e-01
C(sex)                               1.0     3.684909  3.684909  145.690326  1.657860e-33
C(rs10462020_rs10838524):C(sex)      8.0     0.146320  0.018290    0.723131  6.712941e-01
Residual                         60570.0  1531.981992  0.025293         NaN           NaN
----------------------------------------------------------------------------------------

Results for follow-up Tukey test between rs10462020_rs10838524 & sex and GAD7 are: 

Main effect for rs10462020_rs10838524:
 group1  group2     Diff     Lower    Upper  q-value  p-value
      4       1 0.002122 -0.002950 0.007195 1.835550 0.900000
      4       3 0.002103 -0.005793 0.009999 1.168337 0.900000
      4       0 0.001712 -0.004703 0.008128 1.170729 0.900000
      4       7 0.007135 -0.002215 0.016484 3.347492 0.302443
      4       2 0.005735 -0.005812 0.017282 2.178629 0.815857
      4       6 0.007835 -0.027895 0.043565 0.961958 0.900000
      4       5 0.013155 -0.034262 0.060571 1.216986 0.900000
      4       8 0.015363 -0.016087 0.046814 2.142882 0.831196
      1       3 0.004225 -0.003301 0.011751 2.462774 0.693939
      1       0 0.000410 -0.005544 0.006365 0.302187 0.900000
      1       7 0.005012 -0.004027 0.014052 2.432345 0.706996
      1       2 0.007857 -0.003440 0.019155 3.050844 0.437084
      1       6 0.005713 -0.029937 0.041363 0.702956 0.900000
      1       5 0.011032 -0.036324 0.058388 1.021933 0.900000
      1       8 0.013241 -0.018119 0.044601 1.852199 0.900000
      3       0 0.003815 -0.004674 0.012305 1.971306 0.900000
      3       7 0.009238 -0.001640 0.020116 3.725195 0.172683
      3       2 0.003632 -0.009184 0.016448 1.243122 0.900000
      3       6 0.009938 -0.026222 0.046098 1.205631 0.900000
      3       5 0.015258 -0.032484 0.062999 1.401930 0.900000
      3       8 0.017466 -0.014472 0.049404 2.398994 0.721303
      0       7 0.005423 -0.004434 0.015279 2.413375 0.715135
      0       2 0.007447 -0.004514 0.019408 2.731170 0.578781
      0       6 0.006123 -0.029743 0.041989 0.748899 0.900000
      0       5 0.011442 -0.036076 0.058961 1.056302 0.900000
      0       8 0.013651 -0.017953 0.045256 1.894771 0.900000
      7       2 0.012869 -0.000890 0.026629 4.102964 0.088027
      7       6 0.000701 -0.035804 0.037205 0.084177 0.900000
      7       5 0.006020 -0.041983 0.054023 0.550120 0.900000
      7       8 0.008229 -0.024099 0.040557 1.116574 0.900000
      2       6 0.013570 -0.023558 0.050698 1.603275 0.900000
      2       5 0.018889 -0.029590 0.067368 1.709225 0.900000
      2       8 0.021098 -0.011933 0.054129 2.801963 0.548406
      6       5 0.005319 -0.053786 0.064425 0.394794 0.900000
      6       8 0.007528 -0.039740 0.054797 0.698647 0.900000
      5       8 0.002209 -0.054413 0.058831 0.171125 0.900000

Main effect for sex:
 group1  group2     Diff    Lower   Upper   q-value  p-value
    0.0     1.0 0.033492 0.030944 0.03604 36.438731    0.001

Interaction effect between rs10462020_rs10838524 and sex:
  group1   group2     Diff     Lower    Upper   q-value  p-value
(4, 0.0) (4, 1.0) 0.032975  0.023997 0.041953 18.122548 0.001000
(4, 0.0) (1, 0.0) 0.002605 -0.005059 0.010269  1.677170 0.900000
(4, 0.0) (1, 1.0) 0.033812  0.025832 0.041792 20.906055 0.001000
(4, 0.0) (3, 0.0) 0.003008 -0.008885 0.014901  1.247910 0.900000
(4, 0.0) (3, 1.0) 0.031985  0.018986 0.044984 12.140760 0.001000
(4, 0.0) (0, 0.0) 0.001236 -0.008433 0.010904  0.630556 0.900000
(4, 0.0) (0, 1.0) 0.038275  0.027872 0.048677 18.154643 0.001000
(4, 0.0) (7, 0.0) 0.007345 -0.006767 0.021457  2.568202 0.900000
(4, 0.0) (7, 1.0) 0.039614  0.024142 0.055087 12.633036 0.001000
(4, 0.0) (2, 0.0) 0.005664 -0.011674 0.023002  1.611916 0.900000
(4, 0.0) (2, 1.0) 0.027426  0.008058 0.046793  6.987243 0.001000
(4, 0.0) (6, 0.0) 0.005904 -0.048320 0.060129  0.537247 0.900000
(4, 0.0) (6, 1.0) 0.042525 -0.017264 0.102313  3.509467 0.537956
(4, 0.0) (5, 0.0) 0.019713 -0.049370 0.088796  1.407981 0.900000
(4, 0.0) (5, 1.0) 0.039576 -0.044288 0.123441  2.328501 0.900000
(4, 0.0) (8, 0.0) 0.010425 -0.034542 0.055393  1.143973 0.900000
(4, 0.0) (8, 1.0) 0.061780  0.004538 0.119021  5.325368 0.019385
(4, 1.0) (1, 0.0) 0.030370  0.022119 0.038621 18.161928 0.001000
(4, 1.0) (1, 1.0) 0.000837 -0.007709 0.009382  0.483100 0.900000
(4, 1.0) (3, 0.0) 0.035983  0.023704 0.048262 14.459107 0.001000
(4, 1.0) (3, 1.0) 0.000990 -0.012363 0.014344  0.365946 0.900000
(4, 1.0) (0, 0.0) 0.034211  0.024070 0.044351 16.646562 0.001000
(4, 1.0) (0, 1.0) 0.005300 -0.005543 0.016142  2.411805 0.900000
(4, 1.0) (7, 0.0) 0.025630  0.011191 0.040069  8.758440 0.001000
(4, 1.0) (7, 1.0) 0.006639 -0.009132 0.022411  2.077129 0.900000
(4, 1.0) (2, 0.0) 0.038639  0.021034 0.056244 10.829351 0.001000
(4, 1.0) (2, 1.0) 0.005549 -0.014058 0.025156  1.396491 0.900000
(4, 1.0) (6, 0.0) 0.027071 -0.027240 0.081381  2.459447 0.900000
(4, 1.0) (6, 1.0) 0.009550 -0.050317 0.069416  0.787075 0.900000
(4, 1.0) (5, 0.0) 0.013262 -0.055888 0.082413  0.946315 0.900000
(4, 1.0) (5, 1.0) 0.006601 -0.077319 0.090521  0.388135 0.900000
(4, 1.0) (8, 0.0) 0.022550 -0.022521 0.067621  2.468657 0.900000
(4, 1.0) (8, 1.0) 0.028805 -0.028519 0.086128  2.479404 0.900000
(1, 0.0) (1, 1.0) 0.031207  0.024054 0.038359 21.528985 0.001000
(1, 0.0) (3, 0.0) 0.005613 -0.005741 0.016967  2.439244 0.900000
(1, 0.0) (3, 1.0) 0.029380  0.016872 0.041888 11.589892 0.001000
(1, 0.0) (0, 0.0) 0.003841 -0.005157 0.012838  2.106159 0.900000
(1, 0.0) (0, 1.0) 0.035670  0.025888 0.045452 17.992628 0.001000
(1, 0.0) (7, 0.0) 0.004740 -0.008921 0.018401  1.712096 0.900000
(1, 0.0) (7, 1.0) 0.037009  0.021947 0.052072 12.123807 0.001000
(1, 0.0) (2, 0.0) 0.008269 -0.008704 0.025242  2.403907 0.900000
(1, 0.0) (2, 1.0) 0.024821  0.005780 0.043862  6.431900 0.001000
(1, 0.0) (6, 0.0) 0.003299 -0.050810 0.057408  0.300844 0.900000
(1, 0.0) (6, 1.0) 0.039920 -0.019764 0.099603  3.300271 0.634757
(1, 0.0) (5, 0.0) 0.017108 -0.051884 0.086100  1.223528 0.900000
(1, 0.0) (5, 1.0) 0.036971 -0.046818 0.120761  2.177174 0.900000
(1, 0.0) (8, 0.0) 0.007820 -0.037007 0.052648  0.860799 0.900000
(1, 0.0) (8, 1.0) 0.059175  0.002042 0.116307  5.110598 0.033121
(1, 1.0) (3, 0.0) 0.036820  0.025250 0.048389 15.702725 0.001000
(1, 1.0) (3, 1.0) 0.001827 -0.010877 0.014531  0.709612 0.900000
(1, 1.0) (0, 0.0) 0.035047  0.025779 0.044316 18.657960 0.001000
(1, 1.0) (0, 1.0) 0.004463 -0.005569 0.014495  2.195183 0.900000
(1, 1.0) (7, 0.0) 0.026467  0.012626 0.040307  9.435389 0.001000
(1, 1.0) (7, 1.0) 0.005803 -0.009423 0.021028  1.880465 0.900000
(1, 1.0) (2, 0.0) 0.039476  0.022358 0.056594 11.378845 0.001000
(1, 1.0) (2, 1.0) 0.006386 -0.012785 0.025557  1.643627 0.900000
(1, 1.0) (6, 0.0) 0.027908 -0.026247 0.082062  2.542765 0.900000
(1, 1.0) (6, 1.0) 0.008713 -0.051012 0.068438  0.719817 0.900000
(1, 1.0) (5, 0.0) 0.014099 -0.054929 0.083127  1.007800 0.900000
(1, 1.0) (5, 1.0) 0.005765 -0.078054 0.089584  0.339349 0.900000
(1, 1.0) (8, 0.0) 0.023386 -0.021496 0.068269  2.570985 0.900000
(1, 1.0) (8, 1.0) 0.027968 -0.029208 0.085143  2.413609 0.900000
(3, 0.0) (3, 1.0) 0.034992  0.019528 0.050457 11.164939 0.001000
(3, 0.0) (0, 0.0) 0.001772 -0.011021 0.014565  0.683533 0.900000
(3, 0.0) (0, 1.0) 0.041283  0.027926 0.054639 15.251095 0.001000
(3, 0.0) (7, 0.0) 0.010353 -0.006058 0.026764  3.112755 0.721528
(3, 0.0) (7, 1.0) 0.042622  0.025027 0.060217 11.952824 0.001000
(3, 0.0) (2, 0.0) 0.002656 -0.016599 0.021912  0.680641 0.900000
(3, 0.0) (2, 1.0) 0.030434  0.009332 0.051535  7.116383 0.001000
(3, 0.0) (6, 0.0) 0.008912 -0.045956 0.063780  0.801436 0.900000
(3, 0.0) (6, 1.0) 0.045532 -0.014840 0.105905  3.721345 0.435256
(3, 0.0) (5, 0.0) 0.022721 -0.046868 0.092310  1.611010 0.900000
(3, 0.0) (5, 1.0) 0.042584 -0.041697 0.126866  2.493060 0.900000
(3, 0.0) (8, 0.0) 0.013433 -0.032308 0.059174  1.449085 0.900000
(3, 0.0) (8, 1.0) 0.064787  0.006936 0.122639  5.525780 0.011423
(3, 1.0) (0, 0.0) 0.033220  0.019393 0.047048 11.854380 0.001000
(3, 1.0) (0, 1.0) 0.006290 -0.008060 0.020640  2.162785 0.900000
(3, 1.0) (7, 0.0) 0.024640  0.007410 0.041869  7.056306 0.001000
(3, 1.0) (7, 1.0) 0.007630 -0.010731 0.025990  2.050380 0.900000
(3, 1.0) (2, 0.0) 0.037649  0.017691 0.057606  9.307948 0.001000
(3, 1.0) (2, 1.0) 0.004559 -0.017185 0.026303  1.034503 0.900000
(3, 1.0) (6, 0.0) 0.026081 -0.029037 0.081199  2.334753 0.900000
(3, 1.0) (6, 1.0) 0.010540 -0.050060 0.071140  0.858186 0.900000
(3, 1.0) (5, 0.0) 0.012272 -0.057515 0.082058  0.867666 0.900000
(3, 1.0) (5, 1.0) 0.007592 -0.076853 0.092037  0.443591 0.900000
(3, 1.0) (8, 0.0) 0.021559 -0.024482 0.067600  2.310513 0.900000
(3, 1.0) (8, 1.0) 0.029795 -0.028294 0.087884  2.530847 0.900000
(0, 0.0) (0, 1.0) 0.039510  0.028089 0.050931 17.069876 0.001000
(0, 0.0) (7, 0.0) 0.008581 -0.006298 0.023459  2.845661 0.845119
(0, 0.0) (7, 1.0) 0.040850  0.024675 0.057025 12.461555 0.001000
(0, 0.0) (2, 0.0) 0.004428 -0.013539 0.022396  1.216127 0.900000
(0, 0.0) (2, 1.0) 0.028661  0.008729 0.048594  7.094901 0.001000
(0, 0.0) (6, 0.0) 0.007140 -0.047289 0.061569  0.647240 0.900000
(0, 0.0) (6, 1.0) 0.043760 -0.016214 0.103734  3.600265 0.495882
(0, 0.0) (5, 0.0) 0.020948 -0.048295 0.090192  1.492762 0.900000
(0, 0.0) (5, 1.0) 0.040812 -0.043185 0.124809  2.397413 0.900000
(0, 0.0) (8, 0.0) 0.011661 -0.033553 0.056875  1.272580 0.900000
(0, 0.0) (8, 1.0) 0.063015  0.005580 0.120451  5.413550 0.015415
(0, 1.0) (7, 0.0) 0.030930  0.015564 0.046295  9.932290 0.001000
(0, 1.0) (7, 1.0) 0.001340 -0.015284 0.017963  0.397621 0.900000
(0, 1.0) (2, 0.0) 0.043939  0.025566 0.062311 11.800342 0.001000
(0, 1.0) (2, 1.0) 0.010849 -0.009450 0.031148  2.637123 0.900000
(0, 1.0) (6, 0.0) 0.032371 -0.022193 0.086935  2.927263 0.807361
(0, 1.0) (6, 1.0) 0.004250 -0.055847 0.064346  0.348934 0.900000
(0, 1.0) (5, 0.0) 0.018562 -0.050788 0.087912  1.320662 0.900000
(0, 1.0) (5, 1.0) 0.001302 -0.082783 0.085386  0.076384 0.900000
(0, 1.0) (8, 0.0) 0.027849 -0.017527 0.073225  3.028336 0.760590
(0, 1.0) (8, 1.0) 0.023505 -0.034059 0.081069  2.014780 0.900000
(7, 0.0) (7, 1.0) 0.032269  0.013105 0.051434  8.308213 0.001000
(7, 0.0) (2, 0.0) 0.013009 -0.007691 0.033709  3.100960 0.726986
(7, 0.0) (2, 1.0) 0.020081 -0.002346 0.042508  4.417977 0.145958
(7, 0.0) (6, 0.0) 0.001441 -0.053950 0.056832  0.128363 0.900000
(7, 0.0) (6, 1.0) 0.035180 -0.025669 0.096028  2.852715 0.841857
(7, 0.0) (5, 0.0) 0.012368 -0.057635 0.082370  0.871763 0.900000
(7, 0.0) (5, 1.0) 0.032231 -0.052392 0.116855  1.879341 0.900000
(7, 0.0) (8, 0.0) 0.003080 -0.043287 0.049448  0.327798 0.900000
(7, 0.0) (8, 1.0) 0.054435 -0.003914 0.112783  4.603259 0.102010
(7, 1.0) (2, 0.0) 0.045278  0.023628 0.066929 10.319123 0.001000
(7, 1.0) (2, 1.0) 0.012189 -0.011119 0.035496  2.580334 0.900000
(7, 1.0) (6, 0.0) 0.033710 -0.022043 0.089464  2.983385 0.781394
(7, 1.0) (6, 1.0) 0.002910 -0.058268 0.064088  0.234720 0.900000
(7, 1.0) (5, 0.0) 0.019901 -0.050388 0.090191  1.397050 0.900000
(7, 1.0) (5, 1.0) 0.000038 -0.084823 0.084899  0.002207 0.900000
(7, 1.0) (8, 0.0) 0.029189 -0.017610 0.075988  3.077482 0.737850
(7, 1.0) (8, 1.0) 0.022165 -0.036527 0.080857  1.863422 0.900000
(2, 0.0) (2, 1.0) 0.033090  0.008505 0.057675  6.641055 0.001000
(2, 0.0) (6, 0.0) 0.011568 -0.044731 0.067867  1.013848 0.900000
(2, 0.0) (6, 1.0) 0.048189 -0.013488 0.109865  3.855157 0.364465
(2, 0.0) (5, 0.0) 0.025377 -0.045347 0.096100  1.770485 0.900000
(2, 0.0) (5, 1.0) 0.045240 -0.039980 0.130461  2.619380 0.900000
(2, 0.0) (8, 0.0) 0.016089 -0.031359 0.063538  1.673139 0.900000
(2, 0.0) (8, 1.0) 0.067444  0.008232 0.126655  5.620238 0.008822
(2, 1.0) (6, 0.0) 0.021522 -0.035435 0.078479  1.864430 0.900000
(2, 1.0) (6, 1.0) 0.015099 -0.047179 0.077376  1.196268 0.900000
(2, 1.0) (5, 0.0) 0.007713 -0.063535 0.078961  0.534149 0.900000
(2, 1.0) (5, 1.0) 0.012151 -0.073506 0.097807  0.699928 0.900000
(2, 1.0) (8, 0.0) 0.017000 -0.031227 0.065228  1.739334 0.900000
(2, 1.0) (8, 1.0) 0.034354 -0.025483 0.094191  2.832848 0.851051
(6, 0.0) (6, 1.0) 0.036621 -0.043652 0.116893  2.250998 0.900000
(6, 0.0) (5, 0.0) 0.013809 -0.073607 0.101224  0.779445 0.900000
(6, 0.0) (5, 1.0) 0.033672 -0.065838 0.133182  1.669642 0.900000
(6, 0.0) (8, 0.0) 0.004521 -0.065415 0.074458  0.318995 0.900000
(6, 0.0) (8, 1.0) 0.055876 -0.022519 0.134270  3.516862 0.534534
(6, 1.0) (5, 0.0) 0.022812 -0.068160 0.113783  1.237282 0.900000
(6, 1.0) (5, 1.0) 0.002948 -0.099700 0.105596  0.141718 0.900000
(6, 1.0) (8, 0.0) 0.032099 -0.042234 0.106432  2.130730 0.900000
(6, 1.0) (8, 1.0) 0.019255 -0.063086 0.101596  1.153844 0.900000
(5, 0.0) (5, 1.0) 0.019863 -0.088462 0.128189  0.904778 0.900000
(5, 0.0) (8, 0.0) 0.009287 -0.072708 0.091283  0.558890 0.900000
(5, 0.0) (8, 1.0) 0.042067 -0.047252 0.131385  2.323881 0.900000
(5, 1.0) (8, 0.0) 0.029151 -0.065633 0.123935  1.517523 0.900000
(5, 1.0) (8, 1.0) 0.022203 -0.078983 0.123389  1.082715 0.900000
(8, 0.0) (8, 1.0) 0.051354 -0.020947 0.123655  3.504697 0.540163

----------------------------------------------------------------------------------------

Results for Shapiro-Wilk test to check for normality are: 

w is: 0.720427393913269/ p-value is: 0.0
----------------------------------------------------------------------------------------

Results for Levene's test to check for equality of variance are: 

              Parameter   Value
    Test statistics (W) 39.6473
Degrees of freedom (Df) 17.0000
                p value  0.0000
----------------------------------------------------------------------------------------

Results for the scheirer Ray Hare Test -- to be used if ANOVA assumptions are violated: 

                              Df        Sum Sq           H   p.value
rs10462020_rs10838524          8  5.519092e+09   20.854396  0.007544
sex                            1  2.192649e+11  828.512360  0.000000
rs10462020_rs10838524:sex      8  2.241134e+09    8.468332  0.389108
Residuals                  60570  1.580727e+13         NaN       NaN
----------------------------------------------------------------------------------------

Results for follow-up Dunn's test between rs10462020_rs10838524 & sex and GAD7 are: 

   Comparison         Z  P.unadj   P.adj
0_0.0 - 0_1.0  12.85952  0.00000 0.00000
0_0.0 - 1_0.0   1.12328  0.26132 1.00000
0_1.0 - 1_0.0 -13.98090  0.00000 0.00000
0_0.0 - 1_1.0  14.30793  0.00000 0.00000
0_1.0 - 1_1.0  -1.42088  0.15535 1.00000
1_0.0 - 1_1.0  17.12831  0.00000 0.00000
0_0.0 - 2_0.0  -1.22718  0.21975 1.00000
0_1.0 - 2_0.0  -9.19390  0.00000 0.00000
1_0.0 - 2_0.0  -1.89457  0.05815 1.00000
1_1.0 - 2_0.0  -9.03512  0.00000 0.00000
0_0.0 - 2_1.0   5.62742  0.00000 0.00000
0_1.0 - 2_1.0  -1.70926  0.08740 1.00000
1_0.0 - 2_1.0   5.36014  0.00000 0.00001
1_1.0 - 2_1.0  -1.06633  0.28627 1.00000
2_0.0 - 2_1.0   5.45935  0.00000 0.00001
0_0.0 - 3_0.0  -0.84607  0.39752 1.00000
0_1.0 - 3_0.0 -11.80652  0.00000 0.00000
1_0.0 - 3_0.0  -1.84348  0.06526 1.00000
1_1.0 - 3_0.0 -12.39762  0.00000 0.00000
2_0.0 - 3_0.0   0.58297  0.55991 1.00000
2_1.0 - 3_0.0  -5.82871  0.00000 0.00000
0_0.0 - 3_1.0  10.06991  0.00000 0.00000
0_1.0 - 3_1.0  -0.53137  0.59516 1.00000
1_0.0 - 3_1.0  10.32420  0.00000 0.00000
1_1.0 - 3_1.0   0.52175  0.60184 1.00000
2_0.0 - 3_1.0   8.08156  0.00000 0.00000
2_1.0 - 3_1.0   1.24497  0.21314 1.00000
3_0.0 - 3_1.0   9.70382  0.00000 0.00000
0_0.0 - 4_0.0   0.24542  0.80613 1.00000
0_1.0 - 4_0.0 -13.89014  0.00000 0.00000
1_0.0 - 4_0.0  -1.00914  0.31291 1.00000
1_1.0 - 4_0.0 -16.32040  0.00000 0.00000
2_0.0 - 4_0.0   1.40859  0.15896 1.00000
2_1.0 - 4_0.0  -5.66919  0.00000 0.00000
3_0.0 - 4_0.0   1.10963  0.26716 1.00000
3_1.0 - 4_0.0 -10.52904  0.00000 0.00000
0_0.0 - 4_1.0  12.38069  0.00000 0.00000
0_1.0 - 4_1.0  -1.96650  0.04924 1.00000
1_0.0 - 4_1.0  13.99098  0.00000 0.00000
1_1.0 - 4_1.0  -0.82707  0.40820 1.00000
2_0.0 - 4_1.0   8.38354  0.00000 0.00000
2_1.0 - 4_1.0   0.68213  0.49516 1.00000
3_0.0 - 4_1.0  11.10562  0.00000 0.00000
3_1.0 - 4_1.0  -1.02565  0.30506 1.00000
4_0.0 - 4_1.0  13.71918  0.00000 0.00000
0_0.0 - 5_0.0   1.44344  0.14890 1.00000
0_1.0 - 5_0.0  -0.67653  0.49870 1.00000
1_0.0 - 5_0.0   1.30221  0.19285 1.00000
1_1.0 - 5_0.0  -0.47319  0.63608 1.00000
2_0.0 - 5_0.0   1.72500  0.08453 1.00000
2_1.0 - 5_0.0  -0.17153  0.86381 1.00000
3_0.0 - 5_0.0   1.59181  0.11143 1.00000
3_1.0 - 5_0.0  -0.56303  0.57341 1.00000
4_0.0 - 5_0.0   1.41245  0.15782 1.00000
4_1.0 - 5_0.0  -0.37015  0.71127 1.00000
0_0.0 - 5_1.0   1.46522  0.14286 1.00000
0_1.0 - 5_1.0  -0.28296  0.77721 1.00000
1_0.0 - 5_1.0   1.34822  0.17759 1.00000
1_1.0 - 5_1.0  -0.11380  0.90939 1.00000
2_0.0 - 5_1.0   1.70291  0.08859 1.00000
2_1.0 - 5_1.0   0.12729  0.89871 1.00000
3_0.0 - 5_1.0   1.58869  0.11213 1.00000
3_1.0 - 5_1.0  -0.19146  0.84817 1.00000
4_0.0 - 5_1.0   1.43924  0.15008 1.00000
4_1.0 - 5_1.0  -0.02945  0.97651 1.00000
5_0.0 - 5_1.0   0.21347  0.83096 1.00000
0_0.0 - 6_0.0  -0.57708  0.56389 1.00000
0_1.0 - 6_0.0  -3.26728  0.00109 0.16614
1_0.0 - 6_0.0  -0.76728  0.44292 1.00000
1_1.0 - 6_0.0  -3.02879  0.00246 0.37567
2_0.0 - 6_0.0  -0.16627  0.86795 1.00000
2_1.0 - 6_0.0  -2.52084  0.01171 1.00000
3_0.0 - 6_0.0  -0.37520  0.70751 1.00000
3_1.0 - 6_0.0  -3.09609  0.00196 0.30001
4_0.0 - 6_0.0  -0.62302  0.53327 1.00000
4_1.0 - 6_0.0  -2.88995  0.00385 0.58951
5_0.0 - 6_0.0  -1.50269  0.13292 1.00000
5_1.0 - 6_0.0  -1.55244  0.12056 1.00000
0_0.0 - 6_1.0   1.62601  0.10395 1.00000
0_1.0 - 6_1.0  -0.82115  0.41156 1.00000
1_0.0 - 6_1.0   1.46459  0.14303 1.00000
1_1.0 - 6_1.0  -0.58760  0.55680 1.00000
2_0.0 - 6_1.0   1.93862  0.05255 1.00000
2_1.0 - 6_1.0  -0.23527  0.81400 1.00000
3_0.0 - 6_1.0   1.79456  0.07272 1.00000
3_1.0 - 6_1.0  -0.68849  0.49114 1.00000
4_0.0 - 6_1.0   1.59137  0.11153 1.00000
4_1.0 - 6_1.0  -0.46815  0.63968 1.00000
5_0.0 - 6_1.0  -0.02672  0.97868 1.00000
5_1.0 - 6_1.0  -0.24896  0.80339 1.00000
6_0.0 - 6_1.0   1.60613  0.10825 1.00000
0_0.0 - 7_0.0   1.97916  0.04780 1.00000
0_1.0 - 7_0.0  -7.64184  0.00000 0.00000
1_0.0 - 7_0.0   1.41572  0.15686 1.00000
1_1.0 - 7_0.0  -7.45384  0.00000 0.00000
2_0.0 - 7_0.0   2.48774  0.01286 1.00000
2_1.0 - 7_0.0  -3.68855  0.00023 0.03451
3_0.0 - 7_0.0   2.45387  0.01413 1.00000
3_1.0 - 7_0.0  -6.37245  0.00000 0.00000
4_0.0 - 7_0.0   1.91851  0.05505 1.00000
4_1.0 - 7_0.0  -6.65544  0.00000 0.00000
5_0.0 - 7_0.0  -1.00714  0.31387 1.00000
5_1.0 - 7_0.0  -1.10640  0.26855 1.00000
6_0.0 - 7_0.0   1.09867  0.27191 1.00000
6_1.0 - 7_0.0  -1.11871  0.26326 1.00000
0_0.0 - 7_1.0  10.52679  0.00000 0.00000
0_1.0 - 7_1.0   1.40771  0.15922 1.00000
1_0.0 - 7_1.0  10.63328  0.00000 0.00000
1_1.0 - 7_1.0   2.47315  0.01339 1.00000
2_0.0 - 7_1.0   8.88286  0.00000 0.00000
2_1.0 - 7_1.0   2.49267  0.01268 1.00000
3_0.0 - 7_1.0  10.29238  0.00000 0.00000
3_1.0 - 7_1.0   1.68985  0.09106 1.00000
4_0.0 - 7_1.0  10.85114  0.00000 0.00000
4_1.0 - 7_1.0   2.83567  0.00457 0.69967
5_0.0 - 7_1.0   1.00042  0.31711 1.00000
5_1.0 - 7_1.0   0.55614  0.57812 1.00000
6_0.0 - 7_1.0   3.61732  0.00030 0.04554
6_1.0 - 7_1.0   1.18914  0.23438 1.00000
7_0.0 - 7_1.0   7.34800  0.00000 0.00000
0_0.0 - 8_0.0   0.56346  0.57312 1.00000
0_1.0 - 8_0.0  -2.67520  0.00747 1.00000
1_0.0 - 8_0.0   0.34285  0.73171 1.00000
1_1.0 - 8_0.0  -2.38703  0.01698 1.00000
2_0.0 - 8_0.0   1.00161  0.31653 1.00000
2_1.0 - 8_0.0  -1.79762  0.07224 1.00000
3_0.0 - 8_0.0   0.79359  0.42743 1.00000
3_1.0 - 8_0.0  -2.47096  0.01348 1.00000
4_0.0 - 8_0.0   0.51378  0.60741 1.00000
4_1.0 - 8_0.0  -2.22026  0.02640 1.00000
5_0.0 - 8_0.0  -0.90826  0.36374 1.00000
5_1.0 - 8_0.0  -1.02969  0.30316 1.00000
6_0.0 - 8_0.0   0.81339  0.41599 1.00000
6_1.0 - 8_0.0  -0.96918  0.33245 1.00000
7_0.0 - 8_0.0  -0.08563  0.93176 1.00000
7_1.0 - 8_0.0  -3.09389  0.00198 0.30226
0_0.0 - 8_1.0   4.30944  0.00002 0.00250
0_1.0 - 8_1.0   1.74848  0.08038 1.00000
1_0.0 - 8_1.0   4.15542  0.00003 0.00497
1_1.0 - 8_1.0   2.00965  0.04447 1.00000
2_0.0 - 8_1.0   4.55259  0.00001 0.00081
2_1.0 - 8_1.0   2.26190  0.02370 1.00000
3_0.0 - 8_1.0   4.46555  0.00001 0.00122
3_1.0 - 8_1.0   1.86393  0.06233 1.00000
4_0.0 - 8_1.0   4.28258  0.00002 0.00283
4_1.0 - 8_1.0   2.12776  0.03336 1.00000
5_0.0 - 8_1.0   1.65213  0.09851 1.00000
5_1.0 - 8_1.0   1.22983  0.21876 1.00000
6_0.0 - 8_1.0   3.55798  0.00037 0.05718
6_1.0 - 8_1.0   1.82166  0.06851 1.00000
7_0.0 - 8_1.0   3.73737  0.00019 0.02845
7_1.0 - 8_1.0   1.31615  0.18813 1.00000
8_0.0 - 8_1.0   3.07105  0.00213 0.32636

----------------------------------------------------------------------------------------

