----------------------------------------------------------------------------------------

Results for two way ANOVA between rs10462023_rs1801260&sex and GAD7 are: 

                                     df       sum_sq   mean_sq           F        PR(>F)
C(rs10462023_rs1801260)             8.0     0.375383  0.046923    1.855150  6.232992e-02
C(sex)                              1.0     3.354630  3.354630  132.629108  1.173058e-30
C(rs10462023_rs1801260):C(sex)      8.0     0.235524  0.029441    1.163964  3.167066e-01
Residual                        60570.0  1532.015964  0.025293         NaN           NaN
----------------------------------------------------------------------------------------

Results for follow-up Tukey test between rs10462023_rs1801260 & sex and GAD7 are: 

Main effect for rs10462023_rs1801260:
 group1  group2     Diff     Lower    Upper  q-value  p-value
      1       2 0.001343 -0.005204 0.007889 0.899775 0.900000
      1       0 0.001929 -0.004925 0.008782 1.234579 0.900000
      1       3 0.002250 -0.004757 0.009257 1.408529 0.900000
      1       5 0.005487 -0.003314 0.014288 2.734800 0.577219
      1       8 0.000619 -0.009223 0.010461 0.275986 0.900000
      1       4 0.000800 -0.012570 0.014170 0.262488 0.900000
      1       6 0.000966 -0.019506 0.021438 0.206937 0.900000
      1       7 0.002012 -0.010004 0.014028 0.734579 0.900000
      2       0 0.003272 -0.002677 0.009221 2.412441 0.715536
      2       3 0.000907 -0.005218 0.007032 0.649601 0.900000
      2       5 0.006830 -0.001287 0.014946 3.691133 0.181963
      2       8 0.001962 -0.007273 0.011197 0.931947 0.900000
      2       4 0.000543 -0.012387 0.013472 0.184161 0.900000
      2       6 0.000377 -0.019810 0.020564 0.081938 0.900000
      2       7 0.000669 -0.010855 0.012194 0.254792 0.900000
      0       3 0.004179 -0.002273 0.010631 2.841033 0.531640
      0       5 0.003558 -0.004808 0.011924 1.865654 0.900000
      0       8 0.001310 -0.008146 0.010765 0.607570 0.900000
      0       4 0.002729 -0.010359 0.015816 0.914647 0.900000
      0       6 0.002895 -0.017394 0.023183 0.625835 0.900000
      0       7 0.003941 -0.007760 0.015642 1.477434 0.900000
      3       5 0.007737 -0.000756 0.016229 3.996407 0.107948
      3       8 0.002869 -0.006698 0.012436 1.315527 0.900000
      3       4 0.001450 -0.011719 0.014618 0.482976 0.900000
      3       6 0.001284 -0.019057 0.021625 0.276931 0.900000
      3       7 0.000238 -0.011554 0.012030 0.088425 0.900000
      5       8 0.004868 -0.006082 0.015817 1.950119 0.900000
      5       4 0.006287 -0.007918 0.020491 1.941511 0.900000
      5       6 0.006453 -0.014574 0.027479 1.346164 0.900000
      5       7 0.007499 -0.005440 0.020438 2.542448 0.659752
      8       4 0.001419 -0.013453 0.016291 0.418614 0.900000
      8       6 0.001585 -0.019898 0.023068 0.323633 0.900000
      8       7 0.002631 -0.011037 0.016300 0.844523 0.900000
      4       6 0.000166 -0.023146 0.023477 0.031187 0.900000
      4       7 0.001212 -0.015180 0.017604 0.324388 0.900000
      6       7 0.001046 -0.021516 0.023609 0.203455 0.900000

Main effect for sex:
 group1  group2     Diff    Lower   Upper   q-value  p-value
    0.0     1.0 0.033492 0.030944 0.03604 36.438327    0.001

Interaction effect between rs10462023_rs1801260 and sex:
  group1   group2     Diff     Lower    Upper   q-value  p-value
(1, 0.0) (1, 1.0) 0.029132  0.017353 0.040910 12.203537 0.001000
(1, 0.0) (2, 0.0) 0.000108 -0.009851 0.010066  0.053474 0.900000
(1, 0.0) (2, 1.0) 0.032843  0.022452 0.043233 15.595896 0.001000
(1, 0.0) (0, 0.0) 0.003265 -0.007140 0.013670  1.548436 0.900000
(1, 0.0) (0, 1.0) 0.029962  0.019003 0.040921 13.490313 0.001000
(1, 0.0) (3, 0.0) 0.000020 -0.010640 0.010680  0.009316 0.900000
(1, 0.0) (3, 1.0) 0.034829  0.023634 0.046024 15.351065 0.001000
(1, 0.0) (5, 0.0) 0.010963 -0.002327 0.024253  4.070107 0.265326
(1, 0.0) (5, 1.0) 0.031980  0.017536 0.046423 10.925069 0.001000
(1, 0.0) (8, 0.0) 0.002869 -0.012091 0.017829  0.946278 0.900000
(1, 0.0) (8, 1.0) 0.031750  0.015649 0.047852  9.729789 0.001000
(1, 0.0) (4, 0.0) 0.002515 -0.017550 0.022580  0.618445 0.900000
(1, 0.0) (4, 1.0) 0.035796  0.013332 0.058260  7.862626 0.001000
(1, 0.0) (6, 0.0) 0.003348 -0.027529 0.034225  0.535010 0.900000
(1, 0.0) (6, 1.0) 0.036508  0.002111 0.070905  5.237023 0.024221
(1, 0.0) (7, 0.0) 0.005556 -0.012525 0.023636  1.516197 0.900000
(1, 0.0) (7, 1.0) 0.027955  0.007890 0.048020  6.874403 0.001000
(1, 1.0) (2, 0.0) 0.029024  0.018493 0.039554 13.599675 0.001000
(1, 1.0) (2, 1.0) 0.003711 -0.007229 0.014651  1.673765 0.900000
(1, 1.0) (0, 0.0) 0.032397  0.021444 0.043350 14.594123 0.001000
(1, 1.0) (0, 1.0) 0.000831 -0.010650 0.012312  0.357025 0.900000
(1, 1.0) (3, 0.0) 0.029152  0.017955 0.040348 12.847198 0.001000
(1, 1.0) (3, 1.0) 0.005697 -0.006009 0.017404  2.401435 0.900000
(1, 1.0) (5, 0.0) 0.040094  0.026371 0.053818 14.415394 0.001000
(1, 1.0) (5, 1.0) 0.002848 -0.011995 0.017691  0.946760 0.900000
(1, 1.0) (8, 0.0) 0.032001  0.016654 0.047347 10.288987 0.001000
(1, 1.0) (8, 1.0) 0.002619 -0.013842 0.019080  0.784933 0.900000
(1, 1.0) (4, 0.0) 0.031647  0.011292 0.052001  7.671383 0.001000
(1, 1.0) (4, 1.0) 0.006665 -0.016059 0.029388  1.447166 0.900000
(1, 1.0) (6, 0.0) 0.032480  0.001413 0.063546  5.158683 0.029439
(1, 1.0) (6, 1.0) 0.007376 -0.027191 0.041943  1.052922 0.900000
(1, 1.0) (7, 0.0) 0.023576  0.005174 0.041977  6.321670 0.001087
(1, 1.0) (7, 1.0) 0.001177 -0.019178 0.021532  0.285227 0.900000
(2, 0.0) (2, 1.0) 0.032735  0.023784 0.041686 18.045246 0.001000
(2, 0.0) (0, 0.0) 0.003373 -0.005594 0.012340  1.856074 0.900000
(2, 0.0) (0, 1.0) 0.029854  0.020250 0.039459 15.337055 0.001000
(2, 0.0) (3, 0.0) 0.000128 -0.009134 0.009390  0.068215 0.900000
(2, 0.0) (3, 1.0) 0.034721  0.024848 0.044594 17.352468 0.001000
(2, 0.0) (5, 0.0) 0.011071 -0.001127 0.023268  4.478375 0.129695
(2, 0.0) (5, 1.0) 0.031872  0.018427 0.045317 11.696927 0.001000
(2, 0.0) (8, 0.0) 0.002977 -0.011021 0.016975  1.049335 0.900000
(2, 0.0) (8, 1.0) 0.031642  0.016430 0.046854 10.263646 0.001000
(2, 0.0) (4, 0.0) 0.002623 -0.016736 0.021982  0.668521 0.900000
(2, 0.0) (4, 1.0) 0.035688  0.013853 0.057524  8.064614 0.001000
(2, 0.0) (6, 0.0) 0.003456 -0.026967 0.033879  0.560503 0.900000
(2, 0.0) (6, 1.0) 0.036400  0.002410 0.070390  5.284101 0.021530
(2, 0.0) (7, 0.0) 0.005448 -0.011845 0.022741  1.554431 0.900000
(2, 0.0) (7, 1.0) 0.027847  0.008488 0.047206  7.097747 0.001000
(2, 1.0) (0, 0.0) 0.036108  0.026663 0.045552 18.863844 0.001000
(2, 1.0) (0, 1.0) 0.002880 -0.007172 0.012932  1.413817 0.900000
(2, 1.0) (3, 0.0) 0.032863  0.023137 0.042588 16.672759 0.001000
(2, 1.0) (3, 1.0) 0.001986 -0.008322 0.012295  0.950786 0.900000
(2, 1.0) (5, 0.0) 0.043805  0.031253 0.056358 17.218894 0.001000
(2, 1.0) (5, 1.0) 0.000863 -0.012905 0.014631  0.309252 0.900000
(2, 1.0) (8, 0.0) 0.035712  0.021403 0.050020 12.314817 0.001000
(2, 1.0) (8, 1.0) 0.001092 -0.014406 0.016591  0.347781 0.900000
(2, 1.0) (4, 0.0) 0.035358  0.015773 0.054942  8.908130 0.001000
(2, 1.0) (4, 1.0) 0.002954 -0.019082 0.024989  0.661353 0.900000
(2, 1.0) (6, 0.0) 0.036191  0.005624 0.066758  5.841979 0.004700
(2, 1.0) (6, 1.0) 0.003665 -0.030454 0.037784  0.530068 0.900000
(2, 1.0) (7, 0.0) 0.027287  0.009741 0.044832  7.673709 0.001000
(2, 1.0) (7, 1.0) 0.004888 -0.014697 0.024472  1.231413 0.900000
(0, 0.0) (0, 1.0) 0.033228  0.023161 0.043294 16.286750 0.001000
(0, 0.0) (3, 0.0) 0.003245 -0.006495 0.012986  1.643829 0.900000
(0, 0.0) (3, 1.0) 0.038094  0.027771 0.048417 18.208579 0.001000
(0, 0.0) (5, 0.0) 0.007698 -0.004867 0.020262  3.022934 0.763089
(0, 0.0) (5, 1.0) 0.035245  0.021466 0.049023 12.621555 0.001000
(0, 0.0) (8, 0.0) 0.000396 -0.013923 0.014715  0.136531 0.900000
(0, 0.0) (8, 1.0) 0.035015  0.019508 0.050523 11.141154 0.001000
(0, 0.0) (4, 0.0) 0.000750 -0.018842 0.020342  0.188946 0.900000
(0, 0.0) (4, 1.0) 0.039061  0.017019 0.061104  8.743928 0.001000
(0, 0.0) (6, 0.0) 0.000083 -0.030489 0.030655  0.013364 0.900000
(0, 0.0) (6, 1.0) 0.039773  0.005650 0.073896  5.751195 0.006109
(0, 0.0) (7, 0.0) 0.008821 -0.008733 0.026375  2.479489 0.900000
(0, 0.0) (7, 1.0) 0.031220  0.011628 0.050812  7.862755 0.001000
(0, 1.0) (3, 0.0) 0.029982  0.019652 0.040313 14.320669 0.001000
(0, 1.0) (3, 1.0) 0.004867 -0.006015 0.015748  2.206826 0.900000
(0, 1.0) (5, 0.0) 0.040925  0.027898 0.053952 15.500992 0.001000
(0, 1.0) (5, 1.0) 0.002017 -0.012184 0.016219  0.700907 0.900000
(0, 1.0) (8, 0.0) 0.032831  0.018105 0.047558 11.000321 0.001000
(0, 1.0) (8, 1.0) 0.001788 -0.014097 0.017673  0.555359 0.900000
(0, 1.0) (4, 0.0) 0.032477  0.012585 0.052369  8.056034 0.001000
(0, 1.0) (4, 1.0) 0.005834 -0.016476 0.028143  1.290277 0.900000
(0, 1.0) (6, 0.0) 0.033310  0.002545 0.064075  5.342463 0.018551
(0, 1.0) (6, 1.0) 0.006546 -0.027751 0.040842  0.941712 0.900000
(0, 1.0) (7, 0.0) 0.024407  0.006519 0.042294  6.732319 0.001000
(0, 1.0) (7, 1.0) 0.002007 -0.017884 0.021899  0.497932 0.900000
(3, 0.0) (3, 1.0) 0.034849  0.024269 0.045430 16.251996 0.001000
(3, 0.0) (5, 0.0) 0.010943 -0.001834 0.023719  4.225853 0.205868
(3, 0.0) (5, 1.0) 0.032000  0.018027 0.045972 11.300360 0.001000
(3, 0.0) (8, 0.0) 0.002849 -0.011657 0.017354  0.969056 0.900000
(3, 0.0) (8, 1.0) 0.031770  0.016090 0.047451  9.997366 0.001000
(3, 0.0) (4, 0.0) 0.002495 -0.017234 0.022224  0.623952 0.900000
(3, 0.0) (4, 1.0) 0.035816  0.013652 0.057980  7.973468 0.001000
(3, 0.0) (6, 0.0) 0.003328 -0.027332 0.033988  0.535565 0.900000
(3, 0.0) (6, 1.0) 0.036528  0.002326 0.070730  5.269794 0.022321
(3, 0.0) (7, 0.0) 0.005576 -0.012131 0.023282  1.553823 0.900000
(3, 0.0) (7, 1.0) 0.027975  0.008246 0.047704  6.996600 0.001000
(3, 1.0) (5, 0.0) 0.045792  0.032566 0.059018 17.083283 0.001000
(3, 1.0) (5, 1.0) 0.002849 -0.011535 0.017234  0.977384 0.900000
(3, 1.0) (8, 0.0) 0.037698  0.022795 0.052601 12.481444 0.001000
(3, 1.0) (8, 1.0) 0.003079 -0.012970 0.019127  0.946593 0.900000
(3, 1.0) (4, 0.0) 0.037344  0.017321 0.057367  9.202651 0.001000
(3, 1.0) (4, 1.0) 0.000967 -0.021459 0.023393  0.212786 0.900000
(3, 1.0) (6, 0.0) 0.038177  0.007327 0.069027  6.106171 0.002133
(3, 1.0) (6, 1.0) 0.001679 -0.032693 0.036051  0.241004 0.900000
(3, 1.0) (7, 0.0) 0.029273  0.011240 0.047307  8.009606 0.001000
(3, 1.0) (7, 1.0) 0.006874 -0.013149 0.026897  1.693972 0.900000
(5, 0.0) (5, 1.0) 0.042942  0.026873 0.059011 13.185994 0.001000
(5, 0.0) (8, 0.0) 0.008094 -0.008441 0.024628  2.415285 0.900000
(5, 0.0) (8, 1.0) 0.042713  0.025139 0.060287 11.992178 0.001000
(5, 0.0) (4, 0.0) 0.008448 -0.012818 0.029713  1.960137 0.900000
(5, 0.0) (4, 1.0) 0.046759  0.023217 0.070301  9.800189 0.001000
(5, 0.0) (6, 0.0) 0.007615 -0.024055 0.039285  1.186368 0.900000
(5, 0.0) (6, 1.0) 0.047471  0.012360 0.082581  6.671195 0.001000
(5, 0.0) (7, 0.0) 0.016518 -0.002885 0.035922  4.200511 0.214970
(5, 0.0) (7, 1.0) 0.038918  0.017652 0.060183  9.030095 0.001000
(5, 1.0) (8, 0.0) 0.034849  0.017374 0.052324  9.839720 0.001000
(5, 1.0) (8, 1.0) 0.000229 -0.018232 0.018691  0.061330 0.900000
(5, 1.0) (4, 0.0) 0.034495  0.012490 0.056499  7.734958 0.001000
(5, 1.0) (4, 1.0) 0.003816 -0.020395 0.028028  0.777764 0.900000
(5, 1.0) (6, 0.0) 0.035328  0.003156 0.067499  5.418328 0.015223
(5, 1.0) (6, 1.0) 0.004528 -0.031035 0.040091  0.628264 0.900000
(5, 1.0) (7, 0.0) 0.026424  0.006213 0.046635  6.450977 0.001000
(5, 1.0) (7, 1.0) 0.004025 -0.017980 0.026029  0.902493 0.900000
(8, 0.0) (8, 1.0) 0.034619  0.015751 0.053488  9.053065 0.001000
(8, 0.0) (4, 0.0) 0.000354 -0.021993 0.022701  0.078170 0.900000
(8, 0.0) (4, 1.0) 0.038665  0.014142 0.063189  7.779561 0.001000
(8, 0.0) (6, 0.0) 0.000479 -0.031927 0.032885  0.072934 0.900000
(8, 0.0) (6, 1.0) 0.039377  0.003601 0.075153  5.430841 0.014729
(8, 0.0) (7, 0.0) 0.008425 -0.012158 0.029008  2.019576 0.900000
(8, 0.0) (7, 1.0) 0.030824  0.008477 0.053171  6.805973 0.001000
(8, 1.0) (4, 0.0) 0.034265  0.011139 0.057392  7.310698 0.001000
(8, 1.0) (4, 1.0) 0.004046 -0.021190 0.029282  0.791067 0.900000
(8, 1.0) (6, 0.0) 0.035098  0.002149 0.068047  5.256079 0.023099
(8, 1.0) (6, 1.0) 0.004758 -0.031510 0.041026  0.647271 0.900000
(8, 1.0) (7, 0.0) 0.026194  0.004767 0.047622  6.031973 0.002675
(8, 1.0) (7, 1.0) 0.003795 -0.019331 0.026922  0.809744 0.900000
(4, 0.0) (4, 1.0) 0.038311  0.010379 0.066243  6.767596 0.001000
(4, 0.0) (6, 0.0) 0.000833 -0.034224 0.035890  0.117249 0.900000
(4, 0.0) (6, 1.0) 0.039023  0.000829 0.077216  5.041361 0.039096
(4, 0.0) (7, 0.0) 0.008071 -0.016475 0.032616  1.622391 0.900000
(4, 0.0) (7, 1.0) 0.030470  0.004428 0.056512  5.773126 0.005738
(4, 1.0) (6, 0.0) 0.039144  0.002661 0.075627  5.294125 0.020989
(4, 1.0) (6, 1.0) 0.000712 -0.038795 0.040218  0.088894 0.900000
(4, 1.0) (7, 0.0) 0.030240  0.003698 0.056783  5.621629 0.008790
(4, 1.0) (7, 1.0) 0.007841 -0.020091 0.035774  1.385134 0.900000
(6, 0.0) (6, 1.0) 0.039856 -0.004972 0.084684  4.386953 0.154911
(6, 0.0) (7, 0.0) 0.008904 -0.025056 0.042864  1.293671 0.900000
(6, 0.0) (7, 1.0) 0.031303 -0.003754 0.066360  4.405847 0.149444
(6, 1.0) (7, 0.0) 0.030952 -0.006237 0.068141  4.106696 0.250267
(6, 1.0) (7, 1.0) 0.008553 -0.029640 0.046746  1.104953 0.900000
(7, 0.0) (7, 1.0) 0.022399 -0.002146 0.046945  4.502735 0.124997

----------------------------------------------------------------------------------------

Results for Shapiro-Wilk test to check for normality are: 

w is: 0.7208620309829712/ p-value is: 0.0
----------------------------------------------------------------------------------------

Results for Levene's test to check for equality of variance are: 

              Parameter   Value
    Test statistics (W) 39.5253
Degrees of freedom (Df) 17.0000
                p value  0.0000
----------------------------------------------------------------------------------------

Results for the scheirer Ray Hare Test -- to be used if ANOVA assumptions are violated: 

                             Df        Sum Sq           H   p.value
rs10462023_rs1801260          8  4.002500e+09   15.123815  0.056782
sex                           1  2.191402e+11  828.041325  0.000000
rs10462023_rs1801260:sex      8  2.103376e+09    7.947799  0.438586
Residuals                 60570  1.580892e+13         NaN       NaN
----------------------------------------------------------------------------------------

Results for follow-up Dunn's test between rs10462023_rs1801260 & sex and GAD7 are: 

   Comparison         Z  P.unadj   P.adj
0_0.0 - 0_1.0  12.34402  0.00000 0.00000
0_0.0 - 1_0.0   0.64138  0.52127 1.00000
0_1.0 - 1_0.0 -10.72984  0.00000 0.00000
0_0.0 - 1_1.0  10.85373  0.00000 0.00000
0_1.0 - 1_1.0  -0.46848  0.63944 1.00000
1_0.0 - 1_1.0   9.52652  0.00000 0.00000
0_0.0 - 2_0.0   0.82463  0.40958 1.00000
0_1.0 - 2_0.0 -12.16770  0.00000 0.00000
1_0.0 - 2_0.0   0.07242  0.94227 1.00000
1_1.0 - 2_0.0 -10.58739  0.00000 0.00000
0_0.0 - 2_1.0  14.45610  0.00000 0.00000
0_1.0 - 2_1.0   1.22081  0.22216 1.00000
1_0.0 - 2_1.0  12.49772  0.00000 0.00000
1_1.0 - 2_1.0   1.61339  0.10666 1.00000
2_0.0 - 2_1.0  14.42760  0.00000 0.00000
0_0.0 - 3_0.0   0.51278  0.60810 1.00000
0_1.0 - 3_0.0 -11.54513  0.00000 0.00000
1_0.0 - 3_0.0  -0.15746  0.87488 1.00000
1_1.0 - 3_0.0 -10.17199  0.00000 0.00000
2_0.0 - 3_0.0  -0.25909  0.79557 1.00000
2_1.0 - 3_0.0 -13.52508  0.00000 0.00000
0_0.0 - 3_1.0  14.23411  0.00000 0.00000
0_1.0 - 3_1.0   2.08384  0.03717 1.00000
1_0.0 - 3_1.0  12.52922  0.00000 0.00000
1_1.0 - 3_1.0   2.39643  0.01656 1.00000
2_0.0 - 3_1.0  14.13370  0.00000 0.00000
2_1.0 - 3_1.0   1.00917  0.31289 1.00000
3_0.0 - 3_1.0  13.41553  0.00000 0.00000
0_0.0 - 4_0.0  -0.52765  0.59774 1.00000
0_1.0 - 4_0.0  -6.76656  0.00000 0.00000
1_0.0 - 4_0.0  -0.84780  0.39655 1.00000
1_1.0 - 4_0.0  -6.34837  0.00000 0.00000
2_0.0 - 4_0.0  -0.91599  0.35967 1.00000
2_1.0 - 4_0.0  -7.49935  0.00000 0.00000
3_0.0 - 4_0.0  -0.77716  0.43706 1.00000
3_1.0 - 4_0.0  -7.85477  0.00000 0.00000
0_0.0 - 4_1.0   6.98308  0.00000 0.00000
0_1.0 - 4_1.0   1.32956  0.18366 1.00000
1_0.0 - 4_1.0   6.55495  0.00000 0.00000
1_1.0 - 4_1.0   1.54205  0.12306 1.00000
2_0.0 - 4_1.0   6.71064  0.00000 0.00000
2_1.0 - 4_1.0   0.78917  0.43001 1.00000
3_0.0 - 4_1.0   6.71935  0.00000 0.00000
3_1.0 - 4_1.0   0.31154  0.75539 1.00000
4_0.0 - 4_1.0   5.88068  0.00000 0.00000
0_0.0 - 5_0.0  -2.39241  0.01674 1.00000
0_1.0 - 5_0.0 -11.84616  0.00000 0.00000
1_0.0 - 5_0.0  -2.76389  0.00571 0.87389
1_1.0 - 5_0.0 -10.85285  0.00000 0.00000
2_0.0 - 5_0.0  -3.07061  0.00214 0.32684
2_1.0 - 5_0.0 -13.27139  0.00000 0.00000
3_0.0 - 5_0.0  -2.74355  0.00608 0.92992
3_1.0 - 5_0.0 -13.38227  0.00000 0.00000
4_0.0 - 5_0.0  -0.92739  0.35372 1.00000
4_1.0 - 5_0.0  -7.81501  0.00000 0.00000
0_0.0 - 5_1.0   9.01127  0.00000 0.00000
0_1.0 - 5_1.0  -0.00707  0.99436 1.00000
1_0.0 - 5_1.0   8.13440  0.00000 0.00000
1_1.0 - 5_1.0   0.35560  0.72214 1.00000
2_0.0 - 5_1.0   8.68495  0.00000 0.00000
2_1.0 - 5_1.0  -0.89862  0.36886 1.00000
3_0.0 - 5_1.0   8.52867  0.00000 0.00000
3_1.0 - 5_1.0  -1.58333  0.11335 1.00000
4_0.0 - 5_1.0   6.11235  0.00000 0.00000
4_1.0 - 5_1.0  -1.22923  0.21899 1.00000
5_0.0 - 5_1.0   9.59734  0.00000 0.00000
0_0.0 - 6_0.0   0.70570  0.48038 1.00000
0_1.0 - 6_0.0  -3.33782  0.00084 0.12919
1_0.0 - 6_0.0   0.48259  0.62939 1.00000
1_1.0 - 6_0.0  -3.13230  0.00173 0.26537
2_0.0 - 6_0.0   0.46609  0.64115 1.00000
2_1.0 - 6_0.0  -3.76089  0.00017 0.02590
3_0.0 - 6_0.0   0.54076  0.58867 1.00000
3_1.0 - 6_0.0  -4.06366  0.00005 0.00739
4_0.0 - 6_0.0   0.91030  0.36267 1.00000
4_1.0 - 6_0.0  -3.62770  0.00029 0.04375
5_0.0 - 6_0.0   1.63034  0.10303 1.00000
5_1.0 - 6_0.0  -3.18878  0.00143 0.21860
0_0.0 - 6_1.0   4.63625  0.00000 0.00054
0_1.0 - 6_1.0   0.98965  0.32234 1.00000
1_0.0 - 6_1.0   4.40533  0.00001 0.00162
1_1.0 - 6_1.0   1.13751  0.25533 1.00000
2_0.0 - 6_1.0   4.43689  0.00001 0.00140
2_1.0 - 6_1.0   0.63512  0.52535 1.00000
3_0.0 - 6_1.0   4.47953  0.00001 0.00114
3_1.0 - 6_1.0   0.32777  0.74308 1.00000
4_0.0 - 6_1.0   4.41283  0.00001 0.00156
4_1.0 - 6_1.0   0.10833  0.91373 1.00000
5_0.0 - 6_1.0   5.36197  0.00000 0.00001
5_1.0 - 6_1.0   0.95722  0.33846 1.00000
6_0.0 - 6_1.0   3.04786  0.00230 0.35263
0_0.0 - 7_0.0   1.20094  0.22977 1.00000
0_1.0 - 7_0.0  -5.76819  0.00000 0.00000
1_0.0 - 7_0.0   0.79687  0.42553 1.00000
1_1.0 - 7_0.0  -5.31490  0.00000 0.00002
2_0.0 - 7_0.0   0.79144  0.42868 1.00000
2_1.0 - 7_0.0  -6.58018  0.00000 0.00000
3_0.0 - 7_0.0   0.90850  0.36362 1.00000
3_1.0 - 7_0.0  -6.97904  0.00000 0.00000
4_0.0 - 7_0.0   1.28002  0.20054 1.00000
4_1.0 - 7_0.0  -5.00488  0.00000 0.00009
5_0.0 - 7_0.0   2.63558  0.00840 1.00000
5_1.0 - 7_0.0  -5.10019  0.00000 0.00005
6_0.0 - 7_0.0  -0.01453  0.98841 1.00000
6_1.0 - 7_0.0  -3.68716  0.00023 0.03470
0_0.0 - 7_1.0   7.07433  0.00000 0.00000
0_1.0 - 7_1.0   0.72080  0.47103 1.00000
1_0.0 - 7_1.0   6.57492  0.00000 0.00000
1_1.0 - 7_1.0   0.96865  0.33272 1.00000
2_0.0 - 7_1.0   6.77759  0.00000 0.00000
2_1.0 - 7_1.0   0.10551  0.91597 1.00000
3_0.0 - 7_1.0   6.77206  0.00000 0.00000
3_1.0 - 7_1.0  -0.41637  0.67714 1.00000
4_0.0 - 7_1.0   5.71909  0.00000 0.00000
4_1.0 - 7_1.0  -0.54859  0.58328 1.00000
5_0.0 - 7_1.0   7.93117  0.00000 0.00000
5_1.0 - 7_1.0   0.65616  0.51172 1.00000
6_0.0 - 7_1.0   3.33816  0.00084 0.12903
6_1.0 - 7_1.0  -0.51326  0.60777 1.00000
7_0.0 - 7_1.0   4.78778  0.00000 0.00026
0_0.0 - 8_0.0  -0.30654  0.75920 1.00000
0_1.0 - 8_0.0  -8.73601  0.00000 0.00000
1_0.0 - 8_0.0  -0.73949  0.45961 1.00000
1_1.0 - 8_0.0  -8.03273  0.00000 0.00000
2_0.0 - 8_0.0  -0.84182  0.39989 1.00000
2_1.0 - 8_0.0  -9.84878  0.00000 0.00000
3_0.0 - 8_0.0  -0.64692  0.51768 1.00000
3_1.0 - 8_0.0 -10.15413  0.00000 0.00000
4_0.0 - 8_0.0   0.26619  0.79009 1.00000
4_1.0 - 8_0.0  -6.45556  0.00000 0.00000
5_0.0 - 8_0.0   1.55247  0.12055 1.00000
5_1.0 - 8_0.0  -7.35619  0.00000 0.00000
6_0.0 - 8_0.0  -0.80119  0.42302 1.00000
6_1.0 - 8_0.0  -4.54474  0.00001 0.00084
7_0.0 - 8_0.0  -1.23743  0.21593 1.00000
7_1.0 - 8_0.0  -6.39864  0.00000 0.00000
0_0.0 - 8_1.0   7.95337  0.00000 0.00000
0_1.0 - 8_1.0  -0.05814  0.95364 1.00000
1_0.0 - 8_1.0   7.24568  0.00000 0.00000
1_1.0 - 8_1.0   0.27065  0.78666 1.00000
2_0.0 - 8_1.0   7.62190  0.00000 0.00000
2_1.0 - 8_1.0  -0.85140  0.39455 1.00000
3_0.0 - 8_1.0   7.54728  0.00000 0.00000
3_1.0 - 8_1.0  -1.47045  0.14144 1.00000
4_0.0 - 8_1.0   5.78019  0.00000 0.00000
4_1.0 - 8_1.0  -1.21196  0.22553 1.00000
5_0.0 - 8_1.0   8.72849  0.00000 0.00000
5_1.0 - 8_1.0  -0.04458  0.96444 1.00000
6_0.0 - 8_1.0   3.08854  0.00201 0.30775
6_1.0 - 8_1.0  -0.96131  0.33640 1.00000
7_0.0 - 8_1.0   4.77229  0.00000 0.00028
7_1.0 - 8_1.0  -0.65992  0.50931 1.00000
8_0.0 - 8_1.0   6.76933  0.00000 0.00000

----------------------------------------------------------------------------------------

