----------------------------------------------------------------------------------------

Results for two way ANOVA between rs228697_rs139459337&sex and GAD7 are: 

                                     df       sum_sq   mean_sq           F        PR(>F)
C(rs228697_rs139459337)             8.0     0.344473  0.043059    1.702374  9.227779e-02
C(sex)                              1.0     9.849454  9.849454  389.405591  2.086052e-86
C(rs228697_rs139459337):C(sex)      8.0     0.303013  0.037877    1.497481  1.521320e-01
Residual                        60570.0  1532.030951  0.025294         NaN           NaN
----------------------------------------------------------------------------------------

Results for follow-up Tukey test between rs228697_rs139459337 & sex and GAD7 are: 

Main effect for rs228697_rs139459337:
 group1  group2     Diff     Lower    Upper  q-value  p-value
      2       1 0.002486 -0.005352 0.010324 1.391431 0.900000
      2       0 0.000103 -0.004575 0.004781 0.096772 0.900000
      2       8 0.005593 -0.022958 0.034144 0.859365 0.900000
      2       3 0.005196 -0.005247 0.015640 2.182643 0.814134
      2       5 0.000241 -0.011448 0.011929 0.090296 0.900000
      2       7 0.015432 -0.036423 0.067287 1.305508 0.900000
      2       4 0.017885 -0.018297 0.054066 2.168339 0.820272
      2       6 0.009319 -0.146728 0.165366 0.261969 0.900000
      1       0 0.002383 -0.004968 0.009734 1.422006 0.900000
      1       8 0.008079 -0.021029 0.037188 1.217553 0.900000
      1       3 0.002710 -0.009174 0.014594 1.000479 0.900000
      1       5 0.002727 -0.010265 0.015718 0.920690 0.900000
      1       7 0.017919 -0.034246 0.070083 1.506836 0.900000
      1       4 0.020371 -0.016253 0.056994 2.439970 0.703725
      1       6 0.006833 -0.149317 0.162983 0.191955 0.900000
      0       8 0.005696 -0.022725 0.034118 0.879217 0.900000
      0       3 0.005093 -0.004990 0.015177 2.215724 0.799938
      0       5 0.000344 -0.011024 0.011712 0.132665 0.900000
      0       7 0.015536 -0.036248 0.067319 1.316049 0.900000
      0       4 0.017988 -0.018092 0.054067 2.187036 0.812248
      0       6 0.009216 -0.146808 0.165239 0.259107 0.900000
      8       3 0.010790 -0.019126 0.040706 1.582133 0.900000
      8       5 0.005353 -0.025020 0.035726 0.773070 0.900000
      8       7 0.009839 -0.049109 0.068787 0.732195 0.900000
      8       4 0.012291 -0.033480 0.058063 1.177995 0.900000
      8       6 0.014912 -0.143633 0.173458 0.412597 0.900000
      3       5 0.005437 -0.009274 0.020148 1.621250 0.900000
      3       7 0.020629 -0.031990 0.073248 1.719772 0.900000
      3       4 0.023081 -0.014187 0.060349 2.716784 0.584952
      3       6 0.004123 -0.152180 0.160425 0.115700 0.900000
      5       7 0.015192 -0.037688 0.068072 1.260245 0.900000
      5       4 0.017644 -0.019992 0.055280 2.056513 0.868250
      5       6 0.009560 -0.146831 0.165951 0.268142 0.900000
      7       4 0.002452 -0.060546 0.065450 0.170752 0.900000
      7       6 0.024751 -0.139597 0.189100 0.660649 0.900000
      4       6 0.027204 -0.132892 0.187299 0.745390 0.900000

Main effect for sex:
 group1  group2     Diff    Lower   Upper   q-value  p-value
    0.0     1.0 0.033492 0.030944 0.03604 36.438149    0.001

Interaction effect between rs228697_rs139459337 and sex:
  group1   group2     Diff     Lower    Upper   q-value  p-value
(2, 0.0) (2, 1.0) 0.031904  0.023246 0.040563 18.181585 0.001000
(2, 0.0) (1, 0.0) 0.003125 -0.008728 0.014979  1.301033 0.900000
(2, 0.0) (1, 1.0) 0.030097  0.017221 0.042973 11.533668 0.001000
(2, 0.0) (0, 0.0) 0.001185 -0.005879 0.008248  0.827444 0.900000
(2, 0.0) (0, 1.0) 0.033277  0.025925 0.040629 22.333185 0.001000
(2, 0.0) (8, 0.0) 0.006839 -0.037138 0.050817  0.767362 0.900000
(2, 0.0) (8, 1.0) 0.034611 -0.012312 0.081534  3.639548 0.476944
(2, 0.0) (3, 0.0) 0.008180 -0.007673 0.024033  2.545970 0.900000
(2, 0.0) (3, 1.0) 0.029903  0.012643 0.047164  8.548308 0.001000
(2, 0.0) (5, 0.0) 0.003075 -0.014847 0.020996  0.846548 0.900000
(2, 0.0) (5, 1.0) 0.027628  0.008489 0.046766  7.122917 0.001000
(2, 0.0) (7, 0.0) 0.002554 -0.079464 0.084572  0.153653 0.900000
(2, 0.0) (7, 1.0) 0.062571 -0.020349 0.145491  3.723349 0.434205
(2, 0.0) (4, 0.0) 0.022360 -0.032100 0.076819  2.025862 0.900000
(2, 0.0) (4, 1.0) 0.044429 -0.016752 0.105610  3.583172 0.503849
(2, 0.0) (6, 0.0) 0.234783 -0.085635 0.555202  3.615488 0.488640
(2, 0.0) (6, 1.0) 0.107620 -0.102188 0.317429  2.530981 0.900000
(2, 1.0) (1, 0.0) 0.035030  0.022838 0.047222 14.176448 0.001000
(2, 1.0) (1, 1.0) 0.001808 -0.011381 0.014996  0.676270 0.900000
(2, 1.0) (0, 0.0) 0.033089  0.025471 0.040707 21.430687 0.001000
(2, 1.0) (0, 1.0) 0.001372 -0.006515 0.009259  0.858497 0.900000
(2, 1.0) (8, 0.0) 0.025065 -0.019005 0.069135  2.806338 0.863318
(2, 1.0) (8, 1.0) 0.002706 -0.044303 0.049716  0.284077 0.900000
(2, 1.0) (3, 0.0) 0.040084  0.023976 0.056192 12.278696 0.001000
(2, 1.0) (3, 1.0) 0.002001 -0.015494 0.019496  0.564357 0.900000
(2, 1.0) (5, 0.0) 0.028830  0.010683 0.046977  7.838820 0.001000
(2, 1.0) (5, 1.0) 0.004277 -0.015073 0.023627  1.090538 0.900000
(2, 1.0) (7, 0.0) 0.034459 -0.047609 0.116526  2.071771 0.900000
(2, 1.0) (7, 1.0) 0.030667 -0.052302 0.113636  1.823771 0.900000
(2, 1.0) (4, 0.0) 0.009545 -0.044989 0.064079  0.863607 0.900000
(2, 1.0) (4, 1.0) 0.012524 -0.048723 0.073772  1.008992 0.900000
(2, 1.0) (6, 0.0) 0.266688 -0.053743 0.587119  4.106631 0.250293
(2, 1.0) (6, 1.0) 0.075716 -0.134112 0.285544  1.780498 0.900000
(1, 0.0) (1, 1.0) 0.033222  0.017748 0.048697 10.593060 0.001000
(1, 0.0) (0, 0.0) 0.001941 -0.009176 0.013058  0.861528 0.900000
(1, 0.0) (0, 1.0) 0.036402  0.025100 0.047704 15.892134 0.001000
(1, 0.0) (8, 0.0) 0.009965 -0.034843 0.054773  1.097327 0.900000
(1, 0.0) (8, 1.0) 0.037736 -0.009965 0.085438  3.903431 0.339756
(1, 0.0) (3, 0.0) 0.005054 -0.012973 0.023082  1.383378 0.900000
(1, 0.0) (3, 1.0) 0.033029  0.013752 0.052306  8.454016 0.001000
(1, 0.0) (5, 0.0) 0.006200 -0.013671 0.026071  1.539580 0.900000
(1, 0.0) (5, 1.0) 0.030753  0.009778 0.051729  7.234351 0.001000
(1, 0.0) (7, 0.0) 0.000571 -0.081895 0.083038  0.034190 0.900000
(1, 0.0) (7, 1.0) 0.065697 -0.017666 0.149060  3.888553 0.347269
(1, 0.0) (4, 0.0) 0.025485 -0.029647 0.080617  2.280882 0.900000
(1, 0.0) (4, 1.0) 0.047554 -0.014226 0.109334  3.798040 0.394600
(1, 0.0) (6, 0.0) 0.231658 -0.088876 0.552191  3.566079 0.511758
(1, 0.0) (6, 1.0) 0.110746 -0.099238 0.320730  2.602308 0.900000
(1, 1.0) (0, 0.0) 0.031281  0.019081 0.043482 12.650836 0.001000
(1, 1.0) (0, 1.0) 0.003180 -0.009190 0.015550  1.268360 0.900000
(1, 1.0) (8, 0.0) 0.023258 -0.021831 0.068346  2.545134 0.900000
(1, 1.0) (8, 1.0) 0.004514 -0.043452 0.052480  0.464357 0.900000
(1, 1.0) (3, 0.0) 0.038277  0.019561 0.056993 10.091221 0.001000
(1, 1.0) (3, 1.0) 0.000193 -0.019729 0.020116  0.047917 0.900000
(1, 1.0) (5, 0.0) 0.027022  0.006525 0.047519  6.504948 0.001000
(1, 1.0) (5, 1.0) 0.002469 -0.019100 0.024039  0.564832 0.900000
(1, 1.0) (7, 0.0) 0.032651 -0.049968 0.115270  1.949991 0.900000
(1, 1.0) (7, 1.0) 0.032474 -0.051040 0.115989  1.918653 0.900000
(1, 1.0) (4, 0.0) 0.007737 -0.047623 0.063098  0.689609 0.900000
(1, 1.0) (4, 1.0) 0.014332 -0.047652 0.076316  1.140885 0.900000
(1, 1.0) (6, 0.0) 0.264880 -0.055693 0.585453  4.076994 0.262451
(1, 1.0) (6, 1.0) 0.077524 -0.132521 0.287568  1.821126 0.900000
(0, 0.0) (0, 1.0) 0.034461  0.028368 0.040554 27.907189 0.001000
(0, 0.0) (8, 0.0) 0.008024 -0.035761 0.051809  0.904226 0.900000
(0, 0.0) (8, 1.0) 0.035795 -0.010947 0.082537  3.778659 0.404919
(0, 0.0) (3, 0.0) 0.006995 -0.008314 0.022305  2.254547 0.900000
(0, 0.0) (3, 1.0) 0.031088  0.014325 0.047851  9.150671 0.001000
(0, 0.0) (5, 0.0) 0.004259 -0.013183 0.021702  1.204855 0.900000
(0, 0.0) (5, 1.0) 0.028812  0.010121 0.047503  7.606139 0.001000
(0, 0.0) (7, 0.0) 0.001370 -0.080545 0.083284  0.082497 0.900000
(0, 0.0) (7, 1.0) 0.063756 -0.019062 0.146574  3.798513 0.394349
(0, 0.0) (4, 0.0) 0.023544 -0.030760 0.077848  2.139296 0.900000
(0, 0.0) (4, 1.0) 0.045613 -0.015429 0.106656  3.687048 0.453049
(0, 0.0) (6, 0.0) 0.233599 -0.086793 0.553991  3.597545 0.497164
(0, 0.0) (6, 1.0) 0.108805 -0.100963 0.318573  2.559330 0.900000
(0, 1.0) (8, 0.0) 0.026437 -0.017395 0.070270  2.976040 0.784790
(0, 1.0) (8, 1.0) 0.001334 -0.045452 0.048121  0.140716 0.900000
(0, 1.0) (3, 0.0) 0.041457  0.026011 0.056902 13.244047 0.001000
(0, 1.0) (3, 1.0) 0.003373 -0.013514 0.020260  0.985635 0.900000
(0, 1.0) (5, 0.0) 0.030202  0.012641 0.047763  8.485816 0.001000
(0, 1.0) (5, 1.0) 0.005649 -0.013153 0.024451  1.482444 0.900000
(0, 1.0) (7, 0.0) 0.035831 -0.046109 0.117771  2.157626 0.900000
(0, 1.0) (7, 1.0) 0.029295 -0.053548 0.112138  1.744818 0.900000
(0, 1.0) (4, 0.0) 0.010917 -0.043425 0.065259  0.991254 0.900000
(0, 1.0) (4, 1.0) 0.011152 -0.049924 0.072229  0.900960 0.900000
(0, 1.0) (6, 0.0) 0.268060 -0.052339 0.588458  4.128181 0.241692
(0, 1.0) (6, 1.0) 0.074344 -0.135434 0.284122  1.748645 0.900000
(8, 0.0) (8, 1.0) 0.027772 -0.036017 0.091560  2.148203 0.900000
(8, 0.0) (3, 0.0) 0.015019 -0.031008 0.061047  1.610078 0.900000
(8, 0.0) (3, 1.0) 0.023064 -0.023467 0.069595  2.445727 0.900000
(8, 0.0) (5, 0.0) 0.003765 -0.043016 0.050545  0.397085 0.900000
(8, 0.0) (5, 1.0) 0.020788 -0.026472 0.068048  2.170425 0.900000
(8, 0.0) (7, 0.0) 0.009393 -0.083311 0.102098  0.499965 0.900000
(8, 0.0) (7, 1.0) 0.055732 -0.037772 0.149236  2.940984 0.801011
(8, 0.0) (4, 0.0) 0.015520 -0.054000 0.085040  1.101555 0.900000
(8, 0.0) (4, 1.0) 0.037590 -0.037313 0.112492  2.476226 0.900000
(8, 0.0) (6, 0.0) 0.241623 -0.081696 0.564942  3.687429 0.452857
(8, 0.0) (6, 1.0) 0.100781 -0.113431 0.314993  2.321411 0.900000
(8, 1.0) (3, 0.0) 0.042791 -0.006058 0.091640  4.322259 0.174518
(8, 1.0) (3, 1.0) 0.004708 -0.044616 0.054032  0.470924 0.900000
(8, 1.0) (5, 0.0) 0.031536 -0.018023 0.081095  3.139821 0.709004
(8, 1.0) (5, 1.0) 0.006983 -0.043029 0.056995  0.688961 0.900000
(8, 1.0) (7, 0.0) 0.037165 -0.056973 0.131303  1.947998 0.900000
(8, 1.0) (7, 1.0) 0.027960 -0.066964 0.122885  1.453391 0.900000
(8, 1.0) (4, 0.0) 0.012251 -0.059168 0.083671  0.846412 0.900000
(8, 1.0) (4, 1.0) 0.009818 -0.066850 0.086486  0.631862 0.900000
(8, 1.0) (6, 0.0) 0.269394 -0.054339 0.593127  4.106000 0.250548
(8, 1.0) (6, 1.0) 0.073009 -0.141827 0.287846  1.676831 0.900000
(3, 0.0) (3, 1.0) 0.038083  0.016119 0.060048  8.555299 0.001000
(3, 0.0) (5, 0.0) 0.011255 -0.011232 0.033742  2.469527 0.900000
(3, 0.0) (5, 1.0) 0.035808  0.012339 0.059276  7.528454 0.001000
(3, 0.0) (7, 0.0) 0.005626 -0.077509 0.088761  0.333901 0.900000
(3, 0.0) (7, 1.0) 0.070751 -0.013274 0.154776  4.154725 0.231933
(3, 0.0) (4, 0.0) 0.030540 -0.025588 0.086667  2.684741 0.900000
(3, 0.0) (4, 1.0) 0.052609 -0.010062 0.115279  4.142023 0.236737
(3, 0.0) (6, 0.0) 0.226603 -0.094103 0.547309  3.486393 0.548631
(3, 0.0) (6, 1.0) 0.115800 -0.094447 0.326048  2.717664 0.900000
(3, 1.0) (5, 0.0) 0.026829  0.003328 0.050329  5.632967 0.008517
(3, 1.0) (5, 1.0) 0.002276 -0.022166 0.026717  0.459402 0.900000
(3, 1.0) (7, 0.0) 0.032458 -0.050958 0.115873  1.919941 0.900000
(3, 1.0) (7, 1.0) 0.032668 -0.051634 0.116970  1.912055 0.900000
(3, 1.0) (4, 0.0) 0.007544 -0.048998 0.064085  0.658323 0.900000
(3, 1.0) (4, 1.0) 0.014525 -0.048516 0.077567  1.136900 0.900000
(3, 1.0) (6, 0.0) 0.264687 -0.056092 0.585465  4.071399 0.264784
(3, 1.0) (6, 1.0) 0.077717 -0.132642 0.288076  1.822943 0.900000
(5, 0.0) (5, 1.0) 0.024553 -0.000359 0.049466  4.863037 0.058918
(5, 0.0) (7, 0.0) 0.005629 -0.077926 0.089183  0.332400 0.900000
(5, 0.0) (7, 1.0) 0.059497 -0.024943 0.143936  3.476666 0.553132
(5, 0.0) (4, 0.0) 0.019285 -0.037462 0.076032  1.676859 0.900000
(5, 0.0) (4, 1.0) 0.041354 -0.021871 0.104580  3.227349 0.668501
(5, 0.0) (6, 0.0) 0.237858 -0.082957 0.558673  3.658308 0.467626
(5, 0.0) (6, 1.0) 0.104546 -0.105868 0.314960  2.451599 0.900000
(5, 1.0) (7, 0.0) 0.030182 -0.053642 0.114006  1.776627 0.900000
(5, 1.0) (7, 1.0) 0.034944 -0.049763 0.119650  2.035485 0.900000
(5, 1.0) (4, 0.0) 0.005268 -0.051875 0.062411  0.454897 0.900000
(5, 1.0) (4, 1.0) 0.016801 -0.046780 0.080382  1.303850 0.900000
(5, 1.0) (6, 0.0) 0.262411 -0.058474 0.583296  4.035056 0.280215
(5, 1.0) (6, 1.0) 0.079993 -0.130528 0.290514  1.874874 0.900000
(7, 0.0) (7, 1.0) 0.065125 -0.051218 0.181469  2.762007 0.883832
(7, 0.0) (4, 0.0) 0.024914 -0.073198 0.123026  1.252951 0.900000
(7, 0.0) (4, 1.0) 0.046983 -0.055013 0.148979  2.272864 0.900000
(7, 0.0) (6, 0.0) 0.232229 -0.098419 0.562877  3.465518 0.558291
(7, 0.0) (6, 1.0) 0.110175 -0.114947 0.335296  2.414800 0.900000
(7, 1.0) (4, 0.0) 0.040212 -0.058656 0.139079  2.006860 0.900000
(7, 1.0) (4, 1.0) 0.018142 -0.084580 0.120865  0.871456 0.900000
(7, 1.0) (6, 0.0) 0.297354 -0.033518 0.628227  4.434358 0.141362
(7, 1.0) (6, 1.0) 0.045049 -0.180403 0.270501  0.985939 0.900000
(4, 0.0) (4, 1.0) 0.022069 -0.059430 0.103568  1.336140 0.900000
(4, 0.0) (6, 0.0) 0.257143 -0.067768 0.582054  3.905062 0.338941
(4, 0.0) (6, 1.0) 0.085261 -0.131346 0.301868  1.942200 0.900000
(4, 1.0) (6, 0.0) 0.279212 -0.046893 0.605317  4.224688 0.206282
(4, 1.0) (6, 1.0) 0.063192 -0.155202 0.281585  1.427696 0.900000
(6, 0.0) (6, 1.0) 0.342404 -0.040507 0.725315  4.412229 0.147600

----------------------------------------------------------------------------------------

Results for Shapiro-Wilk test to check for normality are: 

w is: 0.7188135385513306/ p-value is: 0.0
----------------------------------------------------------------------------------------

Results for Levene's test to check for equality of variance are: 

              Parameter   Value
    Test statistics (W) 39.2876
Degrees of freedom (Df) 17.0000
                p value  0.0000
----------------------------------------------------------------------------------------

Results for the scheirer Ray Hare Test -- to be used if ANOVA assumptions are violated: 

                             Df        Sum Sq           H   p.value
rs228697_rs139459337          8  3.007003e+09   11.362237  0.182007
sex                           1  2.191043e+11  827.905556  0.000000
rs228697_rs139459337:sex      8  2.516543e+09    9.508988  0.301192
Residuals                 60570  1.580950e+13         NaN       NaN
----------------------------------------------------------------------------------------

Results for follow-up Dunn's test between rs228697_rs139459337 & sex and GAD7 are: 

   Comparison         Z  P.unadj   P.adj
0_0.0 - 0_1.0  22.20777  0.00000 0.00000
0_0.0 - 1_0.0  -0.11792  0.90613 1.00000
0_1.0 - 1_0.0 -12.08818  0.00000 0.00000
0_0.0 - 1_1.0   9.96985  0.00000 0.00000
0_1.0 - 1_1.0  -1.10533  0.26902 1.00000
1_0.0 - 1_1.0   7.94514  0.00000 0.00000
0_0.0 - 2_0.0   0.51384  0.60736 1.00000
0_1.0 - 2_0.0 -17.91107  0.00000 0.00000
1_0.0 - 2_0.0   0.41679  0.67683 1.00000
1_1.0 - 2_0.0  -9.16527  0.00000 0.00000
0_0.0 - 2_1.0  16.99400  0.00000 0.00000
0_1.0 - 2_1.0  -0.74108  0.45865 1.00000
1_0.0 - 2_1.0  10.72620  0.00000 0.00000
1_1.0 - 2_1.0   0.59357  0.55280 1.00000
2_0.0 - 2_1.0  14.53363  0.00000 0.00000
0_0.0 - 3_0.0  -1.58961  0.11192 1.00000
0_1.0 - 3_0.0 -10.33654  0.00000 0.00000
1_0.0 - 3_0.0  -1.27723  0.20152 1.00000
1_1.0 - 3_0.0  -7.79958  0.00000 0.00000
2_0.0 - 3_0.0  -1.76409  0.07772 1.00000
2_1.0 - 3_0.0  -9.54833  0.00000 0.00000
0_0.0 - 3_1.0   6.97934  0.00000 0.00000
0_1.0 - 3_1.0  -1.08463  0.27808 1.00000
1_0.0 - 3_1.0   6.13707  0.00000 0.00000
1_1.0 - 3_1.0  -0.23306  0.81572 1.00000
2_0.0 - 3_1.0   6.56790  0.00000 0.00000
2_1.0 - 3_1.0  -0.71284  0.47594 1.00000
3_0.0 - 3_1.0   6.43466  0.00000 0.00000
0_0.0 - 4_0.0   2.05698  0.03969 1.00000
0_1.0 - 4_0.0  -0.43448  0.66394 1.00000
1_0.0 - 4_0.0   2.04986  0.04038 1.00000
1_1.0 - 4_0.0  -0.17950  0.85754 1.00000
2_0.0 - 4_0.0   1.98446  0.04721 1.00000
2_1.0 - 4_0.0  -0.32577  0.74460 1.00000
3_0.0 - 4_0.0   2.42373  0.01536 1.00000
3_1.0 - 4_0.0  -0.09364  0.92540 1.00000
0_0.0 - 4_1.0   2.83875  0.00453 0.69295
0_1.0 - 4_1.0   0.62171  0.53413 1.00000
1_0.0 - 4_1.0   2.82607  0.00471 0.72099
1_1.0 - 4_1.0   0.83319  0.40474 1.00000
2_0.0 - 4_1.0   2.77300  0.00555 0.84980
2_1.0 - 4_1.0   0.71540  0.47436 1.00000
3_0.0 - 4_1.0   3.15332  0.00161 0.24698
3_1.0 - 4_1.0   0.89287  0.37193 1.00000
4_0.0 - 4_1.0   0.75562  0.44988 1.00000
0_0.0 - 5_0.0   1.55645  0.11960 1.00000
0_1.0 - 5_0.0  -6.15916  0.00000 0.00000
1_0.0 - 5_0.0   1.43221  0.15208 1.00000
1_1.0 - 5_0.0  -4.60993  0.00000 0.00062
2_0.0 - 5_0.0   1.31235  0.18940 1.00000
2_1.0 - 5_0.0  -5.63829  0.00000 0.00000
3_0.0 - 5_0.0   2.28954  0.02205 1.00000
3_1.0 - 5_0.0  -3.82319  0.00013 0.02016
4_0.0 - 5_0.0  -1.49001  0.13622 1.00000
4_1.0 - 5_0.0  -2.31134  0.02081 1.00000
0_0.0 - 5_1.0   6.20751  0.00000 0.00000
0_1.0 - 5_1.0  -1.02585  0.30496 1.00000
1_0.0 - 5_1.0   5.59395  0.00000 0.00000
1_1.0 - 5_1.0  -0.26032  0.79462 1.00000
2_0.0 - 5_1.0   5.87273  0.00000 0.00000
2_1.0 - 5_1.0  -0.69473  0.48722 1.00000
3_0.0 - 5_1.0   5.98078  0.00000 0.00000
3_1.0 - 5_1.0  -0.03976  0.96828 1.00000
4_0.0 - 5_1.0   0.07564  0.93970 1.00000
4_1.0 - 5_1.0  -0.90058  0.36781 1.00000
5_0.0 - 5_1.0   3.56752  0.00036 0.05514
0_0.0 - 6_0.0  -1.18218  0.23713 1.00000
0_1.0 - 6_0.0  -1.60448  0.10861 1.00000
1_0.0 - 6_0.0  -1.17757  0.23897 1.00000
1_1.0 - 6_0.0  -1.56096  0.11853 1.00000
2_0.0 - 6_0.0  -1.19341  0.23271 1.00000
2_1.0 - 6_0.0  -1.58608  0.11272 1.00000
3_0.0 - 6_0.0  -1.10514  0.26910 1.00000
3_1.0 - 6_0.0  -1.54548  0.12223 1.00000
4_0.0 - 6_0.0  -1.50953  0.13116 1.00000
4_1.0 - 6_0.0  -1.69285  0.09048 1.00000
5_0.0 - 6_0.0  -1.26525  0.20578 1.00000
5_1.0 - 6_0.0  -1.54194  0.12309 1.00000
0_0.0 - 6_1.0   2.26199  0.02370 1.00000
0_1.0 - 6_1.0   1.61686  0.10591 1.00000
1_0.0 - 6_1.0   2.26591  0.02346 1.00000
1_1.0 - 6_1.0   1.67991  0.09298 1.00000
2_0.0 - 6_1.0   2.24426  0.02482 1.00000
2_1.0 - 6_1.0   1.64433  0.10011 1.00000
3_0.0 - 6_1.0   2.37258  0.01766 1.00000
3_1.0 - 6_1.0   1.69947  0.08923 1.00000
4_0.0 - 6_1.0   1.67489  0.09396 1.00000
4_1.0 - 6_1.0   1.37921  0.16783 1.00000
5_0.0 - 6_1.0   2.12603  0.03350 1.00000
5_1.0 - 6_1.0   1.70277  0.08861 1.00000
6_0.0 - 6_1.0   2.22834  0.02586 1.00000
0_0.0 - 7_0.0   0.41664  0.67694 1.00000
0_1.0 - 7_0.0  -1.23484  0.21689 1.00000
1_0.0 - 7_0.0   0.42975  0.66737 1.00000
1_1.0 - 7_0.0  -1.05919  0.28951 1.00000
2_0.0 - 7_0.0   0.37187  0.70999 1.00000
2_1.0 - 7_0.0  -1.16170  0.24536 1.00000
3_0.0 - 7_0.0   0.70326  0.48189 1.00000
3_1.0 - 7_0.0  -0.99343  0.32050 1.00000
4_0.0 - 7_0.0  -0.79065  0.42915 1.00000
4_1.0 - 7_0.0  -1.36431  0.17247 1.00000
5_0.0 - 7_0.0   0.08355  0.93342 1.00000
5_1.0 - 7_0.0  -0.97699  0.32857 1.00000
6_0.0 - 7_0.0   1.24873  0.21176 1.00000
6_1.0 - 7_0.0  -1.95612  0.05045 1.00000
0_0.0 - 7_1.0   3.31375  0.00092 0.14084
0_1.0 - 7_1.0   1.67939  0.09308 1.00000
1_0.0 - 7_1.0   3.30780  0.00094 0.14387
1_1.0 - 7_1.0   1.82961  0.06731 1.00000
2_0.0 - 7_1.0   3.26590  0.00109 0.16695
2_1.0 - 7_1.0   1.74728  0.08059 1.00000
3_0.0 - 7_1.0   3.55578  0.00038 0.05766
3_1.0 - 7_1.0   1.86759  0.06182 1.00000
4_0.0 - 7_1.0   1.64601  0.09976 1.00000
4_1.0 - 7_1.0   0.98473  0.32476 1.00000
5_0.0 - 7_1.0   2.92859  0.00341 0.52097
5_1.0 - 7_1.0   1.87015  0.06146 1.00000
6_0.0 - 7_1.0   1.97417  0.04836 1.00000
6_1.0 - 7_1.0  -0.88736  0.37489 1.00000
7_0.0 - 7_1.0   2.06550  0.03888 1.00000
0_0.0 - 8_0.0   0.03596  0.97132 1.00000
0_1.0 - 8_0.0  -3.05111  0.00228 0.34883
1_0.0 - 8_0.0   0.06439  0.94866 1.00000
1_1.0 - 8_0.0  -2.66284  0.00775 1.00000
2_0.0 - 8_0.0  -0.04673  0.96273 1.00000
2_1.0 - 8_0.0  -2.90202  0.00371 0.56727
3_0.0 - 8_0.0   0.56294  0.57347 1.00000
3_1.0 - 8_0.0  -2.48052  0.01312 1.00000
4_0.0 - 8_0.0  -1.58411  0.11317 1.00000
4_1.0 - 8_0.0  -2.29245  0.02188 1.00000
5_0.0 - 8_0.0  -0.54669  0.58459 1.00000
5_1.0 - 8_0.0  -2.42170  0.01545 1.00000
6_0.0 - 8_0.0   1.17635  0.23946 1.00000
6_1.0 - 8_0.0  -2.20772  0.02726 1.00000
7_0.0 - 8_0.0  -0.35117  0.72546 1.00000
7_1.0 - 8_0.0  -2.91821  0.00352 0.53863
0_0.0 - 8_1.0   3.36067  0.00078 0.11896
0_1.0 - 8_1.0   0.46536  0.64167 1.00000
1_0.0 - 8_1.0   3.32056  0.00090 0.13745
1_1.0 - 8_1.0   0.73898  0.45992 1.00000
2_0.0 - 8_1.0   3.27038  0.00107 0.16433
2_1.0 - 8_1.0   0.58748  0.55688 1.00000
3_0.0 - 8_1.0   3.71391  0.00020 0.03122
3_1.0 - 8_1.0   0.81276  0.41635 1.00000
4_0.0 - 8_1.0   0.63544  0.52514 1.00000
4_1.0 - 8_1.0  -0.21129  0.83266 1.00000
5_0.0 - 8_1.0   2.62185  0.00875 1.00000
5_1.0 - 8_1.0   0.82101  0.41164 1.00000
6_0.0 - 8_1.0   1.65521  0.09788 1.00000
6_1.0 - 8_1.0  -1.47745  0.13956 1.00000
7_0.0 - 8_1.0   1.30612  0.19151 1.00000
7_1.0 - 8_1.0  -1.23628  0.21635 1.00000
8_0.0 - 8_1.0   2.43790  0.01477 1.00000

----------------------------------------------------------------------------------------

