----------------------------------------------------------------------------------------

Results for two way ANOVA between rs139459337_rs10838524&sex and GAD7 are: 

                                       df       sum_sq   mean_sq           F        PR(>F)
C(rs139459337_rs10838524)             8.0     0.246167  0.030771    1.216485  2.843733e-01
C(sex)                                1.0     3.639689  3.639689  143.890064  4.094443e-33
C(rs139459337_rs10838524):C(sex)      8.0     0.183071  0.022884    0.904682  5.112509e-01
Residual                          60570.0  1532.113753  0.025295         NaN           NaN
----------------------------------------------------------------------------------------

Results for follow-up Tukey test between rs139459337_rs10838524 & sex and GAD7 are: 

Main effect for rs139459337_rs10838524:
 group1  group2     Diff     Lower    Upper  q-value  p-value
      4       3 0.002490 -0.006219 0.011199 1.254114 0.900000
      4       1 0.000744 -0.004185 0.005673 0.662276 0.900000
      4       2 0.007790 -0.005291 0.020871 2.612386 0.629746
      4       0 0.000326 -0.005905 0.006557 0.229196 0.900000
      4       7 0.000537 -0.009985 0.011058 0.223829 0.900000
      4       8 0.007886 -0.034438 0.050209 0.817328 0.900000
      4       5 0.024683 -0.043837 0.093204 1.580224 0.900000
      4       6 0.024500 -0.024983 0.073983 2.171957 0.818719
      3       1 0.003234 -0.005164 0.011632 1.689242 0.900000
      3       2 0.005300 -0.009443 0.020043 1.577091 0.900000
      3       0 0.002815 -0.006407 0.012038 1.339115 0.900000
      3       7 0.003027 -0.009501 0.015554 1.059863 0.900000
      3       8 0.010376 -0.032490 0.053242 1.061779 0.900000
      3       5 0.027173 -0.041684 0.096030 1.731122 0.900000
      3       6 0.026990 -0.022958 0.076938 2.370410 0.733569
      1       2 0.008534 -0.004342 0.021411 2.907479 0.503131
      1       0 0.000419 -0.005370 0.006207 0.317236 0.900000
      1       7 0.000207 -0.010058 0.010473 0.088593 0.900000
      1       8 0.007142 -0.035119 0.049402 0.741298 0.900000
      1       5 0.023939 -0.044543 0.092421 1.533451 0.900000
      1       6 0.023756 -0.025673 0.073185 2.108276 0.846040
      2       0 0.008116 -0.005313 0.021544 2.651144 0.613114
      2       7 0.008327 -0.007554 0.024208 2.300131 0.763723
      2       8 0.015676 -0.028287 0.059639 1.564150 0.900000
      2       5 0.032474 -0.037072 0.102019 2.048313 0.871767
      2       6 0.032290 -0.018602 0.083183 2.783268 0.556427
      0       7 0.000211 -0.010739 0.011162 0.084643 0.900000
      0       8 0.007560 -0.034872 0.049992 0.781578 0.900000
      0       5 0.024358 -0.044230 0.092946 1.557854 0.900000
      0       6 0.024175 -0.025401 0.073750 2.139077 0.832825
      7       8 0.007349 -0.035922 0.050619 0.745009 0.900000
      7       5 0.024147 -0.044963 0.093256 1.532677 0.900000
      7       6 0.023963 -0.026332 0.074259 2.090040 0.853865
      8       5 0.016798 -0.063556 0.097151 0.917020 0.900000
      8       6 0.016615 -0.048272 0.081501 1.123240 0.900000
      5       6 0.000183 -0.084162 0.084528 0.009525 0.900000

Main effect for sex:
 group1  group2     Diff    Lower   Upper   q-value  p-value
    0.0     1.0 0.033492 0.030944 0.03604 36.437164    0.001

Interaction effect between rs139459337_rs10838524 and sex:
  group1   group2     Diff     Lower    Upper   q-value  p-value
(4, 0.0) (4, 1.0) 0.032307  0.023589 0.041024 18.285115 0.001000
(4, 0.0) (3, 0.0) 0.002167 -0.011030 0.015365  0.810277 0.900000
(4, 0.0) (3, 1.0) 0.028700  0.014390 0.043010  9.896326 0.001000
(4, 0.0) (1, 0.0) 0.000645 -0.006791 0.008081  0.428001 0.900000
(4, 0.0) (1, 1.0) 0.032589  0.024828 0.040351 20.717043 0.001000
(4, 0.0) (2, 0.0) 0.010672 -0.008960 0.030304  2.682255 0.900000
(4, 0.0) (2, 1.0) 0.028423  0.006400 0.050446  6.368218 0.001000
(4, 0.0) (0, 0.0) 0.002334 -0.007050 0.011718  1.227202 0.900000
(4, 0.0) (0, 1.0) 0.035819  0.025715 0.045924 17.491291 0.001000
(4, 0.0) (7, 0.0) 0.002225 -0.013765 0.018214  0.686469 0.900000
(4, 0.0) (7, 1.0) 0.035238  0.017894 0.052581 10.025059 0.001000
(4, 0.0) (8, 0.0) 0.015679 -0.050897 0.082255  1.162019 0.900000
(4, 0.0) (8, 1.0) 0.061629 -0.006411 0.129668  4.469305 0.132019
(4, 0.0) (5, 0.0) 0.030806 -0.070670 0.132283  1.497934 0.900000
(4, 0.0) (5, 1.0) 0.049998 -0.068449 0.168446  2.082793 0.900000
(4, 0.0) (6, 0.0) 0.032923 -0.042812 0.108657  2.144965 0.900000
(4, 0.0) (6, 1.0) 0.045575 -0.036446 0.127596  2.741713 0.893224
(4, 1.0) (3, 0.0) 0.034474  0.020940 0.048008 12.568642 0.001000
(4, 1.0) (3, 1.0) 0.003607 -0.011014 0.018227  1.217165 0.900000
(4, 1.0) (1, 0.0) 0.031662  0.023644 0.039679 19.485116 0.001000
(4, 1.0) (1, 1.0) 0.000283 -0.008038 0.008604  0.167775 0.900000
(4, 1.0) (2, 0.0) 0.042979  0.023119 0.062838 10.678216 0.001000
(4, 1.0) (2, 1.0) 0.003883 -0.018343 0.026109  0.862123 0.900000
(4, 1.0) (0, 0.0) 0.034641  0.024789 0.044492 17.349977 0.001000
(4, 1.0) (0, 1.0) 0.003513 -0.007027 0.014053  1.644521 0.900000
(4, 1.0) (7, 0.0) 0.034531  0.018263 0.050799 10.473307 0.001000
(4, 1.0) (7, 1.0) 0.002931 -0.014670 0.020532  0.821706 0.900000
(4, 1.0) (8, 0.0) 0.047985 -0.018658 0.114629  3.552782 0.517908
(4, 1.0) (8, 1.0) 0.029322 -0.038783 0.097427  2.124370 0.900000
(4, 1.0) (5, 0.0) 0.001500 -0.100021 0.103021  0.072910 0.900000
(4, 1.0) (5, 1.0) 0.017692 -0.100794 0.136178  0.736756 0.900000
(4, 1.0) (6, 0.0) 0.000616 -0.075178 0.076410  0.040120 0.900000
(4, 1.0) (6, 1.0) 0.013269 -0.068807 0.095344  0.797684 0.900000
(3, 0.0) (3, 1.0) 0.030867  0.013206 0.048529  8.623651 0.001000
(3, 0.0) (1, 0.0) 0.002812 -0.009934 0.015558  1.088691 0.900000
(3, 0.0) (1, 1.0) 0.034757  0.021818 0.047695 13.254647 0.001000
(3, 0.0) (2, 0.0) 0.008505 -0.013689 0.030699  1.890794 0.900000
(3, 0.0) (2, 1.0) 0.030590  0.006256 0.054925  6.202714 0.001581
(3, 0.0) (0, 0.0) 0.000167 -0.013806 0.014139  0.058881 0.900000
(3, 0.0) (0, 1.0) 0.037987  0.023521 0.052453 12.956972 0.001000
(3, 0.0) (7, 0.0) 0.000057 -0.018991 0.019105  0.014848 0.900000
(3, 0.0) (7, 1.0) 0.037405  0.017207 0.057603  9.137713 0.001000
(3, 0.0) (8, 0.0) 0.013512 -0.053864 0.080888  0.989506 0.900000
(3, 0.0) (8, 1.0) 0.063796 -0.005026 0.132618  4.573838 0.108483
(3, 0.0) (5, 0.0) 0.032974 -0.069030 0.134977  1.595036 0.900000
(3, 0.0) (5, 1.0) 0.052166 -0.066734 0.171065  2.164822 0.900000
(3, 0.0) (6, 0.0) 0.035090 -0.041349 0.111529  2.265102 0.900000
(3, 0.0) (6, 1.0) 0.047742 -0.034929 0.130414  2.849484 0.843353
(3, 1.0) (1, 0.0) 0.028055  0.014161 0.041949  9.963215 0.001000
(3, 1.0) (1, 1.0) 0.003889 -0.010182 0.017961  1.363874 0.900000
(3, 1.0) (2, 0.0) 0.039372  0.016499 0.062245  8.493483 0.001000
(3, 1.0) (2, 1.0) 0.000277 -0.024678 0.025232  0.054746 0.900000
(3, 1.0) (0, 0.0) 0.031034  0.016007 0.046061 10.190128 0.001000
(3, 1.0) (0, 1.0) 0.007119 -0.008368 0.022606  2.268229 0.900000
(3, 1.0) (7, 0.0) 0.030925  0.011090 0.050759  7.692938 0.001000
(3, 1.0) (7, 1.0) 0.006538 -0.014404 0.027479  1.540379 0.900000
(3, 1.0) (8, 0.0) 0.044379 -0.023224 0.111982  3.239141 0.663043
(3, 1.0) (8, 1.0) 0.032928 -0.036116 0.101973  2.353221 0.900000
(3, 1.0) (5, 0.0) 0.002106 -0.100047 0.104260  0.101743 0.900000
(3, 1.0) (5, 1.0) 0.021298 -0.097730 0.140326  0.882905 0.900000
(3, 1.0) (6, 0.0) 0.004223 -0.072416 0.080861  0.271875 0.900000
(3, 1.0) (6, 1.0) 0.016875 -0.065981 0.099732  1.004941 0.900000
(1, 0.0) (1, 1.0) 0.031944  0.024978 0.038911 22.626446 0.001000
(1, 0.0) (2, 0.0) 0.011317 -0.008014 0.030648  2.888621 0.825243
(1, 0.0) (2, 1.0) 0.027778  0.006023 0.049533  6.300283 0.001163
(1, 0.0) (0, 0.0) 0.002979 -0.005759 0.011717  1.682272 0.900000
(1, 0.0) (0, 1.0) 0.035174  0.025667 0.044681 18.255915 0.001000
(1, 0.0) (7, 0.0) 0.002870 -0.012749 0.018489  0.906528 0.900000
(1, 0.0) (7, 1.0) 0.034593  0.017590 0.051595 10.039052 0.001000
(1, 0.0) (8, 0.0) 0.016324 -0.050164 0.082812  1.211425 0.900000
(1, 0.0) (8, 1.0) 0.060984 -0.006970 0.128937  4.428137 0.143091
(1, 0.0) (5, 0.0) 0.030161 -0.071257 0.131580  1.467406 0.900000
(1, 0.0) (5, 1.0) 0.049353 -0.069045 0.167752  2.056783 0.900000
(1, 0.0) (6, 0.0) 0.032278 -0.043379 0.107935  2.105093 0.900000
(1, 0.0) (6, 1.0) 0.044930 -0.037019 0.126880  2.705268 0.900000
(1, 1.0) (2, 0.0) 0.043262  0.023803 0.062720 10.969838 0.001000
(1, 1.0) (2, 1.0) 0.004166 -0.017702 0.026035  0.940046 0.900000
(1, 1.0) (0, 0.0) 0.034923  0.025907 0.043940 19.111505 0.001000
(1, 1.0) (0, 1.0) 0.003230 -0.006534 0.012994  1.632232 0.900000
(1, 1.0) (7, 0.0) 0.034814  0.019037 0.050591 10.888161 0.001000
(1, 1.0) (7, 1.0) 0.002648 -0.014499 0.019796  0.762019 0.900000
(1, 1.0) (8, 0.0) 0.048268 -0.018257 0.114793  3.580085 0.505278
(1, 1.0) (8, 1.0) 0.029039 -0.038950 0.097028  2.107454 0.900000
(1, 1.0) (5, 0.0) 0.001783 -0.099660 0.103226  0.086727 0.900000
(1, 1.0) (5, 1.0) 0.017409 -0.101010 0.135828  0.725380 0.900000
(1, 1.0) (6, 0.0) 0.000333 -0.075357 0.076023  0.021732 0.900000
(1, 1.0) (6, 1.0) 0.012986 -0.068994 0.094965  0.781590 0.900000
(2, 0.0) (2, 1.0) 0.039095  0.010751 0.067440  6.805709 0.001000
(2, 0.0) (0, 0.0) 0.008338 -0.011823 0.028499  2.040657 0.900000
(2, 0.0) (0, 1.0) 0.046491  0.025985 0.066998 11.186791 0.001000
(2, 0.0) (7, 0.0) 0.008447 -0.015512 0.032407  1.739643 0.900000
(2, 0.0) (7, 1.0) 0.045910  0.021026 0.070793  9.103447 0.001000
(2, 0.0) (8, 0.0) 0.005007 -0.063919 0.073933  0.358423 0.900000
(2, 0.0) (8, 1.0) 0.072301  0.001960 0.142641  5.071726 0.036374
(2, 0.0) (5, 0.0) 0.041478 -0.061555 0.144512  1.986375 0.900000
(2, 0.0) (5, 1.0) 0.060670 -0.059114 0.180455  2.499160 0.900000
(2, 0.0) (6, 0.0) 0.043595 -0.034213 0.121403  2.764564 0.882650
(2, 0.0) (6, 1.0) 0.056247 -0.027692 0.140187  3.306380 0.631930
(2, 1.0) (0, 0.0) 0.030757  0.008262 0.053253  6.746292 0.001000
(2, 1.0) (0, 1.0) 0.007396 -0.015409 0.030202  1.600254 0.900000
(2, 1.0) (7, 0.0) 0.030648  0.004693 0.056603  5.826327 0.004922
(2, 1.0) (7, 1.0) 0.006814 -0.019996 0.033625  1.254154 0.900000
(2, 1.0) (8, 0.0) 0.044102 -0.025543 0.113746  3.124559 0.716066
(2, 1.0) (8, 1.0) 0.033205 -0.037839 0.104250  2.306190 0.900000
(2, 1.0) (5, 0.0) 0.002383 -0.101132 0.105899  0.113602 0.900000
(2, 1.0) (5, 1.0) 0.021575 -0.098624 0.141774  0.885667 0.900000
(2, 1.0) (6, 0.0) 0.004500 -0.073946 0.082945  0.283029 0.900000
(2, 1.0) (6, 1.0) 0.017152 -0.067378 0.101683  1.001200 0.900000
(0, 0.0) (0, 1.0) 0.038153  0.027056 0.049251 16.964083 0.001000
(0, 0.0) (7, 0.0) 0.000109 -0.016526 0.016744  0.032454 0.900000
(0, 0.0) (7, 1.0) 0.037572  0.019631 0.055512 10.333591 0.001000
(0, 0.0) (8, 0.0) 0.013345 -0.053389 0.080079  0.986699 0.900000
(0, 0.0) (8, 1.0) 0.063962 -0.004231 0.132156  4.628054 0.096797
(0, 0.0) (5, 0.0) 0.033140 -0.068440 0.134721  1.609776 0.900000
(0, 0.0) (5, 1.0) 0.052332 -0.066204 0.170869  2.178386 0.900000
(0, 0.0) (6, 0.0) 0.035257 -0.040617 0.111130  2.292822 0.900000
(0, 0.0) (6, 1.0) 0.047909 -0.034240 0.130058  2.877621 0.830333
(0, 1.0) (7, 0.0) 0.038044  0.020992 0.055096 11.008708 0.001000
(0, 1.0) (7, 1.0) 0.000582 -0.017745 0.018909  0.156622 0.900000
(0, 1.0) (8, 0.0) 0.051498 -0.015341 0.118337  3.801715 0.392648
(0, 1.0) (8, 1.0) 0.025809 -0.042487 0.094106  1.864626 0.900000
(0, 1.0) (5, 0.0) 0.005013 -0.096636 0.106662  0.243336 0.900000
(0, 1.0) (5, 1.0) 0.014179 -0.104417 0.132775  0.589919 0.900000
(0, 1.0) (6, 0.0) 0.002897 -0.073069 0.078862  0.188140 0.900000
(0, 1.0) (6, 1.0) 0.009756 -0.072479 0.091990  0.585367 0.900000
(7, 0.0) (7, 1.0) 0.037462  0.015339 0.059586  8.355139 0.001000
(7, 0.0) (8, 0.0) 0.013454 -0.054524 0.081432  0.976581 0.900000
(7, 0.0) (8, 1.0) 0.063853 -0.005559 0.133265  4.539064 0.116509
(7, 0.0) (5, 0.0) 0.033031 -0.069371 0.135433  1.591587 0.900000
(7, 0.0) (5, 1.0) 0.052223 -0.067019 0.171464  2.160981 0.900000
(7, 0.0) (6, 0.0) 0.035147 -0.041823 0.112117  2.253142 0.900000
(7, 0.0) (6, 1.0) 0.047800 -0.035363 0.130963  2.836046 0.849570
(7, 1.0) (8, 0.0) 0.050916 -0.017393 0.119226  3.677869 0.457744
(7, 1.0) (8, 1.0) 0.026391 -0.043345 0.096127  1.867298 0.900000
(7, 1.0) (5, 0.0) 0.004431 -0.098191 0.107053  0.213059 0.900000
(7, 1.0) (5, 1.0) 0.014761 -0.104670 0.134191  0.609830 0.900000
(7, 1.0) (6, 0.0) 0.002315 -0.074948 0.079577  0.147830 0.900000
(7, 1.0) (6, 1.0) 0.010338 -0.073096 0.093771  0.611356 0.900000
(8, 0.0) (8, 1.0) 0.077307 -0.017533 0.172148  4.022029 0.285846
(8, 0.0) (5, 0.0) 0.046485 -0.074605 0.167576  1.894189 0.900000
(8, 0.0) (5, 1.0) 0.065677 -0.069952 0.201306  2.389347 0.900000
(8, 0.0) (6, 0.0) 0.048602 -0.051902 0.149106  2.386077 0.900000
(8, 0.0) (6, 1.0) 0.061254 -0.044068 0.166576  2.869671 0.834010
(8, 1.0) (5, 0.0) 0.030822 -0.091079 0.152723  1.247591 0.900000
(8, 1.0) (5, 1.0) 0.011630 -0.124723 0.147983  0.420860 0.900000
(8, 1.0) (6, 0.0) 0.028706 -0.072774 0.130185  1.395750 0.900000
(8, 1.0) (6, 1.0) 0.016053 -0.090200 0.122306  0.745485 0.900000
(5, 0.0) (5, 1.0) 0.019192 -0.136566 0.174949  0.607977 0.900000
(5, 0.0) (6, 0.0) 0.002116 -0.124241 0.128474  0.082645 0.900000
(5, 0.0) (6, 1.0) 0.014769 -0.115454 0.144991  0.559598 0.900000
(5, 1.0) (6, 0.0) 0.017076 -0.123276 0.157427  0.600307 0.900000
(5, 1.0) (6, 1.0) 0.004423 -0.139418 0.148264  0.151727 0.900000
(6, 0.0) (6, 1.0) 0.012652 -0.098686 0.123990  0.560721 0.900000

----------------------------------------------------------------------------------------

Results for Shapiro-Wilk test to check for normality are: 

w is: 0.7192255258560181/ p-value is: 0.0
----------------------------------------------------------------------------------------

Results for Levene's test to check for equality of variance are: 

              Parameter   Value
    Test statistics (W) 39.3869
Degrees of freedom (Df) 17.0000
                p value  0.0000
----------------------------------------------------------------------------------------

Results for the scheirer Ray Hare Test -- to be used if ANOVA assumptions are violated: 

                               Df        Sum Sq           H   p.value
rs139459337_rs10838524          8  3.699590e+09   13.979238  0.082308
sex                             1  2.190179e+11  827.579315  0.000000
rs139459337_rs10838524:sex      8  1.608982e+09    6.079686  0.638306
Residuals                   60570  1.580972e+13         NaN       NaN
----------------------------------------------------------------------------------------

Results for follow-up Dunn's test between rs139459337_rs10838524 & sex and GAD7 are: 

   Comparison         Z  P.unadj   P.adj
0_0.0 - 0_1.0  13.16356  0.00000 0.00000
0_0.0 - 1_0.0   0.77278  0.43965 1.00000
0_1.0 - 1_0.0 -14.65549  0.00000 0.00000
0_0.0 - 1_1.0  14.90139  0.00000 0.00000
0_1.0 - 1_1.0  -1.20053  0.22993 1.00000
1_0.0 - 1_1.0  18.31795  0.00000 0.00000
0_0.0 - 2_0.0  -1.53797  0.12406 1.00000
0_1.0 - 2_0.0  -8.63583  0.00000 0.00000
1_0.0 - 2_0.0  -1.95327  0.05079 1.00000
1_1.0 - 2_0.0  -8.49820  0.00000 0.00000
0_0.0 - 2_1.0   4.47511  0.00001 0.00117
0_1.0 - 2_1.0  -1.99121  0.04646 1.00000
1_0.0 - 2_1.0   4.31707  0.00002 0.00242
1_1.0 - 2_1.0  -1.54050  0.12344 1.00000
2_0.0 - 2_1.0   4.64562  0.00000 0.00052
0_0.0 - 3_0.0  -0.02798  0.97768 1.00000
0_1.0 - 3_0.0 -10.12534  0.00000 0.00000
1_0.0 - 3_0.0  -0.56043  0.57518 1.00000
1_1.0 - 3_0.0 -10.41455  0.00000 0.00000
2_0.0 - 3_0.0   1.37947  0.16775 1.00000
2_1.0 - 3_0.0  -4.15302  0.00003 0.00502
0_0.0 - 3_1.0   8.32529  0.00000 0.00000
0_1.0 - 3_1.0  -1.35440  0.17561 1.00000
1_0.0 - 3_1.0   8.51824  0.00000 0.00000
1_1.0 - 3_1.0  -0.65765  0.51076 1.00000
2_0.0 - 3_1.0   6.82522  0.00000 0.00000
2_1.0 - 3_1.0   0.97915  0.32751 1.00000
3_0.0 - 3_1.0   7.10568  0.00000 0.00000
0_0.0 - 4_0.0   0.65664  0.51141 1.00000
0_1.0 - 4_0.0 -13.84722  0.00000 0.00000
1_0.0 - 4_0.0  -0.07937  0.93674 1.00000
1_1.0 - 4_0.0 -16.51621  0.00000 0.00000
2_0.0 - 4_0.0   1.89329  0.05832 1.00000
2_1.0 - 4_0.0  -4.29139  0.00002 0.00272
3_0.0 - 4_0.0   0.49653  0.61952 1.00000
3_1.0 - 4_0.0  -8.31214  0.00000 0.00000
0_0.0 - 4_1.0  13.36328  0.00000 0.00000
0_1.0 - 4_1.0  -1.36931  0.17090 1.00000
1_0.0 - 4_1.0  15.57769  0.00000 0.00000
1_1.0 - 4_1.0  -0.32574  0.74462 1.00000
2_0.0 - 4_1.0   8.19027  0.00000 0.00000
2_1.0 - 4_1.0   1.39378  0.16338 1.00000
3_0.0 - 4_1.0   9.75631  0.00000 0.00000
3_1.0 - 4_1.0   0.44756  0.65447 1.00000
4_0.0 - 4_1.0  14.39417  0.00000 0.00000
0_0.0 - 5_0.0   1.34050  0.18008 1.00000
0_1.0 - 5_0.0  -0.09751  0.92232 1.00000
1_0.0 - 5_0.0   1.27606  0.20193 1.00000
1_1.0 - 5_0.0   0.01784  0.98576 1.00000
2_0.0 - 5_0.0   1.62254  0.10469 1.00000
2_1.0 - 5_0.0   0.34293  0.73165 1.00000
3_0.0 - 5_0.0   1.33878  0.18064 1.00000
3_1.0 - 5_0.0   0.10831  0.91375 1.00000
4_0.0 - 5_0.0   1.28115  0.20014 1.00000
4_1.0 - 5_0.0   0.04453  0.96449 1.00000
0_0.0 - 5_1.0   1.02342  0.30611 1.00000
0_1.0 - 5_1.0  -0.20884  0.83457 1.00000
1_0.0 - 5_1.0   0.96759  0.33325 1.00000
1_1.0 - 5_1.0  -0.11017  0.91228 1.00000
2_0.0 - 5_1.0   1.27162  0.20351 1.00000
2_1.0 - 5_1.0   0.17174  0.86364 1.00000
3_0.0 - 5_1.0   1.02359  0.30603 1.00000
3_1.0 - 5_1.0  -0.03186  0.97459 1.00000
4_0.0 - 5_1.0   0.97217  0.33097 1.00000
4_1.0 - 5_1.0  -0.08723  0.93049 1.00000
5_0.0 - 5_1.0  -0.09538  0.92401 1.00000
0_0.0 - 6_0.0   1.41325  0.15758 1.00000
0_1.0 - 6_0.0  -0.51145  0.60903 1.00000
1_0.0 - 6_0.0   1.32804  0.18417 1.00000
1_1.0 - 6_0.0  -0.35845  0.72001 1.00000
2_0.0 - 6_0.0   1.77661  0.07563 1.00000
2_1.0 - 6_0.0   0.08359  0.93338 1.00000
3_0.0 - 6_0.0   1.40791  0.15916 1.00000
3_1.0 - 6_0.0  -0.23326  0.81556 1.00000
4_0.0 - 6_0.0   1.33447  0.18205 1.00000
4_1.0 - 6_0.0  -0.32220  0.74730 1.00000
5_0.0 - 6_0.0  -0.22904  0.81884 1.00000
5_1.0 - 6_0.0  -0.10036  0.92006 1.00000
0_0.0 - 6_1.0   1.91598  0.05537 1.00000
0_1.0 - 6_1.0   0.13759  0.89056 1.00000
1_0.0 - 6_1.0   1.83825  0.06603 1.00000
1_1.0 - 6_1.0   0.28101  0.77870 1.00000
2_0.0 - 6_1.0   2.24451  0.02480 1.00000
2_1.0 - 6_1.0   0.67106  0.50218 1.00000
3_0.0 - 6_1.0   1.90860  0.05631 1.00000
3_1.0 - 6_1.0   0.38972  0.69674 1.00000
4_0.0 - 6_1.0   1.84384  0.06521 1.00000
4_1.0 - 6_1.0   0.31370  0.75375 1.00000
5_0.0 - 6_1.0   0.16300  0.87051 1.00000
5_1.0 - 6_1.0   0.25085  0.80193 1.00000
6_0.0 - 6_1.0   0.45059  0.65228 1.00000
0_0.0 - 7_0.0   0.16666  0.86764 1.00000
0_1.0 - 7_0.0  -8.40437  0.00000 0.00000
1_0.0 - 7_0.0  -0.25481  0.79887 1.00000
1_1.0 - 7_0.0  -8.34054  0.00000 0.00000
2_0.0 - 7_0.0   1.40983  0.15859 1.00000
2_1.0 - 7_0.0  -3.77184  0.00016 0.02479
3_0.0 - 7_0.0   0.16607  0.86810 1.00000
3_1.0 - 7_0.0  -6.16756  0.00000 0.00000
4_0.0 - 7_0.0  -0.21199  0.83212 1.00000
4_1.0 - 7_0.0  -7.92188  0.00000 0.00000
5_0.0 - 7_0.0  -1.30267  0.19269 1.00000
5_1.0 - 7_0.0  -0.99412  0.32016 1.00000
6_0.0 - 7_0.0  -1.35709  0.17475 1.00000
6_1.0 - 7_0.0  -1.85928  0.06299 1.00000
0_0.0 - 7_1.0   7.69664  0.00000 0.00000
0_1.0 - 7_1.0  -0.43662  0.66239 1.00000
1_0.0 - 7_1.0   7.72404  0.00000 0.00000
1_1.0 - 7_1.0   0.21694  0.82826 1.00000
2_0.0 - 7_1.0   6.79503  0.00000 0.00000
2_1.0 - 7_1.0   1.39531  0.16292 1.00000
3_0.0 - 7_1.0   6.85562  0.00000 0.00000
3_1.0 - 7_1.0   0.61952  0.53557 1.00000
4_0.0 - 7_1.0   7.60611  0.00000 0.00000
4_1.0 - 7_1.0   0.36534  0.71486 1.00000
5_0.0 - 7_1.0   0.01861  0.98515 1.00000
5_1.0 - 7_1.0   0.14038  0.88836 1.00000
6_0.0 - 7_1.0   0.39930  0.68967 1.00000
6_1.0 - 7_1.0  -0.23152  0.81691 1.00000
7_0.0 - 7_1.0   6.11591  0.00000 0.00000
0_0.0 - 8_0.0   0.59156  0.55414 1.00000
0_1.0 - 8_0.0  -1.59493  0.11073 1.00000
1_0.0 - 8_0.0   0.49220  0.62258 1.00000
1_1.0 - 8_0.0  -1.42625  0.15380 1.00000
2_0.0 - 8_0.0   1.02261  0.30649 1.00000
2_1.0 - 8_0.0  -0.87865  0.37959 1.00000
3_0.0 - 8_0.0   0.59173  0.55403 1.00000
3_1.0 - 8_0.0  -1.26663  0.20529 1.00000
4_0.0 - 8_0.0   0.50041  0.61679 1.00000
4_1.0 - 8_0.0  -1.38305  0.16665 1.00000
5_0.0 - 8_0.0  -0.79851  0.42458 1.00000
5_1.0 - 8_0.0  -0.60338  0.54626 1.00000
6_0.0 - 8_0.0  -0.67411  0.50024 1.00000
6_1.0 - 8_0.0  -1.11960  0.26289 1.00000
7_0.0 - 8_0.0   0.53995  0.58923 1.00000
7_1.0 - 8_0.0  -1.44346  0.14889 1.00000
0_0.0 - 8_1.0   4.50053  0.00001 0.00104
0_1.0 - 8_1.0   2.35483  0.01853 1.00000
1_0.0 - 8_1.0   4.41710  0.00001 0.00153
1_1.0 - 8_1.0   2.53787  0.01115 1.00000
2_0.0 - 8_1.0   4.80401  0.00000 0.00024
2_1.0 - 8_1.0   2.90293  0.00370 0.56563
3_0.0 - 8_1.0   4.46511  0.00001 0.00122
3_1.0 - 8_1.0   2.63314  0.00846 1.00000
4_0.0 - 8_1.0   4.42018  0.00001 0.00151
4_1.0 - 8_1.0   2.57336  0.01007 1.00000
5_0.0 - 8_1.0   1.40063  0.16132 1.00000
5_1.0 - 8_1.0   1.36113  0.17347 1.00000
6_0.0 - 8_1.0   1.96769  0.04910 1.00000
6_1.0 - 8_1.0   1.40713  0.15939 1.00000
7_0.0 - 8_1.0   4.38161  0.00001 0.00180
7_1.0 - 8_1.0   2.42097  0.01548 1.00000
8_0.0 - 8_1.0   2.81979  0.00481 0.73524

----------------------------------------------------------------------------------------

