----------------------------------------------------------------------------------------

Results for two way ANOVA between rs139459337_rs2287161&sex and GAD7 are: 

                                      df       sum_sq   mean_sq           F        PR(>F)
C(rs139459337_rs2287161)             8.0     0.261837  0.032730    1.293930  2.412449e-01
C(sex)                               1.0     2.769783  2.769783  109.500424  1.325853e-25
C(rs139459337_rs2287161):C(sex)      8.0     0.120892  0.015111    0.597416  7.808753e-01
Residual                         60570.0  1532.101698  0.025295         NaN           NaN
----------------------------------------------------------------------------------------

Results for follow-up Tukey test between rs139459337_rs2287161 & sex and GAD7 are: 

Main effect for rs139459337_rs2287161:
 group1  group2     Diff     Lower    Upper  q-value  p-value
      4       7 0.003645 -0.007157 0.014446 1.480182 0.900000
      4       1 0.001706 -0.003307 0.006718 1.492702 0.900000
      4       3 0.001666 -0.007067 0.010400 0.837074 0.900000
      4       0 0.000068 -0.006109 0.006244 0.048192 0.900000
      4       2 0.001182 -0.011590 0.013955 0.406000 0.900000
      4       8 0.036158 -0.005286 0.077603 3.827199 0.145242
      4       6 0.006950 -0.046089 0.059989 0.574826 0.900000
      4       5 0.014322 -0.050026 0.078670 0.976352 0.900000
      7       1 0.005350 -0.005154 0.015855 2.234322 0.791961
      7       3 0.001978 -0.010729 0.014686 0.682875 0.900000
      7       0 0.003577 -0.007530 0.014684 1.412636 0.900000
      7       2 0.002463 -0.013297 0.018222 0.685462 0.900000
      7       8 0.039803 -0.002657 0.082263 4.112193 0.087135
      7       6 0.010595 -0.043241 0.064431 0.863286 0.900000
      7       5 0.010677 -0.054329 0.075684 0.720516 0.900000
      1       3 0.003372 -0.004991 0.011735 1.768797 0.900000
      1       0 0.001774 -0.003868 0.007415 1.379103 0.900000
      1       2 0.002888 -0.009635 0.015410 1.011630 0.900000
      1       8 0.034453 -0.006915 0.075821 3.653390 0.193326
      1       6 0.005244 -0.047735 0.058224 0.434240 0.900000
      1       5 0.016028 -0.048271 0.080327 1.093468 0.900000
      3       0 0.001599 -0.007510 0.010707 0.769890 0.900000
      3       2 0.000484 -0.013936 0.014905 0.147333 0.900000
      3       8 0.037825 -0.004157 0.079806 3.952357 0.117138
      3       6 0.008617 -0.044843 0.062076 0.707044 0.900000
      3       5 0.012656 -0.052040 0.077351 0.858117 0.900000
      0       2 0.001114 -0.011918 0.014146 0.375071 0.900000
      0       8 0.036226 -0.005299 0.077751 3.826926 0.145312
      0       6 0.007018 -0.046084 0.060120 0.579748 0.900000
      0       5 0.014254 -0.050146 0.078654 0.970942 0.900000
      2       8 0.037341 -0.005663 0.080344 3.809007 0.149941
      2       6 0.008132 -0.046134 0.062398 0.657386 0.900000
      2       5 0.013140 -0.052223 0.078503 0.881853 0.900000
      8       6 0.029208 -0.037868 0.096285 1.910164 0.900000
      8       5 0.050481 -0.025853 0.126814 2.900967 0.505927
      6       5 0.021272 -0.061928 0.104473 1.121560 0.900000

Main effect for sex:
 group1  group2     Diff    Lower   Upper   q-value  p-value
    0.0     1.0 0.033492 0.030944 0.03604 36.437307    0.001

Interaction effect between rs139459337_rs2287161 and sex:
  group1   group2     Diff     Lower    Upper   q-value  p-value
(4, 0.0) (4, 1.0) 0.036874  0.027898 0.045850 20.269701 0.001000
(4, 0.0) (7, 0.0) 0.006227 -0.010375 0.022830  1.850732 0.900000
(4, 0.0) (7, 1.0) 0.034382  0.016802 0.051962  9.650026 0.001000
(4, 0.0) (1, 0.0) 0.004030 -0.003539 0.011599  2.626978 0.900000
(4, 0.0) (1, 1.0) 0.035603  0.027696 0.043510 22.218523 0.001000
(4, 0.0) (3, 0.0) 0.000515 -0.012668 0.013698  0.192775 0.900000
(4, 0.0) (3, 1.0) 0.032482  0.018058 0.046906 11.111674 0.001000
(4, 0.0) (0, 0.0) 0.002037 -0.007287 0.011360  1.077822 0.900000
(4, 0.0) (0, 1.0) 0.034185  0.024203 0.044166 16.898012 0.001000
(4, 0.0) (2, 0.0) 0.001148 -0.017971 0.020266  0.296215 0.900000
(4, 0.0) (2, 1.0) 0.033546  0.011975 0.055116  7.673470 0.001000
(4, 0.0) (8, 0.0) 0.033987 -0.033083 0.101058  2.500374 0.900000
(4, 0.0) (8, 1.0) 0.069874  0.005091 0.134658  5.321945 0.019553
(4, 0.0) (6, 0.0) 0.000207 -0.076250 0.076663  0.013340 0.900000
(4, 0.0) (6, 1.0) 0.060070 -0.035283 0.155423  3.108431 0.723529
(4, 0.0) (5, 0.0) 0.010483 -0.087793 0.108759  0.526324 0.900000
(4, 0.0) (5, 1.0) 0.016964 -0.089995 0.123923  0.782585 0.900000
(4, 1.0) (7, 0.0) 0.043101  0.026232 0.059969 12.607429 0.001000
(4, 1.0) (7, 1.0) 0.002492 -0.015339 0.020323  0.689548 0.900000
(4, 1.0) (1, 0.0) 0.032844  0.024707 0.040980 19.917996 0.001000
(4, 1.0) (1, 1.0) 0.001271 -0.007180 0.009721  0.741887 0.900000
(4, 1.0) (3, 0.0) 0.036359  0.022842 0.049875 13.272848 0.001000
(4, 1.0) (3, 1.0) 0.004392 -0.010338 0.019121  1.471156 0.900000
(4, 1.0) (0, 0.0) 0.034837  0.025048 0.044626 17.559714 0.001000
(4, 1.0) (0, 1.0) 0.002689 -0.007729 0.013107  1.273570 0.900000
(4, 1.0) (2, 0.0) 0.035726  0.016376 0.055076  9.110138 0.001000
(4, 1.0) (2, 1.0) 0.003328 -0.018448 0.025104  0.754106 0.900000
(4, 1.0) (8, 0.0) 0.002886 -0.064250 0.070023  0.212126 0.900000
(4, 1.0) (8, 1.0) 0.033001 -0.031851 0.097853  2.510817 0.900000
(4, 1.0) (6, 0.0) 0.037080 -0.039434 0.113595  2.391198 0.900000
(4, 1.0) (6, 1.0) 0.023197 -0.072203 0.118597  1.199760 0.900000
(4, 1.0) (5, 0.0) 0.047357 -0.050965 0.145678  2.376556 0.900000
(4, 1.0) (5, 1.0) 0.019909 -0.087091 0.126910  0.918104 0.900000
(7, 0.0) (7, 1.0) 0.040609  0.017959 0.063259  8.846434 0.001000
(7, 0.0) (1, 0.0) 0.010257 -0.005907 0.026421  3.131134 0.713020
(7, 0.0) (1, 1.0) 0.041830  0.025506 0.058155 12.643470 0.001000
(7, 0.0) (3, 0.0) 0.006742 -0.012694 0.026179  1.711659 0.900000
(7, 0.0) (3, 1.0) 0.038709  0.018411 0.059008  9.409603 0.001000
(7, 0.0) (0, 0.0) 0.008264 -0.008792 0.025320  2.390720 0.900000
(7, 0.0) (0, 1.0) 0.040412  0.022987 0.057836 11.443643 0.001000
(7, 0.0) (2, 0.0) 0.007375 -0.016489 0.031239  1.524895 0.900000
(7, 0.0) (2, 1.0) 0.039773  0.013903 0.065643  7.585868 0.001000
(7, 0.0) (8, 0.0) 0.040215 -0.028359 0.108789  2.893626 0.822926
(7, 0.0) (8, 1.0) 0.076101  0.009762 0.142440  5.660327 0.007891
(7, 0.0) (6, 0.0) 0.006021 -0.071758 0.083800  0.381940 0.900000
(7, 0.0) (6, 1.0) 0.066298 -0.030119 0.162714  3.392827 0.591928
(7, 0.0) (5, 0.0) 0.004256 -0.095053 0.103564  0.211445 0.900000
(7, 0.0) (5, 1.0) 0.023191 -0.084717 0.131100  1.060450 0.900000
(7, 1.0) (1, 0.0) 0.030352  0.013185 0.047518  8.724183 0.001000
(7, 1.0) (1, 1.0) 0.001221 -0.016096 0.018539  0.347969 0.900000
(7, 1.0) (3, 0.0) 0.033867  0.013589 0.054144  8.240930 0.001000
(7, 1.0) (3, 1.0) 0.001900 -0.019206 0.023005  0.444127 0.900000
(7, 1.0) (0, 0.0) 0.032345  0.014337 0.050354  8.862311 0.001000
(7, 1.0) (0, 1.0) 0.000197 -0.018161 0.018555  0.052992 0.900000
(7, 1.0) (2, 0.0) 0.033234  0.008680 0.057788  6.678493 0.001000
(7, 1.0) (2, 1.0) 0.000836 -0.025672 0.027344  0.155643 0.900000
(7, 1.0) (8, 0.0) 0.000394 -0.068423 0.069211  0.028276 0.900000
(7, 1.0) (8, 1.0) 0.035492 -0.031098 0.102083  2.629919 0.900000
(7, 1.0) (6, 0.0) 0.034588 -0.043405 0.112582  2.188212 0.900000
(7, 1.0) (6, 1.0) 0.025689 -0.070901 0.122279  1.312274 0.900000
(7, 1.0) (5, 0.0) 0.044865 -0.054612 0.144342  2.225358 0.900000
(7, 1.0) (5, 1.0) 0.017418 -0.090645 0.125480  0.795297 0.900000
(1, 0.0) (1, 1.0) 0.031573  0.024635 0.038511 22.452718 0.001000
(1, 0.0) (3, 0.0) 0.003515 -0.009111 0.016141  1.373608 0.900000
(1, 0.0) (3, 1.0) 0.028452  0.014535 0.042369 10.087731 0.001000
(1, 0.0) (0, 0.0) 0.001993 -0.006524 0.010511  1.154744 0.900000
(1, 0.0) (0, 1.0) 0.030155  0.020921 0.039389 16.113223 0.001000
(1, 0.0) (2, 0.0) 0.002882 -0.015856 0.021621  0.758937 0.900000
(1, 0.0) (2, 1.0) 0.029516  0.008281 0.050750  6.858375 0.001000
(1, 0.0) (8, 0.0) 0.029957 -0.037006 0.096920  2.207428 0.900000
(1, 0.0) (8, 1.0) 0.065844  0.001172 0.130517  5.023613 0.040761
(1, 0.0) (6, 0.0) 0.004237 -0.072126 0.080599  0.273755 0.900000
(1, 0.0) (6, 1.0) 0.056040 -0.039238 0.151318  2.902189 0.818965
(1, 0.0) (5, 0.0) 0.014513 -0.083690 0.112716  0.729200 0.900000
(1, 0.0) (5, 1.0) 0.012934 -0.093958 0.119826  0.597051 0.900000
(1, 1.0) (3, 0.0) 0.035088  0.022257 0.047919 13.493111 0.001000
(1, 1.0) (3, 1.0) 0.003121 -0.010982 0.017224  1.091926 0.900000
(1, 1.0) (0, 0.0) 0.033566  0.024748 0.042385 18.780877 0.001000
(1, 1.0) (0, 1.0) 0.001418 -0.008094 0.010931  0.735763 0.900000
(1, 1.0) (2, 0.0) 0.034455  0.015578 0.053333  9.005960 0.001000
(1, 1.0) (2, 1.0) 0.002057 -0.019300 0.023415  0.475331 0.900000
(1, 1.0) (8, 0.0) 0.001616 -0.065386 0.068618  0.118979 0.900000
(1, 1.0) (8, 1.0) 0.034271 -0.030441 0.098984  2.613107 0.900000
(1, 1.0) (6, 0.0) 0.035810 -0.040587 0.112206  2.312828 0.900000
(1, 1.0) (6, 1.0) 0.024467 -0.070838 0.119772  1.266736 0.900000
(1, 1.0) (5, 0.0) 0.046086 -0.052144 0.144316  2.314954 0.900000
(1, 1.0) (5, 1.0) 0.018639 -0.088277 0.125555  0.860189 0.900000
(3, 0.0) (3, 1.0) 0.031967  0.014355 0.049579  8.956107 0.001000
(3, 0.0) (0, 0.0) 0.001522 -0.012228 0.015271  0.546023 0.900000
(3, 0.0) (0, 1.0) 0.033669  0.019465 0.047874 11.695975 0.001000
(3, 0.0) (2, 0.0) 0.000633 -0.020992 0.022257  0.144362 0.900000
(3, 0.0) (2, 1.0) 0.033030  0.009210 0.056851  6.842019 0.001000
(3, 0.0) (8, 0.0) 0.033472 -0.034355 0.101300  2.434999 0.900000
(3, 0.0) (8, 1.0) 0.069359  0.003792 0.134926  5.219595 0.025295
(3, 0.0) (6, 0.0) 0.000722 -0.076400 0.077843  0.046178 0.900000
(3, 0.0) (6, 1.0) 0.059555 -0.036332 0.155442  3.064617 0.743803
(3, 0.0) (5, 0.0) 0.010998 -0.087797 0.109793  0.549287 0.900000
(3, 0.0) (5, 1.0) 0.016449 -0.090986 0.123884  0.755460 0.900000
(3, 1.0) (0, 0.0) 0.030445  0.015502 0.045389 10.052920 0.001000
(3, 1.0) (0, 1.0) 0.001703 -0.013660 0.017065  0.546811 0.900000
(3, 1.0) (2, 0.0) 0.031334  0.008931 0.053737  6.901331 0.001000
(3, 1.0) (2, 1.0) 0.001064 -0.023465 0.025592  0.213937 0.900000
(3, 1.0) (8, 0.0) 0.001505 -0.066574 0.069585  0.109102 0.900000
(3, 1.0) (8, 1.0) 0.037392 -0.028435 0.103220  2.802787 0.864962
(3, 1.0) (6, 0.0) 0.032689 -0.044655 0.110032  2.085416 0.900000
(3, 1.0) (6, 1.0) 0.027588 -0.068477 0.123654  1.417009 0.900000
(3, 1.0) (5, 0.0) 0.042965 -0.056003 0.141933  2.142091 0.900000
(3, 1.0) (5, 1.0) 0.015518 -0.092077 0.123112  0.711641 0.900000
(0, 0.0) (0, 1.0) 0.032148  0.021429 0.042867 14.798677 0.001000
(0, 0.0) (2, 0.0) 0.000889 -0.018624 0.020402  0.224754 0.900000
(0, 0.0) (2, 1.0) 0.031509  0.009588 0.053430  7.092275 0.001000
(0, 0.0) (8, 0.0) 0.031951 -0.035233 0.099135  2.346572 0.900000
(0, 0.0) (8, 1.0) 0.067838  0.002937 0.132739  5.157465 0.029530
(0, 0.0) (6, 0.0) 0.002243 -0.074313 0.078800  0.144584 0.900000
(0, 0.0) (6, 1.0) 0.058034 -0.037400 0.153467  3.000530 0.773458
(0, 0.0) (5, 0.0) 0.012520 -0.085835 0.110874  0.628079 0.900000
(0, 0.0) (5, 1.0) 0.014928 -0.092103 0.121958  0.688176 0.900000
(0, 1.0) (2, 0.0) 0.033037  0.013200 0.052873  8.217767 0.001000
(0, 1.0) (2, 1.0) 0.000639 -0.021570 0.022848  0.141965 0.900000
(0, 1.0) (8, 0.0) 0.000197 -0.067081 0.067476  0.014463 0.900000
(0, 1.0) (8, 1.0) 0.035690 -0.029309 0.100689  2.709277 0.900000
(0, 1.0) (6, 0.0) 0.034391 -0.042248 0.111030  2.214186 0.900000
(0, 1.0) (6, 1.0) 0.025886 -0.069614 0.121385  1.337442 0.900000
(0, 1.0) (5, 0.0) 0.044668 -0.053751 0.143086  2.239400 0.900000
(0, 1.0) (5, 1.0) 0.017220 -0.089869 0.124310  0.793441 0.900000
(2, 0.0) (2, 1.0) 0.032398  0.004845 0.059950  5.801964 0.005281
(2, 0.0) (8, 0.0) 0.032840 -0.036387 0.102066  2.340698 0.900000
(2, 0.0) (8, 1.0) 0.068726  0.001714 0.135739  5.060375 0.037373
(2, 0.0) (6, 0.0) 0.001354 -0.077000 0.079709  0.085293 0.900000
(2, 0.0) (6, 1.0) 0.058922 -0.037959 0.155804  3.000933 0.773271
(2, 0.0) (5, 0.0) 0.011631 -0.088130 0.111391  0.575263 0.900000
(2, 0.0) (5, 1.0) 0.015816 -0.092507 0.124140  0.720444 0.900000
(2, 1.0) (8, 0.0) 0.000442 -0.069501 0.070385  0.031167 0.900000
(2, 1.0) (8, 1.0) 0.036329 -0.031425 0.104082  2.645672 0.900000
(2, 1.0) (6, 0.0) 0.033752 -0.045237 0.112741  2.108409 0.900000
(2, 1.0) (6, 1.0) 0.026525 -0.070871 0.123920  1.343784 0.900000
(2, 1.0) (5, 0.0) 0.044029 -0.056231 0.144288  2.166845 0.900000
(2, 1.0) (5, 1.0) 0.016581 -0.092202 0.125365  0.752103 0.900000
(8, 0.0) (8, 1.0) 0.035887 -0.056977 0.128750  1.906810 0.900000
(8, 0.0) (6, 0.0) 0.034194 -0.067159 0.135547  1.664689 0.900000
(8, 0.0) (6, 1.0) 0.026083 -0.090188 0.142354  1.106882 0.900000
(8, 0.0) (5, 0.0) 0.044470 -0.074210 0.163151  1.848882 0.900000
(8, 0.0) (5, 1.0) 0.017023 -0.108941 0.142987  0.666827 0.900000
(8, 1.0) (6, 0.0) 0.070081 -0.029773 0.169935  3.462991 0.559462
(8, 1.0) (6, 1.0) 0.009804 -0.105163 0.124771  0.420769 0.900000
(8, 1.0) (5, 0.0) 0.080357 -0.037046 0.197760  3.377244 0.599138
(8, 1.0) (5, 1.0) 0.052910 -0.071851 0.177671  2.092547 0.900000
(6, 0.0) (6, 1.0) 0.060277 -0.061650 0.182204  2.439321 0.900000
(6, 0.0) (5, 0.0) 0.010276 -0.113950 0.134503  0.408168 0.900000
(6, 0.0) (5, 1.0) 0.017171 -0.114032 0.148373  0.645752 0.900000
(6, 1.0) (5, 0.0) 0.070553 -0.066117 0.207224  2.547178 0.900000
(6, 1.0) (5, 1.0) 0.043106 -0.099935 0.186147  1.486947 0.900000
(5, 0.0) (5, 1.0) 0.027447 -0.117559 0.172453  0.933958 0.900000

----------------------------------------------------------------------------------------

Results for Shapiro-Wilk test to check for normality are: 

w is: 0.7196272611618042/ p-value is: 0.0
----------------------------------------------------------------------------------------

Results for Levene's test to check for equality of variance are: 

              Parameter   Value
    Test statistics (W) 39.4116
Degrees of freedom (Df) 17.0000
                p value  0.0000
----------------------------------------------------------------------------------------

Results for the scheirer Ray Hare Test -- to be used if ANOVA assumptions are violated: 

                              Df        Sum Sq           H   p.value
rs139459337_rs2287161          8  3.547589e+09   13.404892  0.098657
sex                            1  2.190959e+11  827.874034  0.000000
rs139459337_rs2287161:sex      8  7.058005e+08    2.666932  0.953492
Residuals                  60570  1.581077e+13         NaN       NaN
----------------------------------------------------------------------------------------

Results for follow-up Dunn's test between rs139459337_rs2287161 & sex and GAD7 are: 

   Comparison         Z  P.unadj   P.adj
0_0.0 - 0_1.0  12.29802  0.00000 0.00000
0_0.0 - 1_0.0   0.72811  0.46654 1.00000
0_1.0 - 1_0.0 -13.60398  0.00000 0.00000
0_0.0 - 1_1.0  14.94563  0.00000 0.00000
0_1.0 - 1_1.0  -0.00200  0.99841 1.00000
1_0.0 - 1_1.0  18.10189  0.00000 0.00000
0_0.0 - 2_0.0   0.34206  0.73231 1.00000
0_1.0 - 2_0.0  -6.30892  0.00000 0.00000
1_0.0 - 2_0.0   0.02523  0.97987 1.00000
1_1.0 - 2_0.0  -6.62839  0.00000 0.00000
0_0.0 - 2_1.0   5.92808  0.00000 0.00000
0_1.0 - 2_1.0  -0.08418  0.93292 1.00000
1_0.0 - 2_1.0   5.82767  0.00000 0.00000
1_1.0 - 2_1.0  -0.08664  0.93095 1.00000
2_0.0 - 2_1.0   4.47427  0.00001 0.00117
0_0.0 - 3_0.0  -0.49459  0.62089 1.00000
0_1.0 - 3_0.0  -9.75913  0.00000 0.00000
1_0.0 - 3_0.0  -1.02978  0.30311 1.00000
1_1.0 - 3_0.0 -10.80205  0.00000 0.00000
2_0.0 - 3_0.0  -0.62312  0.53320 1.00000
2_1.0 - 3_0.0  -5.74095  0.00000 0.00000
0_0.0 - 3_1.0   7.73949  0.00000 0.00000
0_1.0 - 3_1.0  -1.05233  0.29265 1.00000
1_0.0 - 3_1.0   7.86476  0.00000 0.00000
1_1.0 - 3_1.0  -1.14499  0.25221 1.00000
2_0.0 - 3_1.0   4.86451  0.00000 0.00018
2_1.0 - 3_1.0  -0.58288  0.55998 1.00000
3_0.0 - 3_1.0   6.95302  0.00000 0.00000
0_0.0 - 4_0.0  -0.15458  0.87715 1.00000
0_1.0 - 4_0.0 -13.35040  0.00000 0.00000
1_0.0 - 4_0.0  -1.00974  0.31262 1.00000
1_1.0 - 4_0.0 -16.85215  0.00000 0.00000
2_0.0 - 4_0.0  -0.42451  0.67120 1.00000
2_1.0 - 4_0.0  -6.09129  0.00000 0.00000
3_0.0 - 4_0.0   0.40651  0.68436 1.00000
3_1.0 - 4_0.0  -8.11816  0.00000 0.00000
0_0.0 - 4_1.0  13.93562  0.00000 0.00000
0_1.0 - 4_1.0   0.44116  0.65910 1.00000
1_0.0 - 4_1.0  16.00432  0.00000 0.00000
1_1.0 - 4_1.0   0.54611  0.58499 1.00000
2_0.0 - 4_1.0   6.70510  0.00000 0.00000
2_1.0 - 4_1.0   0.29691  0.76653 1.00000
3_0.0 - 4_1.0  10.59582  0.00000 0.00000
3_1.0 - 4_1.0   1.40964  0.15865 1.00000
4_0.0 - 4_1.0  15.35840  0.00000 0.00000
0_0.0 - 5_0.0   0.47000  0.63835 1.00000
0_1.0 - 5_0.0  -0.86969  0.38447 1.00000
1_0.0 - 5_0.0   0.40757  0.68359 1.00000
1_1.0 - 5_0.0  -0.87117  0.38366 1.00000
2_0.0 - 5_0.0   0.39647  0.69176 1.00000
2_1.0 - 5_0.0  -0.83508  0.40367 1.00000
3_0.0 - 5_0.0   0.53674  0.59145 1.00000
3_1.0 - 5_0.0  -0.70151  0.48298 1.00000
4_0.0 - 5_0.0   0.48504  0.62765 1.00000
4_1.0 - 5_0.0  -0.91730  0.35899 1.00000
0_0.0 - 5_1.0   1.22498  0.22058 1.00000
0_1.0 - 5_1.0  -0.00664  0.99470 1.00000
1_0.0 - 5_1.0   1.16854  0.24259 1.00000
1_1.0 - 5_1.0  -0.00647  0.99484 1.00000
2_0.0 - 5_1.0   1.14873  0.25067 1.00000
2_1.0 - 5_1.0   0.01065  0.99150 1.00000
3_0.0 - 5_1.0   1.28366  0.19926 1.00000
3_1.0 - 5_1.0   0.14365  0.88578 1.00000
4_0.0 - 5_1.0   1.23927  0.21525 1.00000
4_1.0 - 5_1.0  -0.04960  0.96044 1.00000
5_0.0 - 5_1.0   0.58537  0.55830 1.00000
0_0.0 - 6_0.0   0.06304  0.94974 1.00000
0_1.0 - 6_0.0  -1.65704  0.09751 1.00000
1_0.0 - 6_0.0  -0.01802  0.98562 1.00000
1_1.0 - 6_0.0  -1.66206  0.09650 1.00000
2_0.0 - 6_0.0  -0.02359  0.98118 1.00000
2_1.0 - 6_0.0  -1.58409  0.11317 1.00000
3_0.0 - 6_0.0   0.15075  0.88017 1.00000
3_1.0 - 6_0.0  -1.43294  0.15188 1.00000
4_0.0 - 6_0.0   0.08197  0.93467 1.00000
4_1.0 - 6_0.0  -1.71981  0.08547 1.00000
5_0.0 - 6_0.0  -0.33327  0.73893 1.00000
5_1.0 - 6_0.0  -0.96251  0.33579 1.00000
0_0.0 - 6_1.0   2.27310  0.02302 1.00000
0_1.0 - 6_1.0   0.89120  0.37282 1.00000
1_0.0 - 6_1.0   2.21172  0.02699 1.00000
1_1.0 - 6_1.0   0.89322  0.37174 1.00000
2_0.0 - 6_1.0   2.17022  0.02999 1.00000
2_1.0 - 6_1.0   0.89305  0.37183 1.00000
3_0.0 - 6_1.0   2.33326  0.01963 1.00000
3_1.0 - 6_1.0   1.05424  0.29178 1.00000
4_0.0 - 6_1.0   2.29013  0.02201 1.00000
4_1.0 - 6_1.0   0.84395  0.39870 1.00000
5_0.0 - 6_1.0   1.24901  0.21166 1.00000
5_1.0 - 6_1.0   0.59997  0.54853 1.00000
6_0.0 - 6_1.0   1.73960  0.08193 1.00000
0_0.0 - 7_0.0  -1.22345  0.22116 1.00000
0_1.0 - 7_0.0  -8.76277  0.00000 0.00000
1_0.0 - 7_0.0  -1.67464  0.09401 1.00000
1_1.0 - 7_0.0  -9.35206  0.00000 0.00000
2_0.0 - 7_0.0  -1.15410  0.24846 1.00000
2_1.0 - 7_0.0  -5.82981  0.00000 0.00000
3_0.0 - 7_0.0  -0.72373  0.46923 1.00000
3_1.0 - 7_0.0  -6.72569  0.00000 0.00000
4_0.0 - 7_0.0  -1.17004  0.24198 1.00000
4_1.0 - 7_0.0  -9.32408  0.00000 0.00000
5_0.0 - 7_0.0  -0.67560  0.49929 1.00000
5_1.0 - 7_0.0  -1.40839  0.15902 1.00000
6_0.0 - 7_0.0  -0.33033  0.74115 1.00000
6_1.0 - 7_0.0  -2.46634  0.01365 1.00000
0_0.0 - 7_1.0   7.05743  0.00000 0.00000
0_1.0 - 7_1.0  -0.25744  0.79684 1.00000
1_0.0 - 7_1.0   7.04244  0.00000 0.00000
1_1.0 - 7_1.0  -0.27182  0.78576 1.00000
2_0.0 - 7_1.0   4.90430  0.00000 0.00014
2_1.0 - 7_1.0  -0.10777  0.91418 1.00000
3_0.0 - 7_1.0   6.60313  0.00000 0.00000
3_1.0 - 7_1.0   0.54207  0.58777 1.00000
4_0.0 - 7_1.0   7.31151  0.00000 0.00000
4_1.0 - 7_1.0  -0.52280  0.60111 1.00000
5_0.0 - 7_1.0   0.81293  0.41626 1.00000
5_1.0 - 7_1.0  -0.03716  0.97036 1.00000
6_0.0 - 7_1.0   1.56767  0.11696 1.00000
6_1.0 - 7_1.0  -0.93007  0.35234 1.00000
7_0.0 - 7_1.0   6.53245  0.00000 0.00000
0_0.0 - 8_0.0   2.26558  0.02348 1.00000
0_1.0 - 8_0.0   0.30307  0.76184 1.00000
1_0.0 - 8_0.0   2.18044  0.02922 1.00000
1_1.0 - 8_0.0   0.30460  0.76067 1.00000
2_0.0 - 8_0.0   2.10233  0.03552 1.00000
2_1.0 - 8_0.0   0.31825  0.75029 1.00000
3_0.0 - 8_0.0   2.34435  0.01906 1.00000
3_1.0 - 8_0.0   0.53697  0.59129 1.00000
4_0.0 - 8_0.0   2.29091  0.02197 1.00000
4_1.0 - 8_0.0   0.23525  0.81401 1.00000
5_0.0 - 8_0.0   0.89302  0.37185 1.00000
5_1.0 - 8_0.0   0.16752  0.86696 1.00000
6_0.0 - 8_0.0   1.45418  0.14590 1.00000
6_1.0 - 8_0.0  -0.55662  0.57779 1.00000
7_0.0 - 8_0.0   2.52395  0.01160 1.00000
7_1.0 - 8_0.0   0.36497  0.71513 1.00000
0_0.0 - 8_1.0   3.99871  0.00006 0.00974
0_1.0 - 8_1.0   1.96465  0.04945 1.00000
1_0.0 - 8_1.0   3.91695  0.00009 0.01372
1_1.0 - 8_1.0   1.97363  0.04842 1.00000
2_0.0 - 8_1.0   3.77309  0.00016 0.02467
2_1.0 - 8_1.0   1.91237  0.05583 1.00000
3_0.0 - 8_1.0   4.06182  0.00005 0.00745
3_1.0 - 8_1.0   2.18551  0.02885 1.00000
4_0.0 - 8_1.0   4.02822  0.00006 0.00860
4_1.0 - 8_1.0   1.89823  0.05767 1.00000
5_0.0 - 8_1.0   1.81677  0.06925 1.00000
5_1.0 - 8_1.0   1.02925  0.30336 1.00000
6_0.0 - 8_1.0   2.55067  0.01075 1.00000
6_1.0 - 8_1.0   0.37046  0.71104 1.00000
7_0.0 - 8_1.0   4.22658  0.00002 0.00363
7_1.0 - 8_1.0   1.98867  0.04674 1.00000
8_0.0 - 8_1.0   1.15557  0.24786 1.00000

----------------------------------------------------------------------------------------

