[0.43920693890450874, 97, 3, 9, 1471]:5113 0 340 0
[0.43920693890450874, 97, 3, 9, 1471]:5113 0 340 0
[0.43920693890450874, 97, 3, 9, 1471]:5114 0 339 0
[0.43920693890450874, 97, 3, 9, 1471]:5113 0 340 0
[0.43920693890450874, 97, 3, 9, 1471]:5113 0 340 0
[0.43920693890450874, 97, 3, 9, 1471]:5113 0 340 0
[0.03316466978676278, 83, 3, 7, 1494]:5019 94 330 10
[0.03316466978676278, 83, 3, 7, 1494]:5015 98 331 9
[0.03316466978676278, 83, 3, 7, 1494]:5015 98 329 11
[0.43920693890450874, 97, 3, 9, 1471]:5113 0 339 0
[0.43920693890450874, 97, 3, 9, 1471]:5113 0 340 0
[0.03316466978676278, 83, 3, 7, 1494]:5019 94 325 15
[0.43920693890450874, 97, 3, 9, 1471]:5113 0 340 0
[0.03316466978676278, 83, 3, 7, 1494]:5023 90 322 18
[0.03316466978676278, 83, 3, 7, 1494]:4983 131 325 14
[0.43920693890450874, 97, 3, 9, 1471]:5113 0 340 0
[0.03316466978676278, 83, 3, 7, 1494]:4996 117 330 9
[0.03316466978676278, 83, 3, 7, 1494]:5013 100 332 8
[0.03316466978676278, 83, 3, 7, 1494]:5031 82 329 11
[0.03316466978676278, 83, 3, 7, 1494]:5006 107 324 16
[0.08258680466518152, 41, 3, 5, 1847]:5080 34 335 4
[0.08258680466518152, 41, 3, 5, 1847]:5070 43 337 2
[0.08258680466518152, 41, 3, 5, 1847]:5084 29 337 3
[0.08258680466518152, 41, 3, 5, 1847]:5089 24 337 3
[0.08258680466518152, 41, 3, 5, 1847]:5077 36 331 9
[0.08258680466518152, 41, 3, 5, 1847]:5088 25 336 4
[0.08258680466518152, 41, 3, 5, 1847]:5088 25 332 8
[0.08258680466518152, 41, 3, 5, 1847]:5089 24 335 5
[0.08258680466518152, 41, 3, 5, 1847]:5085 28 340 0
[0.08258680466518152, 41, 3, 5, 1847]:5088 25 336 4
[0.02048905681460758, 78, 3, 3, 642]:5006 107 329 11
[0.02048905681460758, 78, 3, 3, 642]:4980 133 318 22
[0.02048905681460758, 78, 3, 3, 642]:4977 136 328 12
[0.02048905681460758, 78, 3, 3, 642]:4988 125 320 20
[0.02048905681460758, 78, 3, 3, 642]:4997 116 319 21
[0.02048905681460758, 78, 3, 3, 642]:4962 151 329 10
[0.02048905681460758, 78, 3, 3, 642]:4959 155 322 17
[0.02048905681460758, 78, 3, 3, 642]:4994 119 328 12
[0.02048905681460758, 78, 3, 3, 642]:4997 116 333 7
[0.3364740765999986, 81, 4, 10, 767]:5113 0 340 0
[0.02048905681460758, 78, 3, 3, 642]:4983 130 330 10
[0.3364740765999986, 81, 4, 10, 767]:5113 0 340 0
[0.3364740765999986, 81, 4, 10, 767]:5113 0 340 0
[0.3364740765999986, 81, 4, 10, 767]:5114 0 339 0
[0.3364740765999986, 81, 4, 10, 767]:5113 0 340 0
[0.3364740765999986, 81, 4, 10, 767]:5113 0 340 0
[0.3364740765999986, 81, 4, 10, 767]:5113 0 340 0
[0.3364740765999986, 81, 4, 10, 767]:5113 0 340 0
[0.3364740765999986, 81, 4, 10, 767]:5113 0 340 0
[0.03103833843529045, 15, 5, 2, 985]:4442 671 267 73
[0.03103833843529045, 15, 5, 2, 985]:4356 757 273 66
[0.03103833843529045, 15, 5, 2, 985]:4369 745 255 84
[0.3364740765999986, 81, 4, 10, 767]:5113 0 339 0
[0.03103833843529045, 15, 5, 2, 985]:4446 667 262 78
[0.03103833843529045, 15, 5, 2, 985]:4398 715 264 76
[0.03103833843529045, 15, 5, 2, 985]:4419 694 260 80
[0.03103833843529045, 15, 5, 2, 985]:4410 703 262 78
[0.03103833843529045, 15, 5, 2, 985]:4398 715 263 77
[0.03103833843529045, 15, 5, 2, 985]:4397 716 256 84
[0.03103833843529045, 15, 5, 2, 985]:4440 673 262 78
[0.016399126768952985, 33, 5, 9, 359]:4659 454 281 59
[0.016399126768952985, 33, 5, 9, 359]:4666 447 285 55
[0.016399126768952985, 33, 5, 9, 359]:4654 459 278 62
[0.016399126768952985, 33, 5, 9, 359]:4610 504 281 58
[0.016399126768952985, 33, 5, 9, 359]:4597 516 286 53
[0.016399126768952985, 33, 5, 9, 359]:4655 458 282 58
[0.016399126768952985, 33, 5, 9, 359]:4655 458 285 55
[0.016399126768952985, 33, 5, 9, 359]:4674 439 284 56
[0.016399126768952985, 33, 5, 9, 359]:4700 413 294 46
[0.016399126768952985, 33, 5, 9, 359]:4639 474 279 61
[0.04525441502605546, 97, 3, 7, 1560]:5048 65 327 13
[0.04525441502605546, 97, 3, 7, 1560]:5010 104 329 10
[0.04525441502605546, 97, 3, 7, 1560]:5052 61 330 10
[0.04525441502605546, 97, 3, 7, 1560]:5037 76 328 12
[0.04525441502605546, 97, 3, 7, 1560]:5042 71 332 8
[0.04525441502605546, 97, 3, 7, 1560]:5048 65 333 7
[0.04525441502605546, 97, 3, 7, 1560]:5037 76 327 13
[0.04525441502605546, 97, 3, 7, 1560]:5030 83 331 8
[0.04525441502605546, 97, 3, 7, 1560]:5042 71 336 4
[0.04525441502605546, 97, 3, 7, 1560]:5048 65 334 6
[0.37750891245886165, 62, 2, 8, 1823]:5113 0 339 0
[0.37750891245886165, 62, 2, 8, 1823]:5113 0 340 0
[0.37750891245886165, 62, 2, 8, 1823]:5113 0 340 0
[0.37750891245886165, 62, 2, 8, 1823]:5113 0 340 0
[0.37750891245886165, 62, 2, 8, 1823]:5113 0 340 0
[0.37750891245886165, 62, 2, 8, 1823]:5113 0 340 0
[0.37750891245886165, 62, 2, 8, 1823]:5114 0 339 0
[0.37750891245886165, 62, 2, 8, 1823]:5113 0 340 0
[0.37750891245886165, 62, 2, 8, 1823]:5113 0 340 0
[0.37750891245886165, 62, 2, 8, 1823]:5113 0 340 0
[0.10413322369298579, 90, 4, 3, 1716]:5081 32 331 9
[0.01, 77, 4, 3, 1756]:4731 383 298 41
[0.10413322369298579, 90, 4, 3, 1716]:5079 34 336 3
[0.10413322369298579, 90, 4, 3, 1716]:5078 36 333 6
[0.6498855954836564, 84, 5, 2, 1599]:5113 0 340 0
[0.6498855954836564, 84, 5, 2, 1599]:5114 0 339 0
[0.6498855954836564, 84, 5, 2, 1599]:5113 0 340 0
[0.10413322369298579, 90, 4, 3, 1716]:5091 22 334 6
[0.10413322369298579, 90, 4, 3, 1716]:5090 23 337 3
[0.6498855954836564, 84, 5, 2, 1599]:5113 0 340 0
[0.01, 77, 4, 3, 1756]:4783 330 304 36
[0.10413322369298579, 90, 4, 3, 1716]:5089 24 340 0
[0.6498855954836564, 84, 5, 2, 1599]:5113 0 340 0
[0.6498855954836564, 84, 5, 2, 1599]:5113 0 340 0
[0.10413322369298579, 90, 4, 3, 1716]:5084 29 336 4
[0.10413322369298579, 90, 4, 3, 1716]:5092 21 338 2
[0.10413322369298579, 90, 4, 3, 1716]:5097 16 336 4
[0.10413322369298579, 90, 4, 3, 1716]:5090 23 330 10
[0.6498855954836564, 84, 5, 2, 1599]:5113 0 340 0
[0.6498855954836564, 84, 5, 2, 1599]:5113 0 340 0
[0.6498855954836564, 84, 5, 2, 1599]:5113 0 339 0
[0.01, 77, 4, 3, 1756]:4764 349 302 38
[0.01, 77, 4, 3, 1756]:4786 327 303 37
[0.01, 77, 4, 3, 1756]:4749 364 299 41
[0.01, 77, 4, 3, 1756]:4783 330 299 41
[0.6498855954836564, 84, 5, 2, 1599]:5113 0 340 0
[0.01, 77, 4, 3, 1756]:4782 331 293 47
[0.01, 77, 4, 3, 1756]:4763 350 304 36
[0.01, 77, 4, 3, 1756]:4791 322 291 49
[0.01, 77, 4, 3, 1756]:4726 387 304 35
[0.01, 5, 1, 10, 1377]:0 5113 0 339
[0.01, 5, 1, 10, 1377]:0 5113 0 340
[0.01, 5, 1, 10, 1377]:0 5113 0 340
[0.01, 5, 1, 10, 1377]:0 5113 0 340
[0.01, 5, 1, 10, 1377]:0 5113 0 340
[0.01, 5, 1, 10, 1377]:0 5114 0 339
[0.01, 5, 1, 10, 1377]:0 5113 0 340
[0.01, 5, 1, 10, 1377]:0 5113 0 340
[0.01, 5, 1, 10, 1377]:0 5113 0 340
[0.01, 5, 1, 10, 1377]:0 5113 0 340
[0.02189394178182221, 5, 5, 2, 2000]:0 5114 0 339
[0.02189394178182221, 5, 5, 2, 2000]:0 5113 0 339
[0.02189394178182221, 5, 5, 2, 2000]:0 5113 0 340
[0.02189394178182221, 5, 5, 2, 2000]:0 5113 0 340
[0.02189394178182221, 5, 5, 2, 2000]:0 5113 0 340
[0.02189394178182221, 5, 5, 2, 2000]:0 5113 0 340
[0.02189394178182221, 5, 5, 2, 2000]:0 5113 0 340
[0.02189394178182221, 5, 5, 2, 2000]:0 5113 0 340
[0.02189394178182221, 5, 5, 2, 2000]:0 5113 0 340
[0.02189394178182221, 5, 5, 2, 2000]:0 5113 0 340
[0.025443091586048492, 100, 5, 2, 2000]:4788 325 297 43
[0.025443091586048492, 100, 5, 2, 2000]:4754 359 300 39
[0.025443091586048492, 100, 5, 2, 2000]:4781 332 298 42
[0.025443091586048492, 100, 5, 2, 2000]:4771 342 295 45
[0.025443091586048492, 100, 5, 2, 2000]:4791 322 294 46
[0.025443091586048492, 100, 5, 2, 2000]:4734 380 295 44
[0.025443091586048492, 100, 5, 2, 2000]:4799 314 295 45
[0.025443091586048492, 100, 5, 2, 2000]:4791 322 294 46
[0.025443091586048492, 100, 5, 2, 2000]:4789 324 293 47
[0.025443091586048492, 100, 5, 2, 2000]:4798 315 301 39
[0.031885604229984814, 100, 5, 10, 200]:4808 305 293 47
[0.031885604229984814, 100, 5, 10, 200]:4847 266 295 45
[0.031885604229984814, 100, 5, 10, 200]:4819 294 300 40
[0.031885604229984814, 100, 5, 10, 200]:4838 275 307 33
[0.031885604229984814, 100, 5, 10, 200]:4854 259 301 39
[0.031885604229984814, 100, 5, 10, 200]:4830 283 299 41
[0.031885604229984814, 100, 5, 10, 200]:4833 280 302 38
[0.031885604229984814, 100, 5, 10, 200]:4774 340 298 41
[0.031885604229984814, 100, 5, 10, 200]:4834 279 300 40
[0.031885604229984814, 100, 5, 10, 200]:4803 310 301 38
[0.030892788576146624, 7, 1, 9, 200]:240 4873 2 338
[0.030892788576146624, 7, 1, 9, 200]:228 4885 7 333
[0.030892788576146624, 7, 1, 9, 200]:230 4883 3 337
[0.030892788576146624, 7, 1, 9, 200]:217 4897 6 333
[0.030892788576146624, 7, 1, 9, 200]:276 4837 9 331
[0.030892788576146624, 7, 1, 9, 200]:197 4916 1 339
[0.030892788576146624, 7, 1, 9, 200]:231 4882 5 335
[0.030892788576146624, 7, 1, 9, 200]:226 4887 5 335
[0.030892788576146624, 7, 1, 9, 200]:262 4851 7 333
[0.030892788576146624, 7, 1, 9, 200]:173 4940 2 337
[0.026300921229945626, 99, 1, 5, 2000]:5089 24 338 2
[0.026300921229945626, 99, 1, 5, 2000]:5089 24 338 2
[0.026300921229945626, 99, 1, 5, 2000]:5081 32 338 1
[0.026300921229945626, 99, 1, 5, 2000]:5092 21 336 4
[0.026300921229945626, 99, 1, 5, 2000]:5082 32 338 1
[0.026300921229945626, 99, 1, 5, 2000]:5088 25 340 0
[0.026300921229945626, 99, 1, 5, 2000]:5082 31 337 3
[0.026300921229945626, 99, 1, 5, 2000]:5087 26 339 1
[0.026300921229945626, 99, 1, 5, 2000]:5090 23 339 1
[0.026300921229945626, 99, 1, 5, 2000]:5089 24 339 1
[0.0315131754461078, 40, 5, 10, 200]:4817 296 296 44
[0.0315131754461078, 40, 5, 10, 200]:4849 264 294 46
[0.0315131754461078, 40, 5, 10, 200]:4834 279 299 41
[0.0315131754461078, 40, 5, 10, 200]:4831 282 301 39
[0.0315131754461078, 40, 5, 10, 200]:4789 324 303 36
[0.0315131754461078, 40, 5, 10, 200]:4777 337 301 38
[0.0315131754461078, 40, 5, 10, 200]:4826 287 305 35
[0.0315131754461078, 40, 5, 10, 200]:4830 283 295 45
[0.0315131754461078, 40, 5, 10, 200]:4835 278 302 38
[0.0315131754461078, 40, 5, 10, 200]:4842 271 305 35
[0.01, 81, 5, 10, 200]:4524 589 271 69
[0.017751061195978562, 66, 5, 10, 200]:4639 474 280 60
[0.017751061195978562, 66, 5, 10, 200]:4664 449 287 53
[0.01, 81, 5, 10, 200]:4553 560 278 62
[0.01, 81, 5, 10, 200]:4504 609 265 75
[0.01, 81, 5, 10, 200]:4507 607 265 74
[0.01, 81, 5, 10, 200]:4535 578 270 70
[0.01, 81, 5, 10, 200]:4478 635 279 60
[0.017751061195978562, 66, 5, 10, 200]:4622 492 280 59
[0.017751061195978562, 66, 5, 10, 200]:4695 418 290 50
[0.01, 81, 5, 10, 200]:4521 592 269 71
[0.017751061195978562, 66, 5, 10, 200]:4689 424 288 52
[0.01, 81, 5, 10, 200]:4538 575 275 65
[0.017751061195978562, 66, 5, 10, 200]:4663 450 287 53
[0.017751061195978562, 66, 5, 10, 200]:4666 447 278 62
[0.017751061195978562, 66, 5, 10, 200]:4651 462 288 52
[0.017751061195978562, 66, 5, 10, 200]:4672 441 286 54
[0.017751061195978562, 66, 5, 10, 200]:4610 503 294 45
[0.01, 81, 5, 10, 200]:4527 586 272 68
[0.01, 81, 5, 10, 200]:4543 570 277 63
[0.99, 19, 1, 3, 200]:5113 0 340 0
[0.99, 19, 1, 3, 200]:5114 0 339 0
[0.01, 100, 1, 10, 200]:4947 166 316 24
[0.99, 19, 1, 3, 200]:5113 0 340 0
[0.01, 100, 1, 10, 200]:4939 174 318 22
[0.01, 100, 1, 10, 200]:4959 154 323 17
[0.01, 100, 1, 10, 200]:4958 155 326 14
[0.99, 19, 1, 3, 200]:5113 0 340 0
[0.01, 100, 1, 10, 200]:4916 198 318 21
[0.01, 100, 1, 10, 200]:4953 160 316 24
[0.99, 19, 1, 3, 200]:5113 0 340 0
[0.01, 100, 1, 10, 200]:4959 154 326 14
[0.01, 100, 1, 10, 200]:4958 155 327 13
[0.01, 100, 1, 10, 200]:4929 184 325 14
[0.99, 19, 1, 3, 200]:5113 0 340 0
[0.99, 19, 1, 3, 200]:5113 0 340 0
[0.99, 19, 1, 3, 200]:5113 0 340 0
[0.99, 19, 1, 3, 200]:5113 0 339 0
[0.99, 19, 1, 3, 200]:5113 0 340 0
[0.01, 100, 1, 10, 200]:4954 159 314 26
[0.012480808594219498, 100, 5, 2, 791]:4561 552 272 68
[0.012480808594219498, 100, 5, 2, 791]:4583 530 275 65
[0.012480808594219498, 100, 5, 2, 791]:4608 505 275 65
[0.012480808594219498, 100, 5, 2, 791]:4582 531 280 60
[0.012480808594219498, 100, 5, 2, 791]:4606 507 277 63
[0.012480808594219498, 100, 5, 2, 791]:4527 586 283 56
[0.012480808594219498, 100, 5, 2, 791]:4618 495 283 57
[0.012480808594219498, 100, 5, 2, 791]:4609 504 277 63
[0.012480808594219498, 100, 5, 2, 791]:4593 520 281 59
[0.012480808594219498, 100, 5, 2, 791]:4547 567 275 64
[0.019500088194381166, 5, 5, 2, 200]:0 5113 0 340
[0.019500088194381166, 5, 5, 2, 200]:0 5113 0 339
[0.019500088194381166, 5, 5, 2, 200]:0 5113 0 340
[0.019500088194381166, 5, 5, 2, 200]:0 5114 0 339
[0.019500088194381166, 5, 5, 2, 200]:0 5113 0 340
[0.019500088194381166, 5, 5, 2, 200]:0 5113 0 340
[0.019500088194381166, 5, 5, 2, 200]:0 5113 0 340
[0.019500088194381166, 5, 5, 2, 200]:0 5113 0 340
[0.019500088194381166, 5, 5, 2, 200]:0 5113 0 340
[0.019500088194381166, 5, 5, 2, 200]:0 5113 0 340
[0.01, 39, 5, 2, 1045]:4561 552 277 63
[0.01, 39, 5, 2, 1045]:4518 595 262 78
[0.01, 39, 5, 2, 1045]:4555 558 278 62
[0.01, 39, 5, 2, 1045]:4477 636 281 58
[0.01, 39, 5, 2, 1045]:4537 576 267 73
[0.01, 39, 5, 2, 1045]:4553 560 274 66
[0.01, 39, 5, 2, 1045]:4536 577 275 65
[0.01, 39, 5, 2, 1045]:4557 556 274 66
[0.01, 39, 5, 2, 1045]:4505 609 264 75
[0.01, 39, 5, 2, 1045]:4553 560 271 69
[0.01, 100, 5, 10, 2000]:4560 553 274 66
[0.01, 100, 5, 10, 2000]:4570 543 280 60
[0.01, 100, 5, 10, 2000]:4552 561 272 68
[0.01, 100, 5, 10, 2000]:4553 560 277 63
[0.01, 100, 5, 10, 2000]:4465 648 284 55
[0.01, 100, 5, 10, 2000]:4544 569 277 63
[0.01, 100, 5, 10, 2000]:4567 546 271 69
[0.01, 100, 5, 10, 2000]:4518 595 267 73
[0.01, 100, 5, 10, 2000]:4511 603 266 73
[0.01, 100, 5, 10, 2000]:4513 600 264 76
[0.01, 5, 1, 10, 200]:0 5113 0 340
[0.01, 5, 1, 10, 200]:0 5113 0 340
[0.01, 5, 1, 10, 200]:0 5113 0 340
[0.01, 5, 1, 10, 200]:0 5113 0 340
[0.01, 5, 1, 10, 200]:0 5113 0 340
[0.01, 5, 1, 10, 200]:0 5113 0 340
[0.01, 5, 1, 10, 200]:0 5113 0 340
[0.01, 5, 1, 10, 200]:0 5113 0 340
[0.01, 5, 1, 10, 200]:0 5114 0 339
[0.01, 5, 1, 10, 200]:0 5113 0 339
[0.01, 5, 2, 10, 200]:0 5113 0 339
[0.01, 5, 2, 10, 200]:0 5113 0 340
[0.01, 5, 2, 10, 200]:0 5113 0 340
[0.01, 5, 2, 10, 200]:0 5113 0 340
[0.01, 5, 2, 10, 200]:0 5113 0 340
[0.01, 5, 2, 10, 200]:0 5113 0 340
[0.01, 5, 2, 10, 200]:0 5113 0 340
[0.01, 5, 2, 10, 200]:0 5113 0 340
[0.01, 5, 2, 10, 200]:0 5114 0 339
[0.01, 5, 2, 10, 200]:0 5113 0 340
[0.018733787656694527, 28, 5, 10, 1121]:4661 453 285 54
[0.018733787656694527, 28, 5, 10, 1121]:4693 420 281 59
[0.018733787656694527, 28, 5, 10, 1121]:4715 398 294 46
[0.018733787656694527, 28, 5, 10, 1121]:4673 440 281 59
[0.018733787656694527, 28, 5, 10, 1121]:4714 399 283 57
[0.018733787656694527, 28, 5, 10, 1121]:4702 411 286 54
[0.018733787656694527, 28, 5, 10, 1121]:4703 410 286 54
[0.018733787656694527, 28, 5, 10, 1121]:4653 460 293 46
[0.018733787656694527, 28, 5, 10, 1121]:4707 406 289 51
[0.018733787656694527, 28, 5, 10, 1121]:4694 419 289 51
[0.04287671117232296, 5, 4, 10, 200]:643 4471 17 322
[0.06266987058353662, 5, 5, 10, 200]:3580 1533 156 184
[0.04287671117232296, 5, 4, 10, 200]:500 4613 16 324
[0.06266987058353662, 5, 5, 10, 200]:3447 1666 154 186
[0.04287671117232296, 5, 4, 10, 200]:634 4479 16 324
[0.04287671117232296, 5, 4, 10, 200]:607 4506 17 323
[0.06266987058353662, 5, 5, 10, 200]:3487 1626 179 161
[0.06266987058353662, 5, 5, 10, 200]:3425 1688 168 172
[0.04287671117232296, 5, 4, 10, 200]:761 4352 25 315
[0.04287671117232296, 5, 4, 10, 200]:537 4576 10 330
[0.04287671117232296, 5, 4, 10, 200]:616 4497 10 329
[0.06266987058353662, 5, 5, 10, 200]:3505 1608 160 180
[0.06266987058353662, 5, 5, 10, 200]:3500 1613 173 167
[0.04287671117232296, 5, 4, 10, 200]:569 4544 7 333
[0.06266987058353662, 5, 5, 10, 200]:3469 1644 159 180
[0.04287671117232296, 5, 4, 10, 200]:542 4571 18 322
[0.04287671117232296, 5, 4, 10, 200]:664 4449 15 325
[0.06266987058353662, 5, 5, 10, 200]:3439 1674 149 191
[0.06266987058353662, 5, 5, 10, 200]:3544 1569 161 179
[0.06266987058353662, 5, 5, 10, 200]:3441 1673 177 162
[0.01, 56, 5, 10, 200]:4499 614 266 74
[0.01, 56, 5, 10, 200]:4532 581 267 73
[0.01, 56, 5, 10, 200]:4559 554 281 59
[0.01, 56, 5, 10, 200]:4520 593 278 62
[0.01, 56, 5, 10, 200]:4478 636 267 72
[0.01, 56, 5, 10, 200]:4514 599 268 72
[0.01, 56, 5, 10, 200]:4469 644 277 62
[0.01, 56, 5, 10, 200]:4560 553 275 65
[0.01, 56, 5, 10, 200]:4520 593 275 65
[0.01, 56, 5, 10, 200]:4539 574 274 66
[0.10170931621986516, 5, 5, 6, 200]:5046 67 317 23
[0.10170931621986516, 5, 5, 6, 200]:5034 79 316 24
[0.10170931621986516, 5, 5, 6, 200]:5013 101 321 18
[0.10170931621986516, 5, 5, 6, 200]:5036 77 307 33
[0.10170931621986516, 5, 5, 6, 200]:5039 74 321 19
[0.10170931621986516, 5, 5, 6, 200]:5026 87 319 20
[0.10170931621986516, 5, 5, 6, 200]:5012 101 311 29
[0.10170931621986516, 5, 5, 6, 200]:5026 87 317 23
[0.10170931621986516, 5, 5, 6, 200]:5040 73 318 22
[0.10170931621986516, 5, 5, 6, 200]:5041 72 323 17
[0.9133059114099861, 5, 5, 10, 200]:5113 0 340 0
[0.9133059114099861, 5, 5, 10, 200]:5113 0 340 0
[0.9133059114099861, 5, 5, 10, 200]:5114 0 339 0
[0.9133059114099861, 5, 5, 10, 200]:5113 0 340 0
[0.9133059114099861, 5, 5, 10, 200]:5113 0 340 0
[0.9133059114099861, 5, 5, 10, 200]:5113 0 340 0
[0.9133059114099861, 5, 5, 10, 200]:5113 0 340 0
[0.9133059114099861, 5, 5, 10, 200]:5113 0 340 0
[0.9133059114099861, 5, 5, 10, 200]:5113 0 339 0
[0.9133059114099861, 5, 5, 10, 200]:5113 0 340 0
[0.38844429728671154, 5, 5, 8, 469]:5113 0 340 0
[0.38844429728671154, 5, 5, 8, 469]:5114 0 339 0
[0.38844429728671154, 5, 5, 8, 469]:5113 0 340 0
[0.38844429728671154, 5, 5, 8, 469]:5113 0 340 0
[0.38844429728671154, 5, 5, 8, 469]:5113 0 340 0
[0.38844429728671154, 5, 5, 8, 469]:5113 0 340 0
[0.38844429728671154, 5, 5, 8, 469]:5113 0 340 0
[0.38844429728671154, 5, 5, 8, 469]:5113 0 340 0
[0.38844429728671154, 5, 5, 8, 469]:5113 0 340 0
[0.38844429728671154, 5, 5, 8, 469]:5113 0 339 0
[0.05027563223206208, 5, 5, 9, 200]:1524 3589 45 295
[0.05027563223206208, 5, 5, 9, 200]:1538 3575 52 287
[0.05027563223206208, 5, 5, 9, 200]:1517 3596 53 287
[0.05027563223206208, 5, 5, 9, 200]:1648 3465 54 286
[0.05027563223206208, 5, 5, 9, 200]:1613 3500 58 282
[0.05027563223206208, 5, 5, 9, 200]:1583 3530 53 287
[0.05027563223206208, 5, 5, 9, 200]:1635 3478 66 274
[0.05027563223206208, 5, 5, 9, 200]:1597 3516 57 283
[0.05027563223206208, 5, 5, 9, 200]:1536 3577 45 295
[0.05027563223206208, 5, 5, 9, 200]:1576 3538 65 274
[0.05596953558873647, 8, 5, 2, 2000]:3256 1857 150 190
[0.05596953558873647, 8, 5, 2, 2000]:3326 1787 149 191
[0.05596953558873647, 8, 5, 2, 2000]:3246 1867 135 205
[0.05596953558873647, 8, 5, 2, 2000]:3273 1840 163 177
[0.05596953558873647, 8, 5, 2, 2000]:3255 1858 148 192
[0.05596953558873647, 8, 5, 2, 2000]:3257 1856 157 183
[0.05596953558873647, 8, 5, 2, 2000]:3278 1835 165 175
[0.05596953558873647, 8, 5, 2, 2000]:3304 1809 156 183
[0.05596953558873647, 8, 5, 2, 2000]:3243 1871 156 183
[0.05596953558873647, 8, 5, 2, 2000]:3264 1849 156 184
[0.05613975248979551, 16, 5, 5, 2000]:4912 201 315 25
[0.05613975248979551, 16, 5, 5, 2000]:4936 177 315 25
[0.05613975248979551, 16, 5, 5, 2000]:4936 177 318 22
[0.05613975248979551, 16, 5, 5, 2000]:4917 196 305 35
[0.05613975248979551, 16, 5, 5, 2000]:4891 223 308 31
[0.05613975248979551, 16, 5, 5, 2000]:4923 190 313 27
[0.05613975248979551, 16, 5, 5, 2000]:4915 198 314 26
[0.05613975248979551, 16, 5, 5, 2000]:4931 182 310 30
[0.05613975248979551, 16, 5, 5, 2000]:4898 215 311 28
[0.05613975248979551, 16, 5, 5, 2000]:4937 176 323 17
[0.041987952464713395, 5, 5, 10, 200]:445 4669 12 327
[0.01, 5, 5, 6, 200]:0 5113 0 340
[0.041987952464713395, 5, 5, 10, 200]:561 4552 7 333
[0.041987952464713395, 5, 5, 10, 200]:645 4468 15 325
[0.01, 5, 5, 6, 200]:0 5113 0 340
[0.01, 5, 5, 6, 200]:0 5114 0 339
[0.041987952464713395, 5, 5, 10, 200]:461 4652 12 328
[0.041987952464713395, 5, 5, 10, 200]:449 4664 17 323
[0.01, 5, 5, 6, 200]:0 5113 0 340
[0.041987952464713395, 5, 5, 10, 200]:493 4620 4 335
[0.041987952464713395, 5, 5, 10, 200]:544 4569 18 322
[0.041987952464713395, 5, 5, 10, 200]:449 4664 17 323
[0.01, 5, 5, 6, 200]:0 5113 0 340
[0.01, 5, 5, 6, 200]:0 5113 0 340
[0.01, 5, 5, 6, 200]:0 5113 0 340
[0.041987952464713395, 5, 5, 10, 200]:554 4559 12 328
[0.01, 5, 5, 6, 200]:0 5113 0 340
[0.041987952464713395, 5, 5, 10, 200]:578 4535 17 323
[0.01, 5, 5, 6, 200]:0 5113 0 340
[0.01, 5, 5, 6, 200]:0 5113 0 339
[0.01, 5, 5, 8, 512]:0 5113 0 340
[0.01, 5, 5, 8, 512]:0 5113 0 340
[0.01, 5, 5, 8, 512]:0 5113 0 339
[0.01, 5, 5, 8, 512]:0 5113 0 340
[0.01, 5, 5, 8, 512]:0 5113 0 340
[0.01, 5, 5, 8, 512]:0 5113 0 340
[0.01, 5, 5, 8, 512]:0 5113 0 340
[0.01, 5, 5, 8, 512]:0 5114 0 339
[0.01, 5, 5, 8, 512]:0 5113 0 340
[0.01, 5, 5, 8, 512]:0 5113 0 340
[0.09782875023141645, 5, 5, 10, 200]:5006 107 317 23
[0.09782875023141645, 5, 5, 10, 200]:5019 94 310 30
[0.09782875023141645, 5, 5, 10, 200]:5020 93 320 20
[0.09782875023141645, 5, 5, 10, 200]:5023 90 305 35
[0.09782875023141645, 5, 5, 10, 200]:5013 100 317 23
[0.09782875023141645, 5, 5, 10, 200]:5027 86 321 18
[0.09782875023141645, 5, 5, 10, 200]:5017 96 310 30
[0.09782875023141645, 5, 5, 10, 200]:5001 112 309 31
[0.09782875023141645, 5, 5, 10, 200]:5028 85 310 30
[0.09782875023141645, 5, 5, 10, 200]:4995 119 318 21
[0.07821376548352947, 5, 5, 10, 980]:4693 420 262 78
[0.07821376548352947, 5, 5, 10, 980]:4698 415 265 75
[0.07821376548352947, 5, 5, 10, 980]:4669 444 259 81
[0.07821376548352947, 5, 5, 10, 980]:4693 420 262 78
[0.07821376548352947, 5, 5, 10, 980]:4682 431 262 78
[0.07821376548352947, 5, 5, 10, 980]:4649 465 274 65
[0.07821376548352947, 5, 5, 10, 980]:4667 446 267 72
[0.07821376548352947, 5, 5, 10, 980]:4630 483 269 71
[0.07821376548352947, 5, 5, 10, 980]:4636 477 256 84
[0.07821376548352947, 5, 5, 10, 980]:4694 419 273 67
[0.0786848879439331, 88, 5, 10, 890]:5037 76 326 14
[0.0786848879439331, 88, 5, 10, 890]:5050 63 322 18
[0.0786848879439331, 88, 5, 10, 890]:5052 61 330 10
[0.0786848879439331, 88, 5, 10, 890]:5037 76 329 11
[0.0786848879439331, 88, 5, 10, 890]:5042 71 335 5
[0.0786848879439331, 88, 5, 10, 890]:5012 102 327 12
[0.0786848879439331, 88, 5, 10, 890]:5039 74 328 12
[0.0786848879439331, 88, 5, 10, 890]:5051 62 328 12
[0.0786848879439331, 88, 5, 10, 890]:5040 73 333 6
[0.0786848879439331, 88, 5, 10, 890]:5047 66 330 10
[0.08596693862714702, 5, 1, 8, 1493]:4927 186 293 47
[0.08596693862714702, 5, 1, 8, 1493]:4913 200 296 44
[0.08596693862714702, 5, 1, 8, 1493]:4880 234 303 36
[0.08596693862714702, 5, 1, 8, 1493]:4900 213 301 39
[0.08596693862714702, 5, 1, 8, 1493]:4915 198 289 51
[0.08596693862714702, 5, 1, 8, 1493]:4929 184 303 37
[0.08596693862714702, 5, 1, 8, 1493]:4928 185 290 50
[0.08596693862714702, 5, 1, 8, 1493]:4907 206 299 41
[0.08596693862714702, 5, 1, 8, 1493]:4916 197 301 38
[0.08596693862714702, 5, 1, 8, 1493]:4932 181 291 49
[0.05132050471746171, 5, 5, 10, 2000]:1657 3456 58 282
[0.05132050471746171, 5, 5, 10, 2000]:1750 3363 67 273
[0.06940008826663202, 5, 5, 8, 2000]:4110 1003 207 132
[0.05132050471746171, 5, 5, 10, 2000]:1735 3378 52 288
[0.05132050471746171, 5, 5, 10, 2000]:1724 3390 68 271
[0.06940008826663202, 5, 5, 8, 2000]:4148 965 217 123
[0.05132050471746171, 5, 5, 10, 2000]:1674 3439 50 290
[0.05132050471746171, 5, 5, 10, 2000]:1711 3402 63 276
[0.05132050471746171, 5, 5, 10, 2000]:1731 3382 60 280
[0.06940008826663202, 5, 5, 8, 2000]:4021 1092 210 130
[0.06940008826663202, 5, 5, 8, 2000]:4060 1053 216 124
[0.06940008826663202, 5, 5, 8, 2000]:4210 903 207 133
[0.06940008826663202, 5, 5, 8, 2000]:4064 1049 201 139
[0.06940008826663202, 5, 5, 8, 2000]:4099 1014 206 134
[0.06940008826663202, 5, 5, 8, 2000]:4022 1091 228 112
[0.06940008826663202, 5, 5, 8, 2000]:4107 1006 203 137
[0.05132050471746171, 5, 5, 10, 2000]:1721 3392 53 287
[0.05132050471746171, 5, 5, 10, 2000]:1740 3373 63 277
[0.05132050471746171, 5, 5, 10, 2000]:1718 3395 60 280
[0.06940008826663202, 5, 5, 8, 2000]:4082 1032 219 120
[0.07321156443096885, 6, 4, 2, 200]:4296 817 234 105
[0.07321156443096885, 6, 4, 2, 200]:4371 742 237 103
[0.07321156443096885, 6, 4, 2, 200]:4319 794 233 107
[0.07321156443096885, 6, 4, 2, 200]:4236 878 236 103
[0.07321156443096885, 6, 4, 2, 200]:4301 812 247 93
[0.07321156443096885, 6, 4, 2, 200]:4358 755 234 106
[0.07321156443096885, 6, 4, 2, 200]:4325 788 237 103
[0.07321156443096885, 6, 4, 2, 200]:4341 772 223 117
[0.07321156443096885, 6, 4, 2, 200]:4321 792 224 116
[0.07321156443096885, 6, 4, 2, 200]:4439 674 227 113
[0.01697802609230469, 49, 1, 9, 801]:5002 111 324 16
[0.01697802609230469, 49, 1, 9, 801]:5019 94 326 14
[0.01697802609230469, 49, 1, 9, 801]:5011 102 329 11
[0.01697802609230469, 49, 1, 9, 801]:5020 93 335 5
[0.01697802609230469, 49, 1, 9, 801]:5013 100 327 13
[0.01697802609230469, 49, 1, 9, 801]:4998 115 330 9
[0.01697802609230469, 49, 1, 9, 801]:5023 90 331 9
[0.01697802609230469, 49, 1, 9, 801]:5014 99 332 8
[0.01697802609230469, 49, 1, 9, 801]:5009 104 329 11
[0.01697802609230469, 49, 1, 9, 801]:4982 132 326 13
[0.018497043570887425, 51, 5, 7, 1954]:4697 416 281 59
[0.018497043570887425, 51, 5, 7, 1954]:4710 403 288 52
[0.018497043570887425, 51, 5, 7, 1954]:4644 469 297 42
[0.018497043570887425, 51, 5, 7, 1954]:4729 384 293 47
[0.018497043570887425, 51, 5, 7, 1954]:4657 457 283 56
[0.018497043570887425, 51, 5, 7, 1954]:4703 410 283 57
[0.018497043570887425, 51, 5, 7, 1954]:4693 420 287 53
[0.018497043570887425, 51, 5, 7, 1954]:4692 421 286 54
[0.018497043570887425, 51, 5, 7, 1954]:4720 393 288 52
[0.018497043570887425, 51, 5, 7, 1954]:4682 431 281 59
[0.06347894295352988, 5, 1, 2, 861]:3521 1592 183 157
[0.06347894295352988, 5, 1, 2, 861]:3532 1581 166 174
[0.06347894295352988, 5, 1, 2, 861]:3492 1621 170 170
[0.06347894295352988, 5, 1, 2, 861]:3613 1500 170 169
[0.06347894295352988, 5, 1, 2, 861]:3643 1470 156 184
[0.06347894295352988, 5, 1, 2, 861]:3546 1567 173 167
[0.06347894295352988, 5, 1, 2, 861]:3648 1465 170 170
[0.06347894295352988, 5, 1, 2, 861]:3502 1611 161 179
[0.06347894295352988, 5, 1, 2, 861]:3548 1565 158 182
[0.06347894295352988, 5, 1, 2, 861]:3541 1573 182 157
[0.99, 100, 1, 9, 707]:5113 0 340 0
[0.99, 100, 1, 9, 707]:5113 0 340 0
[0.99, 100, 1, 9, 707]:5114 0 339 0
[0.06842311006031641, 5, 3, 2, 1868]:3924 1189 204 136
[0.99, 100, 1, 9, 707]:5113 0 340 0
[0.06842311006031641, 5, 3, 2, 1868]:4037 1076 196 144
[0.06842311006031641, 5, 3, 2, 1868]:3986 1127 209 131
[0.06842311006031641, 5, 3, 2, 1868]:4091 1022 195 145
[0.06842311006031641, 5, 3, 2, 1868]:3982 1131 196 144
[0.06842311006031641, 5, 3, 2, 1868]:3954 1160 211 128
[0.99, 100, 1, 9, 707]:5113 0 340 0
[0.06842311006031641, 5, 3, 2, 1868]:3998 1115 197 143
[0.99, 100, 1, 9, 707]:5113 0 340 0
[0.06842311006031641, 5, 3, 2, 1868]:4070 1043 210 130
[0.06842311006031641, 5, 3, 2, 1868]:3950 1163 224 116
[0.06842311006031641, 5, 3, 2, 1868]:4013 1100 198 141
[0.99, 100, 1, 9, 707]:5113 0 340 0
[0.99, 100, 1, 9, 707]:5113 0 340 0
[0.99, 100, 1, 9, 707]:5113 0 340 0
[0.99, 100, 1, 9, 707]:5113 0 339 0
[0.0707265294182537, 5, 5, 2, 200]:4309 804 211 129
[0.0707265294182537, 5, 5, 2, 200]:4166 947 215 124
[0.0707265294182537, 5, 5, 2, 200]:4216 897 216 124
[0.0707265294182537, 5, 5, 2, 200]:4094 1019 233 107
[0.0707265294182537, 5, 5, 2, 200]:4203 910 224 116
[0.0707265294182537, 5, 5, 2, 200]:4152 961 218 122
[0.0707265294182537, 5, 5, 2, 200]:4241 872 227 113
[0.0707265294182537, 5, 5, 2, 200]:4207 906 219 121
[0.0707265294182537, 5, 5, 2, 200]:4101 1013 224 115
[0.0707265294182537, 5, 5, 2, 200]:4137 976 207 133
[0.01, 23, 5, 10, 531]:4526 587 270 70
[0.01, 23, 5, 10, 531]:4560 553 278 62
[0.01, 23, 5, 10, 531]:4480 634 267 72
[0.01, 23, 5, 10, 531]:4451 662 278 61
[0.01, 23, 5, 10, 531]:4498 615 267 73
[0.01, 23, 5, 10, 531]:4531 582 270 70
[0.01, 23, 5, 10, 531]:4533 580 272 68
[0.01, 23, 5, 10, 531]:4528 585 272 68
[0.01, 23, 5, 10, 531]:4537 576 277 63
[0.01, 23, 5, 10, 531]:4513 600 269 71
[0.01, 24, 1, 3, 1261]:5099 14 337 3
[0.01, 24, 1, 3, 1261]:5103 10 339 1
[0.01, 24, 1, 3, 1261]:5093 20 340 0
[0.01, 24, 1, 3, 1261]:5099 14 340 0
[0.01, 24, 1, 3, 1261]:5088 26 339 0
[0.01, 24, 1, 3, 1261]:5097 16 339 1
[0.01, 24, 1, 3, 1261]:5087 26 339 1
[0.01, 24, 1, 3, 1261]:5094 19 340 0
[0.01, 24, 1, 3, 1261]:5095 18 339 1
[0.01, 24, 1, 3, 1261]:5087 26 339 0
[0.03949778729857048, 58, 5, 7, 421]:4897 216 307 33
[0.03949778729857048, 58, 5, 7, 421]:4846 268 305 34
[0.03949778729857048, 58, 5, 7, 421]:4904 209 308 32
[0.03949778729857048, 58, 5, 7, 421]:4896 217 306 34
[0.03949778729857048, 58, 5, 7, 421]:4891 222 310 30
[0.03949778729857048, 58, 5, 7, 421]:4904 209 315 25
[0.03949778729857048, 58, 5, 7, 421]:4870 243 306 33
[0.03949778729857048, 58, 5, 7, 421]:4889 224 315 25
[0.03949778729857048, 58, 5, 7, 421]:4918 195 304 36
[0.03949778729857048, 58, 5, 7, 421]:4885 228 302 38
[0.044599272557469524, 62, 5, 7, 587]:4930 183 309 31
[0.044599272557469524, 62, 5, 7, 587]:4909 204 311 28
[0.044599272557469524, 62, 5, 7, 587]:4916 197 303 37
[0.044599272557469524, 62, 5, 7, 587]:4884 230 308 31
[0.044599272557469524, 62, 5, 7, 587]:4928 185 314 26
[0.044599272557469524, 62, 5, 7, 587]:4930 183 310 30
[0.044599272557469524, 62, 5, 7, 587]:4933 180 310 30
[0.044599272557469524, 62, 5, 7, 587]:4930 183 310 30
[0.044599272557469524, 62, 5, 7, 587]:4934 179 314 26
[0.044599272557469524, 62, 5, 7, 587]:4933 180 321 19
[0.03300808719726011, 59, 5, 8, 1780]:4856 257 308 32
[0.03300808719726011, 59, 5, 8, 1780]:4855 258 301 39
[0.03300808719726011, 59, 5, 8, 1780]:4855 258 301 39
[0.03300808719726011, 59, 5, 8, 1780]:4864 249 308 32
[0.03300808719726011, 59, 5, 8, 1780]:4829 284 306 33
[0.03300808719726011, 59, 5, 8, 1780]:4856 257 300 40
[0.03300808719726011, 59, 5, 8, 1780]:4858 255 306 34
[0.03300808719726011, 59, 5, 8, 1780]:4808 306 304 35
[0.03300808719726011, 59, 5, 8, 1780]:4850 263 305 35
[0.03300808719726011, 59, 5, 8, 1780]:4856 257 303 37
