[0.03439650397853935, 44, 3, 3, 769]:810 4302 57 284
[0.03439650397853935, 44, 3, 3, 769]:724 4387 48 294
[0.03439650397853935, 44, 3, 3, 769]:733 4379 64 277
[0.03439650397853935, 44, 3, 3, 769]:798 4313 58 284
[0.03439650397853935, 44, 3, 3, 769]:732 4380 37 304
[0.03439650397853935, 44, 3, 3, 769]:756 4355 31 311
[0.03439650397853935, 44, 3, 3, 769]:739 4373 45 296
[0.03439650397853935, 44, 3, 3, 769]:818 4293 47 295
[0.03439650397853935, 44, 3, 3, 769]:764 4347 50 292
[0.03439650397853935, 44, 3, 3, 769]:763 4348 53 288
[0.025993447583214247, 99, 2, 7, 1050]:3312 1799 196 146
[0.025993447583214247, 99, 2, 7, 1050]:3318 1794 200 141
[0.025993447583214247, 99, 2, 7, 1050]:3210 1901 206 136
[0.025993447583214247, 99, 2, 7, 1050]:3273 1838 188 154
[0.025993447583214247, 99, 2, 7, 1050]:3229 1882 190 152
[0.025993447583214247, 99, 2, 7, 1050]:3301 1811 212 129
[0.025993447583214247, 99, 2, 7, 1050]:3227 1884 200 141
[0.025993447583214247, 99, 2, 7, 1050]:3288 1824 203 138
[0.025993447583214247, 99, 2, 7, 1050]:3341 1770 192 150
[0.025993447583214247, 99, 2, 7, 1050]:3210 1902 192 149
[0.029186024858244567, 77, 5, 7, 1973]:537 4574 33 309
[0.029186024858244567, 77, 5, 7, 1973]:555 4557 31 310
[0.029186024858244567, 77, 5, 7, 1973]:606 4505 30 312
[0.029186024858244567, 77, 5, 7, 1973]:558 4554 40 301
[0.029186024858244567, 77, 5, 7, 1973]:503 4608 20 322
[0.029186024858244567, 77, 5, 7, 1973]:528 4584 49 292
[0.029186024858244567, 77, 5, 7, 1973]:576 4535 34 308
[0.029186024858244567, 77, 5, 7, 1973]:501 4611 23 318
[0.029186024858244567, 77, 5, 7, 1973]:524 4587 29 313
[0.029186024858244567, 77, 5, 7, 1973]:531 4580 30 311
[0.8282624277507273, 79, 3, 8, 438]:5111 0 342 0
[0.8282624277507273, 79, 3, 8, 438]:5111 0 342 0
[0.8282624277507273, 79, 3, 8, 438]:5112 0 341 0
[0.8282624277507273, 79, 3, 8, 438]:5112 0 341 0
[0.8282624277507273, 79, 3, 8, 438]:5112 0 341 0
[0.8282624277507273, 79, 3, 8, 438]:5112 0 341 0
[0.8282624277507273, 79, 3, 8, 438]:5111 0 342 0
[0.8282624277507273, 79, 3, 8, 438]:5111 0 342 0
[0.8282624277507273, 79, 3, 8, 438]:5111 0 342 0
[0.8282624277507273, 79, 3, 8, 438]:5111 0 341 0
[0.542245787357252, 42, 2, 10, 873]:5111 0 342 0
[0.542245787357252, 42, 2, 10, 873]:5111 0 342 0
[0.542245787357252, 42, 2, 10, 873]:5111 0 341 0
[0.542245787357252, 42, 2, 10, 873]:5112 0 341 0
[0.542245787357252, 42, 2, 10, 873]:5111 0 342 0
[0.542245787357252, 42, 2, 10, 873]:5112 0 341 0
[0.542245787357252, 42, 2, 10, 873]:5111 0 342 0
[0.542245787357252, 42, 2, 10, 873]:5112 0 341 0
[0.542245787357252, 42, 2, 10, 873]:5112 0 341 0
[0.542245787357252, 42, 2, 10, 873]:5111 0 342 0
[0.0820769748425892, 77, 1, 6, 590]:4693 418 306 36
[0.0820769748425892, 77, 1, 6, 590]:4662 450 303 38
[0.0820769748425892, 77, 1, 6, 590]:4612 499 301 41
[0.0820769748425892, 77, 1, 6, 590]:4622 490 310 31
[0.0820769748425892, 77, 1, 6, 590]:4634 477 308 34
[0.0820769748425892, 77, 1, 6, 590]:4578 533 306 36
[0.0820769748425892, 77, 1, 6, 590]:4605 506 296 45
[0.0820769748425892, 77, 1, 6, 590]:4627 485 305 36
[0.0820769748425892, 77, 1, 6, 590]:4630 482 298 43
[0.0820769748425892, 77, 1, 6, 590]:4659 452 306 36
[0.49406754562005367, 97, 4, 9, 772]:5112 0 341 0
[0.49406754562005367, 97, 4, 9, 772]:5111 0 342 0
[0.4545063973232774, 65, 4, 2, 761]:5111 0 342 0
[0.49406754562005367, 97, 4, 9, 772]:5112 0 341 0
[0.1612902665503054, 76, 3, 2, 723]:5062 50 328 13
[0.4545063973232774, 65, 4, 2, 761]:5111 0 342 0
[0.1612902665503054, 76, 3, 2, 723]:5050 62 327 14
[0.49406754562005367, 97, 4, 9, 772]:5111 0 341 0
[0.4545063973232774, 65, 4, 2, 761]:5111 0 342 0
[0.4545063973232774, 65, 4, 2, 761]:5112 0 341 0
[0.49406754562005367, 97, 4, 9, 772]:5111 0 342 0
[0.4545063973232774, 65, 4, 2, 761]:5111 0 342 0
[0.49406754562005367, 97, 4, 9, 772]:5111 0 342 0
[0.4545063973232774, 65, 4, 2, 761]:5112 0 341 0
[0.4545063973232774, 65, 4, 2, 761]:5111 0 341 0
[0.4545063973232774, 65, 4, 2, 761]:5112 0 341 0
[0.49406754562005367, 97, 4, 9, 772]:5111 0 342 0
[0.4545063973232774, 65, 4, 2, 761]:5111 0 342 0
[0.1612902665503054, 76, 3, 2, 723]:5060 51 334 8
[0.49406754562005367, 97, 4, 9, 772]:5111 0 342 0
[0.1612902665503054, 76, 3, 2, 723]:5073 39 329 12
[0.1612902665503054, 76, 3, 2, 723]:5067 44 327 15
[0.1612902665503054, 76, 3, 2, 723]:5043 68 325 17
[0.49406754562005367, 97, 4, 9, 772]:5112 0 341 0
[0.49406754562005367, 97, 4, 9, 772]:5112 0 341 0
[0.1612902665503054, 76, 3, 2, 723]:5060 52 335 6
[0.1612902665503054, 76, 3, 2, 723]:5059 52 332 10
[0.1612902665503054, 76, 3, 2, 723]:5057 54 335 7
[0.4545063973232774, 65, 4, 2, 761]:5112 0 341 0
[0.1612902665503054, 76, 3, 2, 723]:5071 40 328 13
[0.01, 12, 1, 10, 1847]:68 5043 3 338
[0.01, 12, 1, 10, 1847]:59 5053 1 340
[0.01, 12, 1, 10, 1847]:61 5051 5 336
[0.11112584703837854, 92, 5, 6, 998]:4818 294 297 44
[0.01, 12, 1, 10, 1847]:54 5058 7 334
[0.11112584703837854, 92, 5, 6, 998]:4832 280 289 52
[0.01, 12, 1, 10, 1847]:76 5035 4 338
[0.01, 12, 1, 10, 1847]:65 5047 3 338
[0.01, 12, 1, 10, 1847]:71 5040 4 338
[0.11112584703837854, 92, 5, 6, 998]:4850 261 302 40
[0.11112584703837854, 92, 5, 6, 998]:4816 296 305 36
[0.01, 12, 1, 10, 1847]:62 5049 2 340
[0.11112584703837854, 92, 5, 6, 998]:4843 268 303 39
[0.01, 12, 1, 10, 1847]:60 5051 2 340
[0.11112584703837854, 92, 5, 6, 998]:4804 307 286 56
[0.01, 12, 1, 10, 1847]:57 5054 3 339
[0.08226821878375665, 100, 5, 10, 1141]:4732 380 291 50
[0.11112584703837854, 92, 5, 6, 998]:4838 273 294 47
[0.11112584703837854, 92, 5, 6, 998]:4838 273 298 44
[0.11112584703837854, 92, 5, 6, 998]:4847 265 285 56
[0.11112584703837854, 92, 5, 6, 998]:4879 232 291 51
[0.08226821878375665, 100, 5, 10, 1141]:4683 428 286 55
[0.08226821878375665, 100, 5, 10, 1141]:4698 413 284 58
[0.08226821878375665, 100, 5, 10, 1141]:4779 332 294 48
[0.08226821878375665, 100, 5, 10, 1141]:4756 356 280 61
[0.08226821878375665, 100, 5, 10, 1141]:4768 343 290 52
[0.08226821878375665, 100, 5, 10, 1141]:4729 383 296 45
[0.08226821878375665, 100, 5, 10, 1141]:4786 326 279 62
[0.08226821878375665, 100, 5, 10, 1141]:4725 386 274 68
[0.08226821878375665, 100, 5, 10, 1141]:4796 315 281 61
[0.01, 14, 5, 10, 205]:47 5065 1 340
[0.01, 14, 5, 10, 205]:63 5048 2 340
[0.01, 14, 5, 10, 205]:43 5068 2 340
[0.01, 14, 5, 10, 205]:43 5069 4 337
[0.01, 14, 5, 10, 205]:52 5060 1 340
[0.01, 14, 5, 10, 205]:52 5059 1 341
[0.01, 14, 5, 10, 205]:58 5054 3 338
[0.01, 14, 5, 10, 205]:46 5065 2 340
[0.01, 14, 5, 10, 205]:58 5053 2 339
[0.01, 14, 5, 10, 205]:60 5051 3 339
[0.014075283192720691, 15, 4, 10, 514]:67 5045 4 337
[0.014075283192720691, 15, 4, 10, 514]:61 5051 1 340
[0.014075283192720691, 15, 4, 10, 514]:79 5032 5 337
[0.014075283192720691, 15, 4, 10, 514]:70 5042 4 337
[0.014075283192720691, 15, 4, 10, 514]:76 5035 2 340
[0.014075283192720691, 15, 4, 10, 514]:75 5036 3 338
[0.014075283192720691, 15, 4, 10, 514]:66 5046 6 335
[0.014075283192720691, 15, 4, 10, 514]:82 5029 3 339
[0.014075283192720691, 15, 4, 10, 514]:68 5043 1 341
[0.014075283192720691, 15, 4, 10, 514]:69 5042 4 338
[0.01, 75, 4, 2, 723]:415 4696 18 324
[0.01, 75, 4, 2, 723]:343 4768 19 323
[0.01, 75, 4, 2, 723]:416 4696 30 311
[0.01, 75, 4, 2, 723]:350 4761 21 321
[0.01, 75, 4, 2, 723]:322 4790 14 327
[0.01, 75, 4, 2, 723]:350 4762 27 314
[0.01, 75, 4, 2, 723]:400 4711 23 318
[0.01, 75, 4, 2, 723]:400 4712 23 318
[0.01, 75, 4, 2, 723]:384 4727 15 327
[0.01, 75, 4, 2, 723]:426 4685 25 317
[0.07972549652980476, 5, 5, 2, 200]:4835 276 290 51
[0.07972549652980476, 5, 5, 2, 200]:4828 284 302 39
[0.07972549652980476, 5, 5, 2, 200]:4859 252 289 53
[0.07972549652980476, 5, 5, 2, 200]:4812 300 296 45
[0.07972549652980476, 5, 5, 2, 200]:4831 281 282 59
[0.07972549652980476, 5, 5, 2, 200]:4822 289 299 43
[0.07972549652980476, 5, 5, 2, 200]:4832 280 285 56
[0.07972549652980476, 5, 5, 2, 200]:4819 292 293 49
[0.025708582624164006, 5, 1, 2, 200]:23 5089 2 339
[0.025708582624164006, 5, 1, 2, 200]:16 5096 1 340
[0.025708582624164006, 5, 1, 2, 200]:23 5088 2 340
[0.025708582624164006, 5, 1, 2, 200]:18 5093 2 340
[0.07972549652980476, 5, 5, 2, 200]:4837 274 298 44
[0.025708582624164006, 5, 1, 2, 200]:12 5099 1 341
[0.07972549652980476, 5, 5, 2, 200]:4801 310 282 60
[0.025708582624164006, 5, 1, 2, 200]:27 5085 2 339
[0.025708582624164006, 5, 1, 2, 200]:22 5089 1 340
[0.025708582624164006, 5, 1, 2, 200]:14 5098 0 341
[0.025708582624164006, 5, 1, 2, 200]:29 5082 1 341
[0.025708582624164006, 5, 1, 2, 200]:19 5092 1 341
[0.03506558500052467, 11, 1, 10, 1947]:182 4929 9 333
[0.03506558500052467, 11, 1, 10, 1947]:130 4982 5 336
[0.03506558500052467, 11, 1, 10, 1947]:136 4975 12 329
[0.03506558500052467, 11, 1, 10, 1947]:129 4983 9 332
[0.03506558500052467, 11, 1, 10, 1947]:150 4961 8 334
[0.03506558500052467, 11, 1, 10, 1947]:127 4984 5 337
[0.03506558500052467, 11, 1, 10, 1947]:157 4954 11 331
[0.03506558500052467, 11, 1, 10, 1947]:136 4975 8 334
[0.03506558500052467, 11, 1, 10, 1947]:113 4999 8 333
[0.03506558500052467, 11, 1, 10, 1947]:131 4981 9 332
[0.01, 11, 2, 10, 412]:46 5066 4 337
[0.01, 11, 2, 10, 412]:62 5049 2 339
[0.01, 11, 2, 10, 412]:41 5071 1 340
[0.01, 11, 2, 10, 412]:47 5065 0 341
[0.01, 11, 2, 10, 412]:61 5050 4 338
[0.01, 11, 2, 10, 412]:44 5067 2 340
[0.01, 11, 2, 10, 412]:63 5048 4 338
[0.01, 11, 2, 10, 412]:48 5063 2 340
[0.01, 11, 2, 10, 412]:45 5066 2 340
[0.01, 11, 2, 10, 412]:52 5060 4 337
[0.06754836038999074, 5, 5, 2, 2000]:4430 681 263 79
[0.06754836038999074, 5, 5, 2, 2000]:4513 598 256 86
[0.06754836038999074, 5, 5, 2, 2000]:4422 690 250 91
[0.06754836038999074, 5, 5, 2, 2000]:4678 433 275 67
[0.07090357834092047, 11, 4, 2, 1271]:4530 582 275 66
[0.06754836038999074, 5, 5, 2, 2000]:4645 467 259 82
[0.06754836038999074, 5, 5, 2, 2000]:4665 446 266 76
[0.06754836038999074, 5, 5, 2, 2000]:4495 617 269 72
[0.06754836038999074, 5, 5, 2, 2000]:4420 691 264 77
[0.07090357834092047, 11, 4, 2, 1271]:4481 631 271 70
[0.07090357834092047, 11, 4, 2, 1271]:4701 411 267 74
[0.07090357834092047, 11, 4, 2, 1271]:4521 590 264 78
[0.06754836038999074, 5, 5, 2, 2000]:4460 652 268 73
[0.07090357834092047, 11, 4, 2, 1271]:4519 592 268 74
[0.07090357834092047, 11, 4, 2, 1271]:4567 544 260 82
[0.06754836038999074, 5, 5, 2, 2000]:4463 648 263 79
[0.07090357834092047, 11, 4, 2, 1271]:4513 598 254 88
[0.07090357834092047, 11, 4, 2, 1271]:4455 656 266 76
[0.07090357834092047, 11, 4, 2, 1271]:4524 588 258 83
[0.07090357834092047, 11, 4, 2, 1271]:4469 642 268 73
[0.0566425862325747, 100, 4, 10, 200]:4028 1084 239 102
[0.0566425862325747, 100, 4, 10, 200]:3962 1149 239 102
[0.0566425862325747, 100, 4, 10, 200]:3984 1127 215 127
[0.0566425862325747, 100, 4, 10, 200]:3988 1124 223 118
[0.0566425862325747, 100, 4, 10, 200]:3915 1197 222 119
[0.0566425862325747, 100, 4, 10, 200]:4035 1076 234 108
[0.0566425862325747, 100, 4, 10, 200]:3918 1194 249 92
[0.0566425862325747, 100, 4, 10, 200]:3906 1205 238 104
[0.0566425862325747, 100, 4, 10, 200]:3994 1117 238 104
[0.0566425862325747, 100, 4, 10, 200]:3936 1175 219 123
[0.055507646876652855, 100, 5, 10, 2000]:3717 1395 238 103
[0.055507646876652855, 100, 5, 10, 2000]:3769 1342 203 139
[0.055507646876652855, 100, 5, 10, 2000]:3743 1368 206 136
[0.055507646876652855, 100, 5, 10, 2000]:3678 1434 211 130
[0.055507646876652855, 100, 5, 10, 2000]:3570 1542 195 146
[0.055507646876652855, 100, 5, 10, 2000]:3532 1579 201 141
[0.055507646876652855, 100, 5, 10, 2000]:3673 1438 232 110
[0.055507646876652855, 100, 5, 10, 2000]:3765 1346 221 121
[0.055507646876652855, 100, 5, 10, 2000]:3769 1342 222 119
[0.055507646876652855, 100, 5, 10, 2000]:3819 1293 229 112
[0.015494903563244452, 74, 1, 3, 1165]:4115 997 283 58
[0.015494903563244452, 74, 1, 3, 1165]:4220 892 290 51
[0.015494903563244452, 74, 1, 3, 1165]:4176 935 281 61
[0.015494903563244452, 74, 1, 3, 1165]:4130 981 279 63
[0.015494903563244452, 74, 1, 3, 1165]:4146 965 281 61
[0.015494903563244452, 74, 1, 3, 1165]:4108 1003 278 64
[0.015494903563244452, 74, 1, 3, 1165]:4161 951 275 66
[0.015494903563244452, 74, 1, 3, 1165]:4152 960 286 55
[0.015494903563244452, 74, 1, 3, 1165]:4142 969 278 63
[0.015494903563244452, 74, 1, 3, 1165]:4157 954 285 57
[0.02145413678114411, 72, 5, 2, 200]:370 4741 18 324
[0.02145413678114411, 72, 5, 2, 200]:443 4668 27 314
[0.02145413678114411, 72, 5, 2, 200]:393 4718 22 320
[0.02145413678114411, 72, 5, 2, 200]:453 4658 23 319
[0.02145413678114411, 72, 5, 2, 200]:369 4743 13 328
[0.02145413678114411, 72, 5, 2, 200]:462 4649 23 319
[0.02145413678114411, 72, 5, 2, 200]:430 4682 37 304
[0.02145413678114411, 72, 5, 2, 200]:451 4661 32 309
[0.02145413678114411, 72, 5, 2, 200]:427 4685 20 321
[0.02145413678114411, 72, 5, 2, 200]:435 4676 25 317
[0.019717286979360364, 5, 5, 5, 2000]:21 5091 2 339
[0.019717286979360364, 5, 5, 5, 2000]:13 5099 1 340
[0.019717286979360364, 5, 5, 5, 2000]:12 5099 0 341
[0.019717286979360364, 5, 5, 5, 2000]:16 5095 0 342
[0.019717286979360364, 5, 5, 5, 2000]:15 5096 0 342
[0.019717286979360364, 5, 5, 5, 2000]:10 5102 0 341
[0.019717286979360364, 5, 5, 5, 2000]:7 5104 0 342
[0.019717286979360364, 5, 5, 5, 2000]:4 5107 0 342
[0.019717286979360364, 5, 5, 5, 2000]:9 5103 1 340
[0.019717286979360364, 5, 5, 5, 2000]:14 5097 1 341
[0.054850638971675865, 62, 1, 3, 2000]:4534 577 302 40
[0.054850638971675865, 62, 1, 3, 2000]:4504 608 305 36
[0.054850638971675865, 62, 1, 3, 2000]:4550 562 306 35
[0.054850638971675865, 62, 1, 3, 2000]:4511 601 294 47
[0.054850638971675865, 62, 1, 3, 2000]:4482 629 302 40
[0.054850638971675865, 62, 1, 3, 2000]:4489 622 293 48
[0.054850638971675865, 62, 1, 3, 2000]:4579 532 301 41
[0.054850638971675865, 62, 1, 3, 2000]:4539 572 304 38
[0.054850638971675865, 62, 1, 3, 2000]:4547 565 292 49
[0.054850638971675865, 62, 1, 3, 2000]:4494 617 304 38
[0.10036198376729068, 7, 4, 8, 1878]:4855 257 290 51
[0.10036198376729068, 7, 4, 8, 1878]:4829 283 299 42
[0.08425361468204932, 5, 4, 2, 2000]:4804 307 282 60
[0.08425361468204932, 5, 4, 2, 2000]:4841 270 290 51
[0.08425361468204932, 5, 4, 2, 2000]:4815 297 298 43
[0.08425361468204932, 5, 4, 2, 2000]:4835 277 285 56
[0.08425361468204932, 5, 4, 2, 2000]:4827 284 299 43
[0.08425361468204932, 5, 4, 2, 2000]:4835 277 283 58
[0.08425361468204932, 5, 4, 2, 2000]:4829 283 302 39
[0.08425361468204932, 5, 4, 2, 2000]:4824 287 293 49
[0.08425361468204932, 5, 4, 2, 2000]:4839 272 299 43
[0.08425361468204932, 5, 4, 2, 2000]:4865 246 289 53
[0.10036198376729068, 7, 4, 8, 1878]:4860 251 302 40
[0.10036198376729068, 7, 4, 8, 1878]:4844 267 304 38
[0.10036198376729068, 7, 4, 8, 1878]:4859 252 296 45
[0.10036198376729068, 7, 4, 8, 1878]:4881 230 290 52
[0.10036198376729068, 7, 4, 8, 1878]:4840 271 297 45
[0.10036198376729068, 7, 4, 8, 1878]:4872 240 291 50
[0.10036198376729068, 7, 4, 8, 1878]:4811 300 286 56
[0.10036198376729068, 7, 4, 8, 1878]:4844 268 304 37
[0.09537042470967279, 100, 3, 10, 2000]:4784 327 292 50
[0.09537042470967279, 100, 3, 10, 2000]:4818 293 299 43
[0.09537042470967279, 100, 3, 10, 2000]:4785 327 294 47
[0.09537042470967279, 100, 3, 10, 2000]:4843 268 288 54
[0.09537042470967279, 100, 3, 10, 2000]:4825 287 281 60
[0.09537042470967279, 100, 3, 10, 2000]:4785 326 280 62
[0.09537042470967279, 100, 3, 10, 2000]:4818 293 298 44
[0.09537042470967279, 100, 3, 10, 2000]:4814 298 288 53
[0.09537042470967279, 100, 3, 10, 2000]:4813 298 291 50
[0.09537042470967279, 100, 3, 10, 2000]:4800 312 304 37
[0.01, 100, 5, 10, 200]:257 4855 19 322
[0.01, 100, 5, 10, 200]:204 4908 8 333
[0.01, 100, 5, 10, 200]:219 4892 10 332
[0.01, 100, 5, 10, 200]:246 4865 13 329
[0.01, 100, 5, 10, 200]:214 4897 11 331
[0.01, 100, 5, 10, 200]:257 4855 16 325
[0.01, 100, 5, 10, 200]:306 4805 19 323
[0.01, 100, 5, 10, 200]:253 4859 7 334
[0.01, 100, 5, 10, 200]:259 4852 19 322
[0.01, 100, 5, 10, 200]:298 4813 11 331
[0.060940851924831625, 24, 5, 2, 2000]:4337 774 261 81
[0.060940851924831625, 24, 5, 2, 2000]:4359 752 260 82
[0.060940851924831625, 24, 5, 2, 2000]:4343 769 246 95
[0.15381812992608632, 98, 5, 6, 1766]:5060 51 331 11
[0.15381812992608632, 98, 5, 6, 1766]:5060 52 333 8
[0.060940851924831625, 24, 5, 2, 2000]:3990 1121 229 113
[0.060940851924831625, 24, 5, 2, 2000]:4381 730 250 92
[0.15381812992608632, 98, 5, 6, 1766]:5057 54 335 7
[0.15381812992608632, 98, 5, 6, 1766]:5016 96 325 16
[0.15381812992608632, 98, 5, 6, 1766]:5028 83 332 10
[0.060940851924831625, 24, 5, 2, 2000]:4304 808 264 77
[0.060940851924831625, 24, 5, 2, 2000]:4126 986 232 109
[0.060940851924831625, 24, 5, 2, 2000]:4377 734 257 85
[0.15381812992608632, 98, 5, 6, 1766]:5046 65 326 16
[0.15381812992608632, 98, 5, 6, 1766]:5058 54 327 14
[0.060940851924831625, 24, 5, 2, 2000]:4393 719 263 78
[0.15381812992608632, 98, 5, 6, 1766]:5058 53 326 16
[0.15381812992608632, 98, 5, 6, 1766]:5063 48 326 15
[0.060940851924831625, 24, 5, 2, 2000]:4366 745 265 76
[0.15381812992608632, 98, 5, 6, 1766]:5071 41 329 12
[0.10906801385940916, 29, 1, 5, 200]:4917 194 317 25
[0.10906801385940916, 29, 1, 5, 200]:4957 154 321 21
[0.10906801385940916, 29, 1, 5, 200]:4938 174 306 35
[0.10906801385940916, 29, 1, 5, 200]:4972 139 318 24
[0.10906801385940916, 29, 1, 5, 200]:4921 190 315 27
[0.10906801385940916, 29, 1, 5, 200]:4960 151 311 30
[0.10906801385940916, 29, 1, 5, 200]:4965 147 307 34
[0.10906801385940916, 29, 1, 5, 200]:4884 228 312 29
[0.10906801385940916, 29, 1, 5, 200]:4931 180 306 36
[0.10906801385940916, 29, 1, 5, 200]:4913 199 317 24
[0.1148268531286456, 100, 2, 10, 2000]:4903 208 315 27
[0.1148268531286456, 100, 2, 10, 2000]:4876 235 294 48
[0.1148268531286456, 100, 2, 10, 2000]:4879 232 307 35
[0.1148268531286456, 100, 2, 10, 2000]:4917 194 302 40
[0.1148268531286456, 100, 2, 10, 2000]:4855 257 305 36
[0.1148268531286456, 100, 2, 10, 2000]:4905 207 302 39
[0.1148268531286456, 100, 2, 10, 2000]:4900 211 305 36
[0.1148268531286456, 100, 2, 10, 2000]:4855 257 312 29
[0.1148268531286456, 100, 2, 10, 2000]:4901 210 315 27
[0.1148268531286456, 100, 2, 10, 2000]:4896 216 304 37
[0.11827151304761878, 100, 1, 10, 2000]:4757 355 315 26
[0.11827151304761878, 100, 1, 10, 2000]:4722 389 310 32
[0.11827151304761878, 100, 1, 10, 2000]:4716 395 306 36
[0.11827151304761878, 100, 1, 10, 2000]:4726 386 308 33
[0.11827151304761878, 100, 1, 10, 2000]:4761 350 313 29
[0.11827151304761878, 100, 1, 10, 2000]:4774 337 305 37
[0.11827151304761878, 100, 1, 10, 2000]:4769 343 315 26
[0.11827151304761878, 100, 1, 10, 2000]:4700 412 305 36
[0.11827151304761878, 100, 1, 10, 2000]:4720 391 314 28
[0.11827151304761878, 100, 1, 10, 2000]:4723 388 307 34
[0.04254013445600569, 39, 5, 3, 990]:795 4317 65 276
[0.04254013445600569, 39, 5, 3, 990]:783 4329 54 287
[0.04254013445600569, 39, 5, 3, 990]:797 4314 48 294
[0.04254013445600569, 39, 5, 3, 990]:740 4371 45 297
[0.04254013445600569, 39, 5, 3, 990]:749 4363 44 297
[0.04254013445600569, 39, 5, 3, 990]:780 4331 35 307
[0.04254013445600569, 39, 5, 3, 990]:873 4238 57 285
[0.04254013445600569, 39, 5, 3, 990]:682 4430 32 309
[0.04254013445600569, 39, 5, 3, 990]:906 4205 38 304
[0.04254013445600569, 39, 5, 3, 990]:780 4331 53 288
[0.04419440259324141, 50, 4, 10, 2000]:1370 3741 59 283
[0.04419440259324141, 50, 4, 10, 2000]:1256 3856 63 278
[0.04419440259324141, 50, 4, 10, 2000]:1344 3767 74 268
[0.04419440259324141, 50, 4, 10, 2000]:1428 3684 95 246
[0.04419440259324141, 50, 4, 10, 2000]:1395 3717 86 255
[0.04419440259324141, 50, 4, 10, 2000]:1408 3704 66 275
[0.04419440259324141, 50, 4, 10, 2000]:1269 3842 73 269
[0.2598015515179353, 38, 1, 9, 1699]:5083 29 337 4
[0.04419440259324141, 50, 4, 10, 2000]:1427 3684 74 267
[0.04419440259324141, 50, 4, 10, 2000]:1350 3761 79 263
[0.2598015515179353, 38, 1, 9, 1699]:5094 17 331 10
[0.2598015515179353, 38, 1, 9, 1699]:5079 32 341 1
[0.2598015515179353, 38, 1, 9, 1699]:5083 29 337 4
[0.2598015515179353, 38, 1, 9, 1699]:5094 18 339 2
[0.2598015515179353, 38, 1, 9, 1699]:5087 24 339 3
[0.04419440259324141, 50, 4, 10, 2000]:1368 3743 66 276
[0.2598015515179353, 38, 1, 9, 1699]:5082 29 335 7
[0.2598015515179353, 38, 1, 9, 1699]:5088 24 335 6
[0.2598015515179353, 38, 1, 9, 1699]:5089 22 338 4
[0.2598015515179353, 38, 1, 9, 1699]:5075 36 340 2
[0.07686563186028501, 100, 5, 10, 200]:4716 396 276 65
[0.07686563186028501, 100, 5, 10, 200]:4729 383 274 67
[0.07689761095697466, 100, 5, 2, 200]:4670 442 288 53
[0.07686563186028501, 100, 5, 10, 200]:4608 504 281 60
[0.07689761095697466, 100, 5, 2, 200]:4692 420 272 69
[0.07686563186028501, 100, 5, 10, 200]:4688 424 289 52
[0.07689761095697466, 100, 5, 2, 200]:4666 445 278 64
[0.07689761095697466, 100, 5, 2, 200]:4747 365 275 66
[0.07689761095697466, 100, 5, 2, 200]:4627 484 263 79
[0.07686563186028501, 100, 5, 10, 200]:4694 417 290 52
[0.07686563186028501, 100, 5, 10, 200]:4641 470 271 71
[0.07686563186028501, 100, 5, 10, 200]:4673 438 279 63
[0.07686563186028501, 100, 5, 10, 200]:4502 609 272 69
[0.07689761095697466, 100, 5, 2, 200]:4497 614 272 70
[0.07686563186028501, 100, 5, 10, 200]:4513 598 272 70
[0.07689761095697466, 100, 5, 2, 200]:4560 552 277 64
[0.07689761095697466, 100, 5, 2, 200]:4613 498 266 76
[0.07689761095697466, 100, 5, 2, 200]:4702 409 289 53
[0.07689761095697466, 100, 5, 2, 200]:4502 609 272 69
[0.07686563186028501, 100, 5, 10, 200]:4665 446 267 75
[0.09103665464135846, 70, 5, 2, 361]:4840 271 283 59
[0.09103665464135846, 70, 5, 2, 361]:4799 312 294 48
[0.09103665464135846, 70, 5, 2, 361]:4792 319 289 52
[0.09103665464135846, 70, 5, 2, 361]:4806 305 298 44
[0.09103665464135846, 70, 5, 2, 361]:4779 332 290 52
[0.09103665464135846, 70, 5, 2, 361]:4771 340 276 66
[0.09103665464135846, 70, 5, 2, 361]:4789 323 301 40
[0.09103665464135846, 70, 5, 2, 361]:4808 304 280 61
[0.09103665464135846, 70, 5, 2, 361]:4767 345 292 49
[0.09103665464135846, 70, 5, 2, 361]:4805 307 284 57
[0.10332899474240982, 100, 3, 2, 200]:4798 313 285 57
[0.10332899474240982, 100, 3, 2, 200]:4835 276 302 40
[0.10332899474240982, 100, 3, 2, 200]:4797 314 293 49
[0.10332899474240982, 100, 3, 2, 200]:4804 308 306 35
[0.10332899474240982, 100, 3, 2, 200]:4805 307 298 43
[0.10332899474240982, 100, 3, 2, 200]:4835 277 281 60
[0.10332899474240982, 100, 3, 2, 200]:4832 279 301 41
[0.10332899474240982, 100, 3, 2, 200]:4820 291 291 50
[0.10332899474240982, 100, 3, 2, 200]:4857 254 291 51
[0.10332899474240982, 100, 3, 2, 200]:4826 286 290 51
[0.07187214154437933, 5, 4, 2, 2000]:4814 298 300 41
[0.07187214154437933, 5, 4, 2, 2000]:4838 273 287 55
[0.07187214154437933, 5, 4, 2, 2000]:4796 316 294 47
[0.07187214154437933, 5, 4, 2, 2000]:4764 347 285 57
[0.07187214154437933, 5, 4, 2, 2000]:4822 290 283 58
[0.07187214154437933, 5, 4, 2, 2000]:4782 329 281 61
[0.07187214154437933, 5, 4, 2, 2000]:4814 297 296 46
[0.07187214154437933, 5, 4, 2, 2000]:4798 313 296 46
[0.07187214154437933, 5, 4, 2, 2000]:4822 290 279 62
[0.07187214154437933, 5, 4, 2, 2000]:4801 310 286 55
[0.07144934581604459, 63, 5, 2, 2000]:4518 593 265 77
[0.07144934581604459, 63, 5, 2, 2000]:4536 576 259 82
[0.07144934581604459, 63, 5, 2, 2000]:4574 538 255 86
[0.07144934581604459, 63, 5, 2, 2000]:4453 658 271 70
[0.07144934581604459, 63, 5, 2, 2000]:4467 644 267 75
[0.07144934581604459, 63, 5, 2, 2000]:4478 634 271 70
[0.07144934581604459, 63, 5, 2, 2000]:4490 621 251 91
[0.07144934581604459, 63, 5, 2, 2000]:4512 599 270 72
[0.07144934581604459, 63, 5, 2, 2000]:4517 595 276 65
[0.07144934581604459, 63, 5, 2, 2000]:4541 570 256 86
[0.01989566946544601, 19, 3, 3, 220]:205 4906 12 330
[0.01989566946544601, 19, 3, 3, 220]:169 4943 10 331
[0.01989566946544601, 19, 3, 3, 220]:155 4956 8 334
[0.01989566946544601, 19, 3, 3, 220]:190 4921 10 332
[0.01989566946544601, 19, 3, 3, 220]:166 4945 9 333
[0.01989566946544601, 19, 3, 3, 220]:168 4944 9 332
[0.01989566946544601, 19, 3, 3, 220]:150 4962 8 333
[0.01989566946544601, 19, 3, 3, 220]:180 4931 11 331
[0.01989566946544601, 19, 3, 3, 220]:129 4983 9 332
[0.01989566946544601, 19, 3, 3, 220]:162 4949 11 330
[0.021694346454154422, 93, 3, 10, 1382]:705 4406 34 308
[0.021694346454154422, 93, 3, 10, 1382]:671 4440 40 302
[0.021694346454154422, 93, 3, 10, 1382]:624 4487 42 300
[0.021694346454154422, 93, 3, 10, 1382]:690 4421 40 301
[0.021694346454154422, 93, 3, 10, 1382]:655 4457 36 305
[0.021694346454154422, 93, 3, 10, 1382]:744 4368 58 283
[0.021694346454154422, 93, 3, 10, 1382]:626 4486 57 284
[0.021694346454154422, 93, 3, 10, 1382]:643 4469 31 310
[0.021694346454154422, 93, 3, 10, 1382]:640 4471 40 302
[0.021694346454154422, 93, 3, 10, 1382]:639 4472 24 318
[0.9869468569666999, 77, 1, 4, 1877]:4995 116 332 10
[0.9869468569666999, 77, 1, 4, 1877]:4986 125 330 12
[0.9869468569666999, 77, 1, 4, 1877]:5016 95 330 12
[0.9869468569666999, 77, 1, 4, 1877]:5003 108 329 13
[0.9869468569666999, 77, 1, 4, 1877]:5043 69 332 9
[0.9869468569666999, 77, 1, 4, 1877]:5011 101 331 10
[0.9869468569666999, 77, 1, 4, 1877]:5008 104 330 11
[0.9869468569666999, 77, 1, 4, 1877]:4994 117 335 7
[0.9869468569666999, 77, 1, 4, 1877]:5001 111 331 10
[0.9869468569666999, 77, 1, 4, 1877]:5014 97 332 9
[0.06924368510852144, 86, 4, 6, 200]:4492 619 263 79
[0.06924368510852144, 86, 4, 6, 200]:4520 591 271 71
[0.06852987349716169, 100, 4, 10, 200]:4503 609 273 68
[0.06924368510852144, 86, 4, 6, 200]:4540 571 261 81
[0.06924368510852144, 86, 4, 6, 200]:4532 580 265 76
[0.06924368510852144, 86, 4, 6, 200]:4465 646 270 72
[0.06852987349716169, 100, 4, 10, 200]:4435 676 269 72
[0.06924368510852144, 86, 4, 6, 200]:4548 564 253 88
[0.06924368510852144, 86, 4, 6, 200]:4454 657 268 73
[0.06852987349716169, 100, 4, 10, 200]:4473 638 269 73
[0.06852987349716169, 100, 4, 10, 200]:4495 616 265 77
[0.06852987349716169, 100, 4, 10, 200]:4489 623 252 89
[0.06852987349716169, 100, 4, 10, 200]:4521 590 259 83
[0.06924368510852144, 86, 4, 6, 200]:4485 627 272 69
[0.06924368510852144, 86, 4, 6, 200]:4480 631 254 88
[0.06852987349716169, 100, 4, 10, 200]:4490 621 271 71
[0.06852987349716169, 100, 4, 10, 200]:4546 566 253 88
[0.06852987349716169, 100, 4, 10, 200]:4444 667 250 92
[0.06852987349716169, 100, 4, 10, 200]:4442 670 271 70
[0.06924368510852144, 86, 4, 6, 200]:4495 617 272 69
[0.25583608188628065, 37, 5, 3, 988]:5112 0 341 0
[0.25583608188628065, 37, 5, 3, 988]:5112 0 341 0
[0.25583608188628065, 37, 5, 3, 988]:5112 0 341 0
[0.25583608188628065, 37, 5, 3, 988]:5111 0 342 0
[0.25583608188628065, 37, 5, 3, 988]:5112 0 341 0
[0.25583608188628065, 37, 5, 3, 988]:5111 0 341 0
[0.25583608188628065, 37, 5, 3, 988]:5111 0 342 0
[0.25583608188628065, 37, 5, 3, 988]:5111 0 342 0
[0.25583608188628065, 37, 5, 3, 988]:5111 0 342 0
[0.25583608188628065, 37, 5, 3, 988]:5111 0 342 0
[0.06964012851601906, 5, 5, 2, 200]:4813 299 278 63
[0.06964012851601906, 5, 5, 2, 200]:4695 417 294 47
[0.06964012851601906, 5, 5, 2, 200]:4467 644 265 77
[0.06964012851601906, 5, 5, 2, 200]:4774 337 293 49
[0.06964012851601906, 5, 5, 2, 200]:4777 334 281 61
[0.06964012851601906, 5, 5, 2, 200]:4454 657 266 75
[0.06964012851601906, 5, 5, 2, 200]:4801 310 282 60
[0.06964012851601906, 5, 5, 2, 200]:4762 349 291 51
[0.06964012851601906, 5, 5, 2, 200]:4672 440 285 56
[0.06964012851601906, 5, 5, 2, 200]:4717 395 277 64
[0.8700671132062097, 14, 5, 2, 288]:5111 0 341 0
[0.8700671132062097, 14, 5, 2, 288]:5111 0 342 0
[0.8700671132062097, 14, 5, 2, 288]:5111 0 342 0
[0.8700671132062097, 14, 5, 2, 288]:5111 0 342 0
[0.8700671132062097, 14, 5, 2, 288]:5112 0 341 0
[0.8700671132062097, 14, 5, 2, 288]:5112 0 341 0
[0.8700671132062097, 14, 5, 2, 288]:5112 0 341 0
[0.8700671132062097, 14, 5, 2, 288]:5112 0 341 0
[0.8700671132062097, 14, 5, 2, 288]:5111 0 342 0
[0.8700671132062097, 14, 5, 2, 288]:5111 0 342 0
[0.9866566884011697, 33, 5, 6, 1402]:5112 0 341 0
[0.9866566884011697, 33, 5, 6, 1402]:5111 0 342 0
[0.9866566884011697, 33, 5, 6, 1402]:5111 0 341 0
[0.9866566884011697, 33, 5, 6, 1402]:5112 0 341 0
[0.9866566884011697, 33, 5, 6, 1402]:5111 0 342 0
[0.9866566884011697, 33, 5, 6, 1402]:5112 0 341 0
[0.9866566884011697, 33, 5, 6, 1402]:5112 0 341 0
[0.9866566884011697, 33, 5, 6, 1402]:5111 0 342 0
[0.9866566884011697, 33, 5, 6, 1402]:5111 0 342 0
[0.9866566884011697, 33, 5, 6, 1402]:5111 0 342 0
[0.07994678658793265, 7, 3, 10, 263]:4815 296 297 45
[0.07994678658793265, 7, 3, 10, 263]:4836 275 289 52
[0.07994678658793265, 7, 3, 10, 263]:4804 308 295 46
[0.07994678658793265, 7, 3, 10, 263]:4827 285 301 40
[0.07994678658793265, 7, 3, 10, 263]:4827 285 280 61
[0.07994678658793265, 7, 3, 10, 263]:4822 289 293 49
[0.07994678658793265, 7, 3, 10, 263]:4829 282 298 44
[0.07994678658793265, 7, 3, 10, 263]:4828 284 284 57
[0.07994678658793265, 7, 3, 10, 263]:4794 317 282 60
[0.07994678658793265, 7, 3, 10, 263]:4851 260 288 54
[0.06502477847634014, 22, 3, 3, 271]:4433 678 271 70
[0.06502477847634014, 22, 3, 3, 271]:4473 638 251 91
[0.06502477847634014, 22, 3, 3, 271]:4486 625 256 86
[0.06502477847634014, 22, 3, 3, 271]:4495 616 262 80
[0.06502477847634014, 22, 3, 3, 271]:4525 587 251 90
[0.06502477847634014, 22, 3, 3, 271]:4475 636 271 71
[0.06502477847634014, 22, 3, 3, 271]:4492 620 273 68
[0.06502477847634014, 22, 3, 3, 271]:4457 655 254 87
[0.06502477847634014, 22, 3, 3, 271]:4499 612 268 74
[0.06502477847634014, 22, 3, 3, 271]:4454 658 270 71
[0.06751656609119185, 5, 3, 2, 2000]:4495 616 248 94
[0.06751656609119185, 5, 3, 2, 2000]:4516 595 256 86
[0.06751656609119185, 5, 3, 2, 2000]:4482 630 267 74
[0.06751656609119185, 5, 3, 2, 2000]:4421 691 268 73
[0.06751656609119185, 5, 3, 2, 2000]:4404 707 263 78
[0.06751656609119185, 5, 3, 2, 2000]:4493 619 254 87
[0.06751656609119185, 5, 3, 2, 2000]:4456 655 262 80
[0.06751656609119185, 5, 3, 2, 2000]:4435 676 263 79
[0.06751656609119185, 5, 3, 2, 2000]:4720 391 282 60
[0.06751656609119185, 5, 3, 2, 2000]:4550 562 248 93
[0.0682843808153006, 5, 3, 2, 2000]:4441 670 264 77
[0.06164371586818501, 5, 3, 9, 2000]:4255 856 251 91
[0.0682843808153006, 5, 3, 2, 2000]:4468 644 269 72
[0.06164371586818501, 5, 3, 9, 2000]:3650 1461 204 138
[0.06164371586818501, 5, 3, 9, 2000]:3661 1451 200 141
[0.0682843808153006, 5, 3, 2, 2000]:4486 625 266 76
[0.0682843808153006, 5, 3, 2, 2000]:4709 402 269 73
[0.06164371586818501, 5, 3, 9, 2000]:4288 823 245 97
[0.06164371586818501, 5, 3, 9, 2000]:4287 825 256 85
[0.0682843808153006, 5, 3, 2, 2000]:4557 555 280 61
[0.0682843808153006, 5, 3, 2, 2000]:4442 669 263 79
[0.06164371586818501, 5, 3, 9, 2000]:4249 862 253 88
[0.0682843808153006, 5, 3, 2, 2000]:4560 551 264 78
[0.0682843808153006, 5, 3, 2, 2000]:4745 366 286 56
[0.0682843808153006, 5, 3, 2, 2000]:4500 612 254 87
[0.06164371586818501, 5, 3, 9, 2000]:3670 1441 205 137
[0.06164371586818501, 5, 3, 9, 2000]:4233 878 250 92
[0.0682843808153006, 5, 3, 2, 2000]:4705 407 266 75
[0.06164371586818501, 5, 3, 9, 2000]:4119 993 256 85
[0.06164371586818501, 5, 3, 9, 2000]:4281 831 243 98
[0.054698558807906264, 47, 3, 4, 1873]:2864 2247 168 174
[0.054698558807906264, 47, 3, 4, 1873]:3139 1972 178 164
[0.054698558807906264, 47, 3, 4, 1873]:3259 1853 209 132
[0.054698558807906264, 47, 3, 4, 1873]:2974 2137 180 162
[0.054698558807906264, 47, 3, 4, 1873]:3209 1902 189 153
[0.054698558807906264, 47, 3, 4, 1873]:3243 1868 173 169
[0.054698558807906264, 47, 3, 4, 1873]:3138 1974 172 169
[0.054698558807906264, 47, 3, 4, 1873]:2726 2386 158 183
[0.054698558807906264, 47, 3, 4, 1873]:3063 2049 171 170
[0.054698558807906264, 47, 3, 4, 1873]:3116 1995 182 159
