[0.7184308858165183, 54, 3, 7, 816]:5109 0 344 0
[0.7184308858165183, 54, 3, 7, 816]:5110 0 343 0
[0.7184308858165183, 54, 3, 7, 816]:5109 0 344 0
[0.7184308858165183, 54, 3, 7, 816]:5110 0 343 0
[0.7184308858165183, 54, 3, 7, 816]:5110 0 343 0
[0.7184308858165183, 54, 3, 7, 816]:5109 0 344 0
[0.7184308858165183, 54, 3, 7, 816]:5109 0 343 0
[0.7184308858165183, 54, 3, 7, 816]:5110 0 343 0
[0.7184308858165183, 54, 3, 7, 816]:5110 0 343 0
[0.7184308858165183, 54, 3, 7, 816]:5109 0 344 0
[0.04384835210746004, 17, 3, 6, 1890]:526 4584 39 304
[0.04384835210746004, 17, 3, 6, 1890]:465 4644 25 319
[0.04384835210746004, 17, 3, 6, 1890]:444 4666 28 315
[0.04384835210746004, 17, 3, 6, 1890]:502 4607 24 320
[0.04384835210746004, 17, 3, 6, 1890]:509 4600 27 316
[0.04384835210746004, 17, 3, 6, 1890]:452 4657 23 321
[0.04384835210746004, 17, 3, 6, 1890]:540 4570 32 311
[0.04384835210746004, 17, 3, 6, 1890]:478 4631 26 318
[0.04384835210746004, 17, 3, 6, 1890]:504 4606 25 318
[0.04384835210746004, 17, 3, 6, 1890]:480 4630 31 312
[0.024717982523634004, 37, 3, 7, 1723]:628 4482 29 314
[0.024717982523634004, 37, 3, 7, 1723]:625 4484 40 304
[0.024717982523634004, 37, 3, 7, 1723]:637 4472 35 308
[0.024717982523634004, 37, 3, 7, 1723]:620 4490 39 304
[0.024717982523634004, 37, 3, 7, 1723]:635 4474 30 314
[0.024717982523634004, 37, 3, 7, 1723]:665 4444 34 310
[0.024717982523634004, 37, 3, 7, 1723]:655 4455 49 294
[0.024717982523634004, 37, 3, 7, 1723]:644 4465 32 312
[0.024717982523634004, 37, 3, 7, 1723]:680 4430 50 293
[0.024717982523634004, 37, 3, 7, 1723]:690 4420 44 299
[0.08073988125827743, 42, 4, 4, 453]:4641 469 274 69
[0.08073988125827743, 42, 4, 4, 453]:4715 394 281 63
[0.08073988125827743, 42, 4, 4, 453]:4735 375 286 57
[0.08073988125827743, 42, 4, 4, 453]:4654 456 274 69
[0.08073988125827743, 42, 4, 4, 453]:4736 373 297 47
[0.08073988125827743, 42, 4, 4, 453]:4746 363 294 50
[0.08073988125827743, 42, 4, 4, 453]:4692 418 292 51
[0.08073988125827743, 42, 4, 4, 453]:4675 434 287 57
[0.08073988125827743, 42, 4, 4, 453]:4697 412 279 64
[0.08073988125827743, 42, 4, 4, 453]:4755 355 283 60
[0.014264159554764747, 92, 4, 10, 1503]:418 4692 17 326
[0.014264159554764747, 92, 4, 10, 1503]:442 4668 32 311
[0.014264159554764747, 92, 4, 10, 1503]:385 4724 17 327
[0.014264159554764747, 92, 4, 10, 1503]:417 4692 27 317
[0.014264159554764747, 92, 4, 10, 1503]:446 4664 27 316
[0.014264159554764747, 92, 4, 10, 1503]:498 4612 42 301
[0.014264159554764747, 92, 4, 10, 1503]:432 4677 19 325
[0.014264159554764747, 92, 4, 10, 1503]:425 4685 30 313
[0.014264159554764747, 92, 4, 10, 1503]:473 4636 21 322
[0.014264159554764747, 92, 4, 10, 1503]:461 4648 13 331
[0.10733343514030985, 62, 3, 5, 1636]:4837 273 302 41
[0.10733343514030985, 62, 3, 5, 1636]:4831 278 310 34
[0.10733343514030985, 62, 3, 5, 1636]:4841 269 297 46
[0.10733343514030985, 62, 3, 5, 1636]:4838 271 294 50
[0.10733343514030985, 62, 3, 5, 1636]:4865 245 295 48
[0.10733343514030985, 62, 3, 5, 1636]:4851 258 299 45
[0.10733343514030985, 62, 3, 5, 1636]:4828 281 299 45
[0.10733343514030985, 62, 3, 5, 1636]:4850 260 295 48
[0.10733343514030985, 62, 3, 5, 1636]:4822 288 300 43
[0.10733343514030985, 62, 3, 5, 1636]:4828 281 298 45
[0.3611761182482831, 28, 3, 4, 836]:5109 0 344 0
[0.3611761182482831, 28, 3, 4, 836]:5110 0 343 0
[0.3611761182482831, 28, 3, 4, 836]:5108 1 344 0
[0.3611761182482831, 28, 3, 4, 836]:5110 0 343 0
[0.3611761182482831, 28, 3, 4, 836]:5109 0 344 0
[0.3611761182482831, 28, 3, 4, 836]:5109 0 343 0
[0.3611761182482831, 28, 3, 4, 836]:5110 0 343 0
[0.3611761182482831, 28, 3, 4, 836]:5109 0 344 0
[0.3611761182482831, 28, 3, 4, 836]:5110 0 343 0
[0.3611761182482831, 28, 3, 4, 836]:5110 0 343 0
[0.3127598851145051, 33, 4, 10, 1546]:5109 0 344 0
[0.3127598851145051, 33, 4, 10, 1546]:5110 0 343 0
[0.3127598851145051, 33, 4, 10, 1546]:5110 0 343 0
[0.3127598851145051, 33, 4, 10, 1546]:5109 0 344 0
[0.3127598851145051, 33, 4, 10, 1546]:5109 0 344 0
[0.3127598851145051, 33, 4, 10, 1546]:5110 0 343 0
[0.3127598851145051, 33, 4, 10, 1546]:5110 0 343 0
[0.3127598851145051, 33, 4, 10, 1546]:5109 0 343 0
[0.3127598851145051, 33, 4, 10, 1546]:5109 0 344 0
[0.3127598851145051, 33, 4, 10, 1546]:5110 0 343 0
[0.1365346268073846, 58, 3, 5, 1809]:4987 123 312 31
[0.1365346268073846, 58, 3, 5, 1809]:5002 108 320 23
[0.1365346268073846, 58, 3, 5, 1809]:5017 92 329 15
[0.1365346268073846, 58, 3, 5, 1809]:4990 119 326 17
[0.1365346268073846, 58, 3, 5, 1809]:4976 133 317 27
[0.1365346268073846, 58, 3, 5, 1809]:4983 127 316 27
[0.1365346268073846, 58, 3, 5, 1809]:4972 137 321 23
[0.1365346268073846, 58, 3, 5, 1809]:4960 149 321 23
[0.1365346268073846, 58, 3, 5, 1809]:4985 125 323 20
[0.1365346268073846, 58, 3, 5, 1809]:4968 142 318 25
[0.28329275070315285, 100, 2, 5, 484]:5105 5 343 0
[0.28329275070315285, 100, 2, 5, 484]:5105 4 344 0
[0.28329275070315285, 100, 2, 5, 484]:5104 6 342 1
[0.28329275070315285, 100, 2, 5, 484]:5106 3 343 1
[0.28329275070315285, 100, 2, 5, 484]:5104 5 343 0
[0.28329275070315285, 100, 2, 5, 484]:5106 3 343 1
[0.28329275070315285, 100, 2, 5, 484]:5108 2 343 0
[0.28329275070315285, 100, 2, 5, 484]:5106 4 343 0
[0.28329275070315285, 100, 2, 5, 484]:5105 5 343 0
[0.28329275070315285, 100, 2, 5, 484]:5107 2 344 0
[0.6850128385062568, 82, 2, 5, 827]:5109 0 344 0
[0.6850128385062568, 82, 2, 5, 827]:5110 0 343 0
[0.6850128385062568, 82, 2, 5, 827]:5110 0 343 0
[0.6850128385062568, 82, 2, 5, 827]:5109 0 344 0
[0.07247651709908627, 62, 3, 5, 1084]:4620 489 278 66
[0.6850128385062568, 82, 2, 5, 827]:5109 0 344 0
[0.6850128385062568, 82, 2, 5, 827]:5110 0 343 0
[0.07247651709908627, 62, 3, 5, 1084]:4540 569 268 75
[0.6850128385062568, 82, 2, 5, 827]:5109 0 343 0
[0.07247651709908627, 62, 3, 5, 1084]:4571 539 269 74
[0.07247651709908627, 62, 3, 5, 1084]:4569 541 265 78
[0.07247651709908627, 62, 3, 5, 1084]:4657 452 286 58
[0.6850128385062568, 82, 2, 5, 827]:5110 0 343 0
[0.07247651709908627, 62, 3, 5, 1084]:4575 534 282 62
[0.07247651709908627, 62, 3, 5, 1084]:4529 581 276 67
[0.6850128385062568, 82, 2, 5, 827]:5110 0 343 0
[0.6850128385062568, 82, 2, 5, 827]:5109 0 344 0
[0.07247651709908627, 62, 3, 5, 1084]:4654 456 279 64
[0.07247651709908627, 62, 3, 5, 1084]:4645 464 289 55
[0.07247651709908627, 62, 3, 5, 1084]:4671 439 280 63
[0.01, 5, 1, 2, 200]:10 5099 1 343
[0.01, 5, 1, 2, 200]:9 5100 0 344
[0.01, 5, 1, 2, 200]:10 5099 0 343
[0.01, 5, 1, 2, 200]:6 5104 1 342
[0.01, 5, 1, 2, 200]:7 5102 0 344
[0.01, 5, 1, 2, 200]:5 5105 1 342
[0.01, 5, 1, 2, 200]:14 5095 0 344
[0.01, 5, 1, 2, 200]:8 5102 0 343
[0.01, 5, 1, 2, 200]:10 5100 1 342
[0.01, 5, 1, 2, 200]:11 5099 2 341
[0.05862749028975362, 32, 5, 9, 400]:2982 2127 179 165
[0.05862749028975362, 32, 5, 9, 400]:3449 1661 196 147
[0.05862749028975362, 32, 5, 9, 400]:3086 2024 166 177
[0.05862749028975362, 32, 5, 9, 400]:3503 1606 196 148
[0.05862749028975362, 32, 5, 9, 400]:3258 1851 173 171
[0.05862749028975362, 32, 5, 9, 400]:3344 1766 204 139
[0.05862749028975362, 32, 5, 9, 400]:3262 1848 194 149
[0.05862749028975362, 32, 5, 9, 400]:3329 1780 180 163
[0.05862749028975362, 32, 5, 9, 400]:3427 1683 197 146
[0.05862749028975362, 32, 5, 9, 400]:3574 1535 207 137
[0.011130607707874645, 79, 5, 9, 1594]:280 4830 13 330
[0.011130607707874645, 79, 5, 9, 1594]:252 4857 13 331
[0.011130607707874645, 79, 5, 9, 1594]:279 4830 12 332
[0.011130607707874645, 79, 5, 9, 1594]:311 4799 22 321
[0.011130607707874645, 79, 5, 9, 1594]:357 4753 31 312
[0.011130607707874645, 79, 5, 9, 1594]:299 4810 15 328
[0.011130607707874645, 79, 5, 9, 1594]:265 4844 10 334
[0.011130607707874645, 79, 5, 9, 1594]:281 4828 8 336
[0.011130607707874645, 79, 5, 9, 1594]:278 4832 19 324
[0.011130607707874645, 79, 5, 9, 1594]:287 4823 14 329
[0.03366509927921488, 64, 2, 2, 537]:2921 2188 188 156
[0.03366509927921488, 64, 2, 2, 537]:3255 1855 203 140
[0.03366509927921488, 64, 2, 2, 537]:2787 2323 147 196
[0.03366509927921488, 64, 2, 2, 537]:2881 2228 164 180
[0.03366509927921488, 64, 2, 2, 537]:2978 2132 170 173
[0.03366509927921488, 64, 2, 2, 537]:2885 2225 183 160
[0.03366509927921488, 64, 2, 2, 537]:2983 2127 181 162
[0.03366509927921488, 64, 2, 2, 537]:3005 2104 185 158
[0.03366509927921488, 64, 2, 2, 537]:3244 1865 188 156
[0.03366509927921488, 64, 2, 2, 537]:3141 1968 186 158
[0.019290443948398624, 20, 2, 2, 1954]:285 4825 21 322
[0.019290443948398624, 20, 2, 2, 1954]:229 4880 18 325
[0.019290443948398624, 20, 2, 2, 1954]:208 4901 13 331
[0.019290443948398624, 20, 2, 2, 1954]:227 4883 7 336
[0.019290443948398624, 20, 2, 2, 1954]:244 4866 19 324
[0.019290443948398624, 20, 2, 2, 1954]:232 4877 13 331
[0.019290443948398624, 20, 2, 2, 1954]:240 4870 19 324
[0.019290443948398624, 20, 2, 2, 1954]:246 4863 7 337
[0.019290443948398624, 20, 2, 2, 1954]:263 4846 18 326
[0.019290443948398624, 20, 2, 2, 1954]:217 4893 17 326
[0.09228784114142652, 93, 1, 10, 1869]:4655 454 304 40
[0.09228784114142652, 93, 1, 10, 1869]:4627 483 312 31
[0.09228784114142652, 93, 1, 10, 1869]:4659 451 305 38
[0.09228784114142652, 93, 1, 10, 1869]:4599 510 306 37
[0.09228784114142652, 93, 1, 10, 1869]:4641 468 307 37
[0.09228784114142652, 93, 1, 10, 1869]:4595 514 303 41
[0.09228784114142652, 93, 1, 10, 1869]:4628 482 313 30
[0.09228784114142652, 93, 1, 10, 1869]:4649 461 301 42
[0.09228784114142652, 93, 1, 10, 1869]:4631 479 300 43
[0.09228784114142652, 93, 1, 10, 1869]:4660 449 297 47
[0.0752780153344412, 74, 5, 2, 245]:4549 561 264 79
[0.0752780153344412, 74, 5, 2, 245]:4534 575 264 79
[0.0752780153344412, 74, 5, 2, 245]:4563 547 262 81
[0.0752780153344412, 74, 5, 2, 245]:4612 497 282 62
[0.0752780153344412, 74, 5, 2, 245]:4523 587 274 69
[0.0752780153344412, 74, 5, 2, 245]:4551 558 271 73
[0.0752780153344412, 74, 5, 2, 245]:4615 494 276 68
[0.0752780153344412, 74, 5, 2, 245]:4534 576 264 79
[0.0752780153344412, 74, 5, 2, 245]:4536 574 267 76
[0.0752780153344412, 74, 5, 2, 245]:4577 532 273 71
[0.07435510500744459, 5, 4, 2, 2000]:4823 287 287 56
[0.07435510500744459, 5, 4, 2, 2000]:4806 304 296 47
[0.07435510500744459, 5, 4, 2, 2000]:4837 273 286 57
[0.07435510500744459, 5, 4, 2, 2000]:4825 284 290 54
[0.07435510500744459, 5, 4, 2, 2000]:4839 270 291 53
[0.07435510500744459, 5, 4, 2, 2000]:4802 307 306 38
[0.07435510500744459, 5, 4, 2, 2000]:4823 287 289 54
[0.07435510500744459, 5, 4, 2, 2000]:4803 306 294 50
[0.07435510500744459, 5, 4, 2, 2000]:4815 295 299 44
[0.07435510500744459, 5, 4, 2, 2000]:4803 306 289 54
[0.026665657642048066, 99, 5, 2, 1068]:457 4652 20 324
[0.026665657642048066, 99, 5, 2, 1068]:471 4639 32 311
[0.026665657642048066, 99, 5, 2, 1068]:478 4631 28 316
[0.026665657642048066, 99, 5, 2, 1068]:489 4621 21 322
[0.026665657642048066, 99, 5, 2, 1068]:496 4613 22 322
[0.026665657642048066, 99, 5, 2, 1068]:559 4551 45 298
[0.026665657642048066, 99, 5, 2, 1068]:510 4599 23 320
[0.026665657642048066, 99, 5, 2, 1068]:522 4587 18 326
[0.026665657642048066, 99, 5, 2, 1068]:487 4623 33 310
[0.026665657642048066, 99, 5, 2, 1068]:521 4589 28 315
[0.06944424423470019, 100, 5, 2, 200]:4499 611 260 83
[0.06944424423470019, 100, 5, 2, 200]:4515 595 257 86
[0.06944424423470019, 100, 5, 2, 200]:4488 622 265 78
[0.06944424423470019, 100, 5, 2, 200]:4477 632 261 82
[0.06944424423470019, 100, 5, 2, 200]:4498 612 263 80
[0.06944424423470019, 100, 5, 2, 200]:4507 602 266 78
[0.06944424423470019, 100, 5, 2, 200]:4469 641 273 70
[0.06944424423470019, 100, 5, 2, 200]:4478 631 270 74
[0.06944424423470019, 100, 5, 2, 200]:4504 605 274 70
[0.06944424423470019, 100, 5, 2, 200]:4493 616 267 77
[0.07662368144848827, 100, 1, 2, 200]:4625 485 307 36
[0.07662368144848827, 100, 1, 2, 200]:4585 524 302 42
[0.07662368144848827, 100, 1, 2, 200]:4600 510 313 30
[0.07662368144848827, 100, 1, 2, 200]:4556 553 303 40
[0.07662368144848827, 100, 1, 2, 200]:4615 495 306 37
[0.07662368144848827, 100, 1, 2, 200]:4565 545 305 38
[0.07662368144848827, 100, 1, 2, 200]:4628 481 294 50
[0.07662368144848827, 100, 1, 2, 200]:4624 485 308 36
[0.07662368144848827, 100, 1, 2, 200]:4622 487 304 40
[0.07662368144848827, 100, 1, 2, 200]:4619 491 305 38
[0.08499271279302481, 100, 5, 2, 2000]:4760 349 301 43
[0.08499271279302481, 100, 5, 2, 2000]:4789 321 285 58
[0.08499271279302481, 100, 5, 2, 2000]:4785 325 291 52
[0.08499271279302481, 100, 5, 2, 2000]:4769 341 285 58
[0.08499271279302481, 100, 5, 2, 2000]:4758 351 293 51
[0.08499271279302481, 100, 5, 2, 2000]:4780 329 285 59
[0.08499271279302481, 100, 5, 2, 2000]:4741 369 282 61
[0.08499271279302481, 100, 5, 2, 2000]:4733 377 296 47
[0.08499271279302481, 100, 5, 2, 2000]:4794 315 294 50
[0.08499271279302481, 100, 5, 2, 2000]:4780 329 289 54
[0.088093009023855, 5, 5, 10, 200]:4826 283 297 47
[0.08868191414536943, 5, 5, 10, 200]:4834 276 291 52
[0.08868191414536943, 5, 5, 10, 200]:4862 247 295 49
[0.088093009023855, 5, 5, 10, 200]:4913 196 306 38
[0.08868191414536943, 5, 5, 10, 200]:4813 297 297 46
[0.088093009023855, 5, 5, 10, 200]:4831 279 301 42
[0.08868191414536943, 5, 5, 10, 200]:4822 287 306 38
[0.088093009023855, 5, 5, 10, 200]:4852 258 289 54
[0.08868191414536943, 5, 5, 10, 200]:4845 265 291 52
[0.08868191414536943, 5, 5, 10, 200]:4863 247 292 51
[0.088093009023855, 5, 5, 10, 200]:4835 275 289 54
[0.088093009023855, 5, 5, 10, 200]:4830 279 293 50
[0.088093009023855, 5, 5, 10, 200]:4863 246 295 49
[0.088093009023855, 5, 5, 10, 200]:4819 291 297 46
[0.08868191414536943, 5, 5, 10, 200]:4830 279 294 49
[0.088093009023855, 5, 5, 10, 200]:4835 275 291 52
[0.08868191414536943, 5, 5, 10, 200]:4830 279 298 46
[0.088093009023855, 5, 5, 10, 200]:4818 291 305 39
[0.08868191414536943, 5, 5, 10, 200]:4839 270 293 51
[0.08868191414536943, 5, 5, 10, 200]:4834 276 301 42
[0.09941740954441051, 38, 5, 6, 399]:4820 290 298 45
[0.09941740954441051, 38, 5, 6, 399]:4817 293 287 56
[0.09941740954441051, 38, 5, 6, 399]:4833 276 292 52
[0.09941740954441051, 38, 5, 6, 399]:4838 271 295 49
[0.09941740954441051, 38, 5, 6, 399]:4797 312 296 48
[0.09941740954441051, 38, 5, 6, 399]:4795 314 301 43
[0.09941740954441051, 38, 5, 6, 399]:4841 269 292 51
[0.09941740954441051, 38, 5, 6, 399]:4808 302 290 53
[0.09941740954441051, 38, 5, 6, 399]:4823 286 297 46
[0.09941740954441051, 38, 5, 6, 399]:4800 310 299 44
[0.01, 5, 3, 2, 200]:7 5103 0 343
[0.01, 5, 3, 2, 200]:5 5105 0 343
[0.01, 5, 3, 2, 200]:6 5104 1 342
[0.01, 5, 3, 2, 200]:7 5102 0 344
[0.01, 5, 3, 2, 200]:11 5099 2 341
[0.01, 5, 3, 2, 200]:5 5105 1 342
[0.01, 5, 3, 2, 200]:12 5097 1 343
[0.01, 5, 3, 2, 200]:9 5100 0 344
[0.01, 5, 3, 2, 200]:8 5101 0 343
[0.01, 5, 3, 2, 200]:7 5102 0 344
[0.01, 100, 4, 2, 200]:381 4729 21 322
[0.01, 100, 4, 2, 200]:338 4771 20 324
[0.01, 100, 4, 2, 200]:359 4751 14 329
[0.01, 100, 4, 2, 200]:346 4763 18 326
[0.01, 100, 4, 2, 200]:415 4695 35 308
[0.01, 100, 4, 2, 200]:344 4765 13 331
[0.01, 100, 4, 2, 200]:384 4726 24 319
[0.01, 100, 4, 2, 200]:433 4676 21 322
[0.01, 100, 4, 2, 200]:413 4696 12 332
[0.01, 100, 4, 2, 200]:383 4727 26 317
[0.0838456579633649, 98, 3, 2, 2000]:4760 349 294 50
[0.0838456579633649, 98, 3, 2, 2000]:4738 372 296 47
[0.0838456579633649, 98, 3, 2, 2000]:4804 306 285 58
[0.0838456579633649, 98, 3, 2, 2000]:4767 342 292 51
[0.0838456579633649, 98, 3, 2, 2000]:4767 342 300 44
[0.0838456579633649, 98, 3, 2, 2000]:4779 331 292 51
[0.0838456579633649, 98, 3, 2, 2000]:4774 336 285 58
[0.0838456579633649, 98, 3, 2, 2000]:4786 323 296 48
[0.0838456579633649, 98, 3, 2, 2000]:4766 344 283 60
[0.0838456579633649, 98, 3, 2, 2000]:4793 316 291 53
[0.029226192699980277, 5, 1, 10, 200]:22 5088 1 342
[0.029226192699980277, 5, 1, 10, 200]:21 5088 1 343
[0.029226192699980277, 5, 1, 10, 200]:18 5091 1 342
[0.029226192699980277, 5, 1, 10, 200]:21 5089 1 342
[0.029226192699980277, 5, 1, 10, 200]:20 5090 3 340
[0.029226192699980277, 5, 1, 10, 200]:19 5090 0 344
[0.029226192699980277, 5, 1, 10, 200]:24 5085 2 342
[0.029226192699980277, 5, 1, 10, 200]:22 5088 0 343
[0.029226192699980277, 5, 1, 10, 200]:30 5079 1 343
[0.029226192699980277, 5, 1, 10, 200]:28 5082 1 342
[0.01872353010900113, 22, 5, 10, 330]:199 4911 19 324
[0.01872353010900113, 22, 5, 10, 330]:141 4968 6 338
[0.01872353010900113, 22, 5, 10, 330]:168 4941 7 337
[0.01872353010900113, 22, 5, 10, 330]:143 4967 3 340
[0.01872353010900113, 22, 5, 10, 330]:149 4961 14 329
[0.01872353010900113, 22, 5, 10, 330]:143 4966 4 340
[0.01872353010900113, 22, 5, 10, 330]:160 4950 10 333
[0.01872353010900113, 22, 5, 10, 330]:141 4968 6 338
[0.01872353010900113, 22, 5, 10, 330]:168 4941 9 334
[0.01872353010900113, 22, 5, 10, 330]:158 4952 11 332
[0.025890429728367827, 99, 1, 8, 1975]:4192 917 284 60
[0.025890429728367827, 99, 1, 8, 1975]:4183 927 286 57
[0.025890429728367827, 99, 1, 8, 1975]:4193 916 280 64
[0.025890429728367827, 99, 1, 8, 1975]:4180 929 283 60
[0.025890429728367827, 99, 1, 8, 1975]:4234 876 271 72
[0.025890429728367827, 99, 1, 8, 1975]:4180 929 272 72
[0.025890429728367827, 99, 1, 8, 1975]:4217 892 271 73
[0.025890429728367827, 99, 1, 8, 1975]:4205 905 282 61
[0.025890429728367827, 99, 1, 8, 1975]:4207 903 281 62
[0.025890429728367827, 99, 1, 8, 1975]:4152 958 272 71
[0.07538594337935015, 5, 5, 2, 1013]:4825 285 289 54
[0.07538594337935015, 5, 5, 2, 1013]:4826 283 290 54
[0.07538594337935015, 5, 5, 2, 1013]:4807 302 289 54
[0.07538594337935015, 5, 5, 2, 1013]:4837 273 286 57
[0.07538594337935015, 5, 5, 2, 1013]:4841 268 291 53
[0.07538594337935015, 5, 5, 2, 1013]:4824 286 287 56
[0.07538594337935015, 5, 5, 2, 1013]:4803 306 306 38
[0.07538594337935015, 5, 5, 2, 1013]:4818 292 299 44
[0.07538594337935015, 5, 5, 2, 1013]:4804 305 295 49
[0.07538594337935015, 5, 5, 2, 1013]:4803 307 296 47
[0.08458352629894235, 5, 4, 10, 1623]:4847 263 289 54
[0.08458352629894235, 5, 4, 10, 1623]:4814 296 297 46
[0.08458352629894235, 5, 4, 10, 1623]:4832 278 301 42
[0.08458352629894235, 5, 4, 10, 1623]:4835 275 289 54
[0.08458352629894235, 5, 4, 10, 1623]:4834 275 292 52
[0.08458352629894235, 5, 4, 10, 1623]:4818 291 297 47
[0.08458352629894235, 5, 4, 10, 1623]:4855 254 294 50
[0.08458352629894235, 5, 4, 10, 1623]:4832 278 291 52
[0.08458352629894235, 5, 4, 10, 1623]:4821 288 306 38
[0.08458352629894235, 5, 4, 10, 1623]:4826 283 290 53
[0.08293723604650728, 88, 4, 2, 1274]:4773 336 284 60
[0.08293723604650728, 88, 4, 2, 1274]:4766 344 285 58
[0.08293723604650728, 88, 4, 2, 1274]:4757 352 300 44
[0.08293723604650728, 88, 4, 2, 1274]:4769 341 279 64
[0.08293723604650728, 88, 4, 2, 1274]:4779 331 290 53
[0.08293723604650728, 88, 4, 2, 1274]:4745 364 284 59
[0.08293723604650728, 88, 4, 2, 1274]:4766 343 293 51
[0.08293723604650728, 88, 4, 2, 1274]:4717 393 279 64
[0.08293723604650728, 88, 4, 2, 1274]:4717 393 294 49
[0.08293723604650728, 88, 4, 2, 1274]:4769 340 295 49
[0.014661313558122087, 5, 1, 10, 200]:13 5096 0 344
[0.014661313558122087, 5, 1, 10, 200]:9 5100 0 344
[0.014661313558122087, 5, 1, 10, 200]:11 5099 1 342
[0.014661313558122087, 5, 1, 10, 200]:13 5096 1 343
[0.014661313558122087, 5, 1, 10, 200]:10 5100 0 343
[0.014661313558122087, 5, 1, 10, 200]:17 5093 0 343
[0.014661313558122087, 5, 1, 10, 200]:8 5101 0 344
[0.014661313558122087, 5, 1, 10, 200]:13 5097 2 341
[0.014661313558122087, 5, 1, 10, 200]:10 5099 0 343
[0.014661313558122087, 5, 1, 10, 200]:9 5101 1 342
[0.06724456959093697, 100, 4, 9, 200]:4466 643 271 73
[0.06724456959093697, 100, 4, 9, 200]:4461 648 266 78
[0.06724456959093697, 100, 4, 9, 200]:4461 648 272 72
[0.06724456959093697, 100, 4, 9, 200]:4413 696 263 80
[0.06724456959093697, 100, 4, 9, 200]:4436 674 261 82
[0.06724456959093697, 100, 4, 9, 200]:4444 666 259 84
[0.06724456959093697, 100, 4, 9, 200]:4454 655 268 76
[0.06724456959093697, 100, 4, 9, 200]:4416 694 259 84
[0.06724456959093697, 100, 4, 9, 200]:4416 694 273 70
[0.06724456959093697, 100, 4, 9, 200]:4476 634 259 84
[0.013402561049916894, 100, 1, 7, 2000]:4105 1005 271 72
[0.013402561049916894, 100, 1, 7, 2000]:4062 1047 277 67
[0.013402561049916894, 100, 1, 7, 2000]:4057 1052 271 73
[0.013402561049916894, 100, 1, 7, 2000]:4044 1065 280 63
[0.013402561049916894, 100, 1, 7, 2000]:4082 1028 284 59
[0.013402561049916894, 100, 1, 7, 2000]:4099 1010 266 78
[0.013402561049916894, 100, 1, 7, 2000]:4081 1029 272 71
[0.013402561049916894, 100, 1, 7, 2000]:4096 1013 278 66
[0.013402561049916894, 100, 1, 7, 2000]:4065 1045 278 65
[0.013402561049916894, 100, 1, 7, 2000]:4035 1075 272 71
[0.03781435759337704, 5, 4, 2, 200]:45 5065 4 339
[0.03781435759337704, 5, 4, 2, 200]:43 5067 1 342
[0.03781435759337704, 5, 4, 2, 200]:41 5069 3 340
[0.03781435759337704, 5, 4, 2, 200]:33 5076 1 343
[0.03781435759337704, 5, 4, 2, 200]:28 5082 1 342
[0.03781435759337704, 5, 4, 2, 200]:38 5071 2 342
[0.03781435759337704, 5, 4, 2, 200]:32 5078 0 343
[0.03781435759337704, 5, 4, 2, 200]:29 5080 3 341
[0.03781435759337704, 5, 4, 2, 200]:34 5075 0 344
[0.03781435759337704, 5, 4, 2, 200]:42 5067 2 341
[0.05572127311212309, 27, 4, 2, 212]:2315 2794 145 199
[0.05572127311212309, 27, 4, 2, 212]:2362 2748 130 213
[0.05572127311212309, 27, 4, 2, 212]:2471 2639 141 202
[0.05572127311212309, 27, 4, 2, 212]:2085 3025 114 229
[0.05572127311212309, 27, 4, 2, 212]:2345 2764 131 213
[0.05572127311212309, 27, 4, 2, 212]:2440 2669 133 211
[0.05572127311212309, 27, 4, 2, 212]:2464 2645 136 208
[0.05572127311212309, 27, 4, 2, 212]:2466 2644 134 209
[0.05572127311212309, 27, 4, 2, 212]:2260 2850 129 214
[0.020405316195385027, 41, 3, 2, 200]:636 4473 29 315
[0.020405316195385027, 41, 3, 2, 200]:647 4462 33 311
[0.020405316195385027, 41, 3, 2, 200]:629 4480 40 304
[0.020405316195385027, 41, 3, 2, 200]:685 4425 50 293
[0.020405316195385027, 41, 3, 2, 200]:626 4484 38 305
[0.020405316195385027, 41, 3, 2, 200]:625 4485 30 313
[0.05572127311212309, 27, 4, 2, 212]:2039 3070 109 234
[0.020405316195385027, 41, 3, 2, 200]:616 4494 47 296
[0.020405316195385027, 41, 3, 2, 200]:649 4460 35 308
[0.020405316195385027, 41, 3, 2, 200]:685 4425 45 298
[0.020405316195385027, 41, 3, 2, 200]:652 4457 32 312
[0.07552738708015105, 100, 5, 10, 200]:4661 448 283 61
[0.07552738708015105, 100, 5, 10, 200]:4527 583 275 68
[0.07552738708015105, 100, 5, 10, 200]:4532 578 264 79
[0.07552738708015105, 100, 5, 10, 200]:4610 499 286 58
[0.07552738708015105, 100, 5, 10, 200]:4582 527 273 71
[0.07552738708015105, 100, 5, 10, 200]:4515 594 263 80
[0.07552738708015105, 100, 5, 10, 200]:4567 543 268 75
[0.07552738708015105, 100, 5, 10, 200]:4561 549 260 83
[0.07552738708015105, 100, 5, 10, 200]:4567 542 272 72
[0.07552738708015105, 100, 5, 10, 200]:4518 592 263 80
[0.07279018775337745, 100, 5, 10, 2000]:4552 557 271 73
[0.07279018775337745, 100, 5, 10, 2000]:4552 557 268 76
[0.07547232661186107, 100, 5, 10, 2000]:4590 519 274 70
[0.07279018775337745, 100, 5, 10, 2000]:4532 577 278 66
[0.07547232661186107, 100, 5, 10, 2000]:4531 579 263 80
[0.07547232661186107, 100, 5, 10, 2000]:4595 514 283 61
[0.07547232661186107, 100, 5, 10, 2000]:4508 601 263 80
[0.07279018775337745, 100, 5, 10, 2000]:4502 608 275 68
[0.07279018775337745, 100, 5, 10, 2000]:4550 560 257 86
[0.07547232661186107, 100, 5, 10, 2000]:4536 574 275 68
[0.07547232661186107, 100, 5, 10, 2000]:4652 457 280 64
[0.07547232661186107, 100, 5, 10, 2000]:4545 565 265 78
[0.07279018775337745, 100, 5, 10, 2000]:4515 595 263 80
[0.07547232661186107, 100, 5, 10, 2000]:4560 549 272 72
[0.07279018775337745, 100, 5, 10, 2000]:4510 600 261 82
[0.07279018775337745, 100, 5, 10, 2000]:4534 576 266 77
[0.07547232661186107, 100, 5, 10, 2000]:4620 490 269 74
[0.07279018775337745, 100, 5, 10, 2000]:4489 620 260 83
[0.07279018775337745, 100, 5, 10, 2000]:4517 592 269 75
[0.07547232661186107, 100, 5, 10, 2000]:4554 556 270 73
[0.04381558739204775, 5, 1, 4, 1496]:60 5049 2 342
[0.04381558739204775, 5, 1, 4, 1496]:48 5062 1 342
[0.04381558739204775, 5, 1, 4, 1496]:75 5035 6 337
[0.04381558739204775, 5, 1, 4, 1496]:53 5057 3 340
[0.04381558739204775, 5, 1, 4, 1496]:61 5049 7 336
[0.04381558739204775, 5, 1, 4, 1496]:47 5062 1 343
[0.04381558739204775, 5, 1, 4, 1496]:58 5052 1 342
[0.04381558739204775, 5, 1, 4, 1496]:46 5063 4 340
[0.04381558739204775, 5, 1, 4, 1496]:48 5061 1 343
[0.04381558739204775, 5, 1, 4, 1496]:54 5055 5 338
[0.03979845123826489, 5, 1, 6, 1594]:35 5075 0 343
[0.03979845123826489, 5, 1, 6, 1594]:54 5056 4 339
[0.03979845123826489, 5, 1, 6, 1594]:49 5061 1 342
[0.03979845123826489, 5, 1, 6, 1594]:46 5064 6 337
[0.03979845123826489, 5, 1, 6, 1594]:48 5061 2 342
[0.03979845123826489, 5, 1, 6, 1594]:38 5072 1 342
[0.03979845123826489, 5, 1, 6, 1594]:41 5068 0 344
[0.03979845123826489, 5, 1, 6, 1594]:36 5073 3 341
[0.03979845123826489, 5, 1, 6, 1594]:40 5069 1 343
[0.03979845123826489, 5, 1, 6, 1594]:43 5066 2 341
[0.04315862614201317, 100, 1, 10, 2000]:4330 779 286 58
[0.04315862614201317, 100, 1, 10, 2000]:4331 778 283 61
[0.04315862614201317, 100, 1, 10, 2000]:4306 803 287 56
[0.04315862614201317, 100, 1, 10, 2000]:4335 775 296 47
[0.04315862614201317, 100, 1, 10, 2000]:4374 736 282 61
[0.04315862614201317, 100, 1, 10, 2000]:4289 820 285 59
[0.04315862614201317, 100, 1, 10, 2000]:4336 774 282 61
[0.04315862614201317, 100, 1, 10, 2000]:4327 783 290 53
[0.04315862614201317, 100, 1, 10, 2000]:4300 810 285 58
[0.04315862614201317, 100, 1, 10, 2000]:4366 743 278 66
[0.08626819407855034, 5, 3, 2, 230]:4857 252 294 50
[0.08626819407855034, 5, 3, 2, 230]:4827 282 291 52
[0.08626819407855034, 5, 3, 2, 230]:4823 286 306 38
[0.08626819407855034, 5, 3, 2, 230]:4816 294 297 46
[0.08626819407855034, 5, 3, 2, 230]:4834 276 289 54
[0.08626819407855034, 5, 3, 2, 230]:4818 291 297 47
[0.08626819407855034, 5, 3, 2, 230]:4834 276 291 52
[0.08626819407855034, 5, 3, 2, 230]:4834 275 292 52
[0.08626819407855034, 5, 3, 2, 230]:4864 246 293 50
[0.08626819407855034, 5, 3, 2, 230]:4830 280 301 42
[0.07553033568591999, 5, 2, 8, 1123]:4819 291 299 44
[0.07553033568591999, 5, 2, 8, 1123]:4804 306 296 47
[0.07553033568591999, 5, 2, 8, 1123]:4838 272 287 56
[0.07553033568591999, 5, 2, 8, 1123]:4841 268 293 51
[0.07553033568591999, 5, 2, 8, 1123]:4824 286 287 56
[0.07553033568591999, 5, 2, 8, 1123]:4824 286 289 54
[0.07553033568591999, 5, 2, 8, 1123]:4805 304 306 38
[0.07553033568591999, 5, 2, 8, 1123]:4807 302 295 49
[0.07553033568591999, 5, 2, 8, 1123]:4826 283 290 54
[0.07553033568591999, 5, 2, 8, 1123]:4807 302 289 54
[0.09142788399654146, 6, 2, 5, 1894]:4839 271 289 54
[0.09142788399654146, 6, 2, 5, 1894]:4835 275 292 51
[0.09142788399654146, 6, 2, 5, 1894]:4826 283 300 44
[0.09142788399654146, 6, 2, 5, 1894]:4836 274 301 42
[0.09142788399654146, 6, 2, 5, 1894]:4862 247 295 49
[0.09142788399654146, 6, 2, 5, 1894]:4841 268 293 51
[0.09142788399654146, 6, 2, 5, 1894]:4855 255 291 52
[0.09142788399654146, 6, 2, 5, 1894]:4818 292 297 46
[0.09142788399654146, 6, 2, 5, 1894]:4825 284 306 38
[0.09142788399654146, 6, 2, 5, 1894]:4831 278 295 48
[0.012292677630533141, 5, 5, 2, 1683]:8 5101 0 343
[0.012292677630533141, 5, 5, 2, 1683]:4 5105 0 344
[0.012292677630533141, 5, 5, 2, 1683]:10 5100 2 341
[0.012292677630533141, 5, 5, 2, 1683]:6 5103 0 344
[0.01, 5, 5, 7, 1710]:6 5103 0 344
[0.012292677630533141, 5, 5, 2, 1683]:5 5105 0 343
[0.01, 5, 5, 7, 1710]:2 5107 0 344
[0.012292677630533141, 5, 5, 2, 1683]:3 5107 0 343
[0.01, 5, 5, 7, 1710]:4 5106 1 342
[0.01, 5, 5, 7, 1710]:4 5106 0 343
[0.012292677630533141, 5, 5, 2, 1683]:10 5099 0 344
[0.01, 5, 5, 7, 1710]:10 5099 0 344
[0.012292677630533141, 5, 5, 2, 1683]:4 5106 1 342
[0.01, 5, 5, 7, 1710]:4 5105 0 344
[0.012292677630533141, 5, 5, 2, 1683]:5 5105 1 342
[0.01, 5, 5, 7, 1710]:4 5106 1 342
[0.012292677630533141, 5, 5, 2, 1683]:8 5101 0 344
[0.01, 5, 5, 7, 1710]:10 5100 2 341
[0.01, 5, 5, 7, 1710]:4 5106 0 343
[0.01, 5, 5, 7, 1710]:6 5103 0 343
[0.08128274176340522, 62, 5, 10, 2000]:4717 392 281 63
[0.08128274176340522, 62, 5, 10, 2000]:4697 412 276 67
[0.08128274176340522, 62, 5, 10, 2000]:4751 359 285 58
[0.08128274176340522, 62, 5, 10, 2000]:4700 410 293 50
[0.08128274176340522, 62, 5, 10, 2000]:4742 367 298 46
[0.08128274176340522, 62, 5, 10, 2000]:4689 421 277 66
[0.08128274176340522, 62, 5, 10, 2000]:4671 439 275 68
[0.08128274176340522, 62, 5, 10, 2000]:4742 367 293 51
[0.08128274176340522, 62, 5, 10, 2000]:4751 359 286 57
[0.08128274176340522, 62, 5, 10, 2000]:4724 385 289 55
[0.0508291129745079, 100, 5, 2, 200]:2509 2600 143 200
[0.0508291129745079, 100, 5, 2, 200]:2399 2710 132 212
[0.0508291129745079, 100, 5, 2, 200]:2620 2489 167 177
[0.0508291129745079, 100, 5, 2, 200]:2582 2528 155 188
[0.0508291129745079, 100, 5, 2, 200]:2990 2119 166 178
[0.0508291129745079, 100, 5, 2, 200]:2438 2672 129 214
[0.0508291129745079, 100, 5, 2, 200]:3020 2090 171 172
[0.0508291129745079, 100, 5, 2, 200]:2530 2579 141 203
[0.0508291129745079, 100, 5, 2, 200]:3261 1849 203 140
[0.0508291129745079, 100, 5, 2, 200]:3355 1755 198 145
[0.045574359760106924, 96, 5, 8, 1986]:1511 3598 95 249
[0.05740700431236071, 100, 5, 2, 2000]:3829 1280 233 111
[0.045574359760106924, 96, 5, 8, 1986]:1648 3461 90 254
[0.045574359760106924, 96, 5, 8, 1986]:1580 3530 91 252
[0.05740700431236071, 100, 5, 2, 2000]:3935 1175 225 118
[0.05740700431236071, 100, 5, 2, 2000]:3907 1202 223 121
[0.045574359760106924, 96, 5, 8, 1986]:1808 3301 92 252
[0.05740700431236071, 100, 5, 2, 2000]:3981 1128 237 107
[0.05740700431236071, 100, 5, 2, 2000]:3947 1163 226 117
[0.045574359760106924, 96, 5, 8, 1986]:1809 3301 92 251
[0.045574359760106924, 96, 5, 8, 1986]:1970 3139 104 240
[0.045574359760106924, 96, 5, 8, 1986]:1861 3248 108 235
[0.05740700431236071, 100, 5, 2, 2000]:3917 1192 218 125
[0.045574359760106924, 96, 5, 8, 1986]:1875 3235 113 230
[0.05740700431236071, 100, 5, 2, 2000]:3848 1262 221 122
[0.05740700431236071, 100, 5, 2, 2000]:3940 1170 236 107
[0.05740700431236071, 100, 5, 2, 2000]:3883 1227 238 105
[0.05740700431236071, 100, 5, 2, 2000]:4050 1059 231 113
[0.045574359760106924, 96, 5, 8, 1986]:2073 3037 125 218
[0.045574359760106924, 96, 5, 8, 1986]:1969 3141 120 223
[0.13285496289785542, 5, 5, 9, 213]:5110 0 343 0
[0.13285496289785542, 5, 5, 9, 213]:5109 0 344 0
[0.13285496289785542, 5, 5, 9, 213]:5109 1 343 0
[0.13285496289785542, 5, 5, 9, 213]:5110 0 343 0
[0.13285496289785542, 5, 5, 9, 213]:5109 0 344 0
[0.13285496289785542, 5, 5, 9, 213]:5109 1 343 0
[0.13285496289785542, 5, 5, 9, 213]:5109 0 344 0
[0.13285496289785542, 5, 5, 9, 213]:5110 0 343 0
[0.13285496289785542, 5, 5, 9, 213]:5108 1 343 0
[0.13285496289785542, 5, 5, 9, 213]:5109 0 344 0
[0.13551464694757187, 100, 5, 9, 200]:4981 128 319 25
[0.13551464694757187, 100, 5, 9, 200]:4970 140 320 23
[0.13551464694757187, 100, 5, 9, 200]:4975 135 311 32
[0.13551464694757187, 100, 5, 9, 200]:4994 116 316 27
[0.13551464694757187, 100, 5, 9, 200]:4977 132 321 23
[0.13551464694757187, 100, 5, 9, 200]:4974 135 323 20
[0.13551464694757187, 100, 5, 9, 200]:4970 139 322 22
[0.13551464694757187, 100, 5, 9, 200]:4962 148 315 28
[0.13551464694757187, 100, 5, 9, 200]:5016 93 325 19
[0.13551464694757187, 100, 5, 9, 200]:4924 186 309 34
[0.13135860837186678, 57, 5, 2, 2000]:4954 156 314 29
[0.13135860837186678, 57, 5, 2, 2000]:4960 149 318 25
[0.13135860837186678, 57, 5, 2, 2000]:4942 168 318 25
[0.13135860837186678, 57, 5, 2, 2000]:4950 159 319 25
[0.13135860837186678, 57, 5, 2, 2000]:4962 147 313 31
[0.13135860837186678, 57, 5, 2, 2000]:4986 124 315 28
[0.13135860837186678, 57, 5, 2, 2000]:4889 221 307 36
[0.13135860837186678, 57, 5, 2, 2000]:4883 226 315 29
[0.13135860837186678, 57, 5, 2, 2000]:5006 103 325 19
[0.13135860837186678, 57, 5, 2, 2000]:4968 142 311 32
