[0.525627981140236, 50, 2, 5, 969]:5085 30 336 2
[0.525627981140236, 50, 2, 5, 969]:5088 27 336 2
[0.525627981140236, 50, 2, 5, 969]:5085 29 336 3
[0.525627981140236, 50, 2, 5, 969]:5087 27 339 0
[0.525627981140236, 50, 2, 5, 969]:5095 20 333 5
[0.525627981140236, 50, 2, 5, 969]:5083 32 336 2
[0.525627981140236, 50, 2, 5, 969]:5088 26 336 3
[0.525627981140236, 50, 2, 5, 969]:5086 28 335 3
[0.02022727001399272, 55, 4, 8, 1144]:4492 623 270 68
[0.525627981140236, 50, 2, 5, 969]:5075 40 334 4
[0.525627981140236, 50, 2, 5, 969]:5096 18 333 6
[0.02022727001399272, 55, 4, 8, 1144]:4494 620 285 53
[0.02022727001399272, 55, 4, 8, 1144]:4543 572 273 65
[0.02022727001399272, 55, 4, 8, 1144]:4477 638 277 61
[0.02022727001399272, 55, 4, 8, 1144]:4527 587 292 47
[0.02022727001399272, 55, 4, 8, 1144]:4502 612 284 55
[0.02022727001399272, 55, 4, 8, 1144]:4503 612 287 51
[0.02022727001399272, 55, 4, 8, 1144]:4508 606 284 55
[0.02022727001399272, 55, 4, 8, 1144]:4487 628 264 74
[0.02022727001399272, 55, 4, 8, 1144]:4510 604 274 65
[0.45993400381365096, 88, 3, 10, 1979]:5106 8 339 0
[0.45993400381365096, 88, 3, 10, 1979]:5109 6 338 0
[0.45993400381365096, 88, 3, 10, 1979]:5109 6 337 1
[0.45993400381365096, 88, 3, 10, 1979]:5109 6 338 0
[0.45993400381365096, 88, 3, 10, 1979]:5106 9 337 1
[0.45993400381365096, 88, 3, 10, 1979]:5108 6 339 0
[0.45993400381365096, 88, 3, 10, 1979]:5106 8 337 1
[0.45993400381365096, 88, 3, 10, 1979]:5107 8 337 1
[0.45993400381365096, 88, 3, 10, 1979]:5108 6 336 3
[0.45993400381365096, 88, 3, 10, 1979]:5110 4 338 1
[0.7245889171198457, 77, 5, 7, 379]:5114 0 339 0
[0.7245889171198457, 77, 5, 7, 379]:5115 0 338 0
[0.7245889171198457, 77, 5, 7, 379]:5115 0 338 0
[0.7245889171198457, 77, 5, 7, 379]:5114 0 338 0
[0.7245889171198457, 77, 5, 7, 379]:5115 0 338 0
[0.7245889171198457, 77, 5, 7, 379]:5114 0 339 0
[0.7245889171198457, 77, 5, 7, 379]:5114 0 339 0
[0.7245889171198457, 77, 5, 7, 379]:5115 0 338 0
[0.7245889171198457, 77, 5, 7, 379]:5114 0 339 0
[0.7245889171198457, 77, 5, 7, 379]:5115 0 338 0
[0.011407291496589663, 32, 5, 4, 844]:4339 776 260 78
[0.011407291496589663, 32, 5, 4, 844]:4285 829 253 86
[0.011407291496589663, 32, 5, 4, 844]:4299 815 267 72
[0.011407291496589663, 32, 5, 4, 844]:4289 826 270 68
[0.011407291496589663, 32, 5, 4, 844]:4276 838 260 78
[0.011407291496589663, 32, 5, 4, 844]:4282 833 241 97
[0.011407291496589663, 32, 5, 4, 844]:4320 794 275 64
[0.011407291496589663, 32, 5, 4, 844]:4286 828 265 74
[0.011407291496589663, 32, 5, 4, 844]:4296 819 251 87
[0.011407291496589663, 32, 5, 4, 844]:4335 780 259 79
[0.07553433725092969, 11, 2, 6, 1749]:4613 502 280 58
[0.07553433725092969, 11, 2, 6, 1749]:4523 592 268 70
[0.07553433725092969, 11, 2, 6, 1749]:4566 548 269 70
[0.07553433725092969, 11, 2, 6, 1749]:4566 548 274 65
[0.07553433725092969, 11, 2, 6, 1749]:4647 468 281 57
[0.07553433725092969, 11, 2, 6, 1749]:4546 569 292 46
[0.07553433725092969, 11, 2, 6, 1749]:4520 595 273 65
[0.07553433725092969, 11, 2, 6, 1749]:4560 554 279 59
[0.07553433725092969, 11, 2, 6, 1749]:4655 459 284 55
[0.07553433725092969, 11, 2, 6, 1749]:4586 528 275 64
[0.3099232595814201, 42, 4, 6, 955]:5088 26 334 5
[0.3099232595814201, 42, 4, 6, 955]:5086 28 331 7
[0.3099232595814201, 42, 4, 6, 955]:5078 37 335 3
[0.3099232595814201, 42, 4, 6, 955]:5077 37 335 4
[0.3099232595814201, 42, 4, 6, 955]:5081 34 335 3
[0.3099232595814201, 42, 4, 6, 955]:5087 28 335 3
[0.3099232595814201, 42, 4, 6, 955]:5079 36 335 3
[0.3099232595814201, 42, 4, 6, 955]:5090 24 334 5
[0.3099232595814201, 42, 4, 6, 955]:5087 28 335 3
[0.3099232595814201, 42, 4, 6, 955]:5075 39 336 3
[0.016636327765717215, 86, 5, 5, 1721]:4326 789 275 63
[0.016636327765717215, 86, 5, 5, 1721]:4331 784 244 94
[0.016636327765717215, 86, 5, 5, 1721]:4363 751 275 64
[0.016636327765717215, 86, 5, 5, 1721]:4340 775 256 82
[0.016636327765717215, 86, 5, 5, 1721]:4373 742 261 77
[0.016636327765717215, 86, 5, 5, 1721]:4358 757 261 77
[0.016636327765717215, 86, 5, 5, 1721]:4327 787 268 70
[0.016636327765717215, 86, 5, 5, 1721]:4335 779 273 66
[0.016636327765717215, 86, 5, 5, 1721]:4336 778 259 80
[0.03537404979534511, 73, 3, 9, 1820]:4622 492 290 48
[0.016636327765717215, 86, 5, 5, 1721]:4331 783 267 72
[0.03537404979534511, 73, 3, 9, 1820]:4658 457 284 54
[0.03537404979534511, 73, 3, 9, 1820]:4627 487 294 45
[0.03537404979534511, 73, 3, 9, 1820]:4630 485 284 54
[0.03537404979534511, 73, 3, 9, 1820]:4610 505 288 50
[0.03537404979534511, 73, 3, 9, 1820]:4656 458 298 41
[0.03537404979534511, 73, 3, 9, 1820]:4617 498 276 62
[0.03537404979534511, 73, 3, 9, 1820]:4630 484 289 50
[0.03537404979534511, 73, 3, 9, 1820]:4647 468 296 42
[0.03537404979534511, 73, 3, 9, 1820]:4611 503 282 57
[0.01, 5, 1, 2, 200]:0 5115 1 337
[0.01, 5, 1, 2, 200]:0 5115 0 338
[0.01, 5, 1, 2, 200]:0 5114 0 339
[0.01, 5, 1, 2, 200]:2 5113 0 338
[0.01, 5, 1, 2, 200]:2 5112 0 339
[0.01, 5, 1, 2, 200]:6 5109 2 336
[0.01, 5, 1, 2, 200]:0 5114 0 339
[0.01, 5, 1, 2, 200]:3 5112 1 337
[0.01, 5, 1, 2, 200]:5 5109 1 337
[0.01, 5, 1, 2, 200]:1 5113 0 339
[0.3194181992856002, 72, 5, 8, 1658]:5088 26 335 4
[0.3194181992856002, 72, 5, 8, 1658]:5099 16 335 3
[0.3194181992856002, 72, 5, 8, 1658]:5098 17 338 0
[0.3194181992856002, 72, 5, 8, 1658]:5093 22 335 3
[0.3194181992856002, 72, 5, 8, 1658]:5090 24 337 2
[0.3194181992856002, 72, 5, 8, 1658]:5097 18 334 4
[0.3194181992856002, 72, 5, 8, 1658]:5096 18 332 6
[0.3194181992856002, 72, 5, 8, 1658]:5097 17 334 5
[0.3194181992856002, 72, 5, 8, 1658]:5097 18 336 2
[0.3194181992856002, 72, 5, 8, 1658]:5098 16 335 4
[0.01, 100, 1, 10, 2000]:4687 428 289 49
[0.01, 100, 1, 10, 2000]:4666 448 291 47
[0.01, 100, 1, 10, 2000]:4697 418 297 41
[0.01, 100, 1, 10, 2000]:4667 448 285 53
[0.01, 100, 1, 10, 2000]:4664 450 285 54
[0.01, 100, 1, 10, 2000]:4647 468 289 49
[0.01, 100, 1, 10, 2000]:4694 421 284 54
[0.01, 100, 1, 10, 2000]:4687 427 303 36
[0.01, 100, 1, 10, 2000]:4662 452 297 42
[0.01, 100, 1, 10, 2000]:4676 438 294 45
[0.06630927468041828, 5, 5, 2, 200]:3526 1589 183 155
[0.06630927468041828, 5, 5, 2, 200]:3592 1523 179 159
[0.06630927468041828, 5, 5, 2, 200]:3558 1557 160 178
[0.06630927468041828, 5, 5, 2, 200]:3597 1517 158 181
[0.06630927468041828, 5, 5, 2, 200]:3510 1605 191 147
[0.06630927468041828, 5, 5, 2, 200]:3577 1537 164 175
[0.06630927468041828, 5, 5, 2, 200]:3645 1469 171 168
[0.06630927468041828, 5, 5, 2, 200]:3509 1605 172 166
[0.06630927468041828, 5, 5, 2, 200]:3647 1467 175 164
[0.06630927468041828, 5, 5, 2, 200]:3573 1542 162 176
[0.059960876216565324, 96, 1, 2, 307]:4882 233 322 16
[0.08461384024374995, 100, 1, 2, 200]:4874 241 310 28
[0.059960876216565324, 96, 1, 2, 307]:4877 238 310 28
[0.08461384024374995, 100, 1, 2, 200]:4892 223 321 17
[0.059960876216565324, 96, 1, 2, 307]:4880 235 317 21
[0.059960876216565324, 96, 1, 2, 307]:4869 245 318 20
[0.059960876216565324, 96, 1, 2, 307]:4884 230 315 24
[0.059960876216565324, 96, 1, 2, 307]:4853 261 314 25
[0.059960876216565324, 96, 1, 2, 307]:4876 238 328 11
[0.059960876216565324, 96, 1, 2, 307]:4881 233 318 21
[0.059960876216565324, 96, 1, 2, 307]:4870 245 315 23
[0.08461384024374995, 100, 1, 2, 200]:4876 238 316 23
[0.08461384024374995, 100, 1, 2, 200]:4863 252 315 23
[0.08461384024374995, 100, 1, 2, 200]:4881 234 319 19
[0.08461384024374995, 100, 1, 2, 200]:4881 233 317 22
[0.08461384024374995, 100, 1, 2, 200]:4878 236 319 19
[0.08461384024374995, 100, 1, 2, 200]:4861 253 315 24
[0.059960876216565324, 96, 1, 2, 307]:4892 223 308 30
[0.08461384024374995, 100, 1, 2, 200]:4896 219 310 28
[0.08461384024374995, 100, 1, 2, 200]:4892 222 327 12
[0.07336446591025303, 5, 5, 7, 2000]:3860 1255 188 150
[0.07336446591025303, 5, 5, 7, 2000]:3958 1157 187 151
[0.07336446591025303, 5, 5, 7, 2000]:3905 1209 199 140
[0.07336446591025303, 5, 5, 7, 2000]:3972 1142 195 144
[0.07336446591025303, 5, 5, 7, 2000]:3843 1271 193 145
[0.07336446591025303, 5, 5, 7, 2000]:3840 1275 208 130
[0.07336446591025303, 5, 5, 7, 2000]:3893 1221 185 154
[0.07336446591025303, 5, 5, 7, 2000]:3864 1251 212 126
[0.07336446591025303, 5, 5, 7, 2000]:3926 1188 182 157
[0.07336446591025303, 5, 5, 7, 2000]:3893 1222 187 151
[0.04744484846402812, 5, 5, 10, 2000]:1489 3625 49 290
[0.04744484846402812, 5, 5, 10, 2000]:1647 3468 66 272
[0.04744484846402812, 5, 5, 10, 2000]:1732 3382 69 270
[0.04744484846402812, 5, 5, 10, 2000]:1603 3511 44 295
[0.04744484846402812, 5, 5, 10, 2000]:1631 3483 57 281
[0.04744484846402812, 5, 5, 10, 2000]:1655 3460 72 266
[0.04744484846402812, 5, 5, 10, 2000]:1713 3401 65 274
[0.04744484846402812, 5, 5, 10, 2000]:1751 3364 55 283
[0.04744484846402812, 5, 5, 10, 2000]:1642 3473 46 292
[0.04744484846402812, 5, 5, 10, 2000]:1681 3434 49 289
[0.056273496851231335, 31, 5, 10, 2000]:4626 488 291 48
[0.056273496851231335, 31, 5, 10, 2000]:4611 503 289 49
[0.056273496851231335, 31, 5, 10, 2000]:4648 466 291 48
[0.056273496851231335, 31, 5, 10, 2000]:4621 494 280 58
[0.056273496851231335, 31, 5, 10, 2000]:4658 457 283 55
[0.056273496851231335, 31, 5, 10, 2000]:4632 483 294 44
[0.056273496851231335, 31, 5, 10, 2000]:4597 518 286 52
[0.056273496851231335, 31, 5, 10, 2000]:4631 483 279 60
[0.056273496851231335, 31, 5, 10, 2000]:4613 502 275 63
[0.056273496851231335, 31, 5, 10, 2000]:4634 480 297 42
[0.03665743122684182, 5, 5, 2, 200]:1179 3935 41 298
[0.03665743122684182, 5, 5, 2, 200]:1223 3892 27 311
[0.03665743122684182, 5, 5, 2, 200]:1189 3925 44 295
[0.03665743122684182, 5, 5, 2, 200]:1182 3932 25 314
[0.03665743122684182, 5, 5, 2, 200]:1210 3904 42 297
[0.03665743122684182, 5, 5, 2, 200]:1245 3870 40 298
[0.042564813857740996, 5, 5, 5, 200]:1448 3666 50 289
[0.03665743122684182, 5, 5, 2, 200]:1081 4034 25 313
[0.042564813857740996, 5, 5, 5, 200]:1432 3683 36 302
[0.03665743122684182, 5, 5, 2, 200]:1209 3906 51 287
[0.042564813857740996, 5, 5, 5, 200]:1429 3686 38 300
[0.03665743122684182, 5, 5, 2, 200]:1131 3983 37 301
[0.042564813857740996, 5, 5, 5, 200]:1441 3674 58 280
[0.042564813857740996, 5, 5, 5, 200]:1445 3670 51 287
[0.042564813857740996, 5, 5, 5, 200]:1361 3753 48 291
[0.042564813857740996, 5, 5, 5, 200]:1364 3751 32 306
[0.042564813857740996, 5, 5, 5, 200]:1371 3743 46 292
[0.042564813857740996, 5, 5, 5, 200]:1405 3709 38 301
[0.03665743122684182, 5, 5, 2, 200]:1144 3971 28 310
[0.042564813857740996, 5, 5, 5, 200]:1418 3696 45 294
[0.03886308535777524, 5, 5, 2, 2000]:1330 3785 32 306
[0.03886308535777524, 5, 5, 2, 2000]:1343 3772 33 305
[0.03886308535777524, 5, 5, 2, 2000]:1301 3813 43 296
[0.03886308535777524, 5, 5, 2, 2000]:1249 3865 40 298
[0.03886308535777524, 5, 5, 2, 2000]:1290 3824 30 309
[0.03886308535777524, 5, 5, 2, 2000]:1329 3786 54 284
[0.03886308535777524, 5, 5, 2, 2000]:1297 3817 47 292
[0.03886308535777524, 5, 5, 2, 2000]:1301 3814 45 293
[0.03886308535777524, 5, 5, 2, 2000]:1242 3873 28 310
[0.03886308535777524, 5, 5, 2, 2000]:1320 3794 45 294
[0.10194592014639654, 5, 5, 2, 883]:4832 283 288 50
[0.10194592014639654, 5, 5, 2, 883]:4877 237 286 53
[0.10194592014639654, 5, 5, 2, 883]:4825 290 282 56
[0.10194592014639654, 5, 5, 2, 883]:4853 261 285 54
[0.10194592014639654, 5, 5, 2, 883]:4856 258 297 42
[0.10194592014639654, 5, 5, 2, 883]:4867 248 286 52
[0.10194592014639654, 5, 5, 2, 883]:4861 254 294 44
[0.10194592014639654, 5, 5, 2, 883]:4862 252 283 55
[0.10194592014639654, 5, 5, 2, 883]:4859 256 280 58
[0.10194592014639654, 5, 5, 2, 883]:4871 243 290 49
[0.027593633664111706, 5, 1, 3, 1942]:309 4806 5 333
[0.027593633664111706, 5, 1, 3, 1942]:160 4955 4 334
[0.027593633664111706, 5, 1, 3, 1942]:236 4878 4 335
[0.027593633664111706, 5, 1, 3, 1942]:163 4952 1 337
[0.027593633664111706, 5, 1, 3, 1942]:257 4858 8 330
[0.027593633664111706, 5, 1, 3, 1942]:342 4773 14 324
[0.027593633664111706, 5, 1, 3, 1942]:313 4801 10 329
[0.027593633664111706, 5, 1, 3, 1942]:349 4765 9 329
[0.027593633664111706, 5, 1, 3, 1942]:296 4818 9 330
[0.027593633664111706, 5, 1, 3, 1942]:182 4932 4 335
[0.0217753833581992, 100, 1, 2, 2000]:4866 249 307 31
[0.0217753833581992, 100, 1, 2, 2000]:4859 255 317 21
[0.0217753833581992, 100, 1, 2, 2000]:4872 242 324 15
[0.0217753833581992, 100, 1, 2, 2000]:4881 234 309 29
[0.0217753833581992, 100, 1, 2, 2000]:4868 246 317 22
[0.0217753833581992, 100, 1, 2, 2000]:4867 248 319 19
[0.0217753833581992, 100, 1, 2, 2000]:4873 242 319 19
[0.0217753833581992, 100, 1, 2, 2000]:4855 260 315 23
[0.0217753833581992, 100, 1, 2, 2000]:4867 247 315 24
[0.0217753833581992, 100, 1, 2, 2000]:4843 271 313 26
[0.08242120275687081, 5, 5, 2, 200]:4326 789 239 99
[0.08242120275687081, 5, 5, 2, 200]:4426 689 237 101
[0.08242120275687081, 5, 5, 2, 200]:4401 714 243 95
[0.08242120275687081, 5, 5, 2, 200]:4273 841 226 112
[0.08242120275687081, 5, 5, 2, 200]:4302 813 250 88
[0.08242120275687081, 5, 5, 2, 200]:4470 644 242 97
[0.08242120275687081, 5, 5, 2, 200]:4375 740 234 104
[0.08242120275687081, 5, 5, 2, 200]:4471 643 240 99
[0.08242120275687081, 5, 5, 2, 200]:4384 730 240 99
[0.08242120275687081, 5, 5, 2, 200]:4437 677 250 89
[0.01, 100, 5, 10, 2000]:4319 796 260 78
[0.01, 80, 5, 2, 2000]:4310 804 268 71
[0.01, 100, 5, 10, 2000]:4274 841 271 67
[0.01, 80, 5, 2, 2000]:4274 840 266 73
[0.01, 100, 5, 10, 2000]:4277 838 242 96
[0.01, 80, 5, 2, 2000]:4275 840 268 70
[0.01, 80, 5, 2, 2000]:4329 786 256 82
[0.01, 100, 5, 10, 2000]:4282 833 251 87
[0.01, 100, 5, 10, 2000]:4280 834 257 82
[0.01, 80, 5, 2, 2000]:4273 842 250 88
[0.01, 80, 5, 2, 2000]:4271 844 240 98
[0.01, 100, 5, 10, 2000]:4309 805 265 74
[0.01, 80, 5, 2, 2000]:4272 842 264 75
[0.01, 80, 5, 2, 2000]:4316 799 260 78
[0.01, 100, 5, 10, 2000]:4280 834 267 72
[0.01, 80, 5, 2, 2000]:4267 847 261 77
[0.01, 100, 5, 10, 2000]:4264 850 263 75
[0.01, 100, 5, 10, 2000]:4313 802 256 82
[0.01, 100, 5, 10, 2000]:4288 826 266 73
[0.01, 80, 5, 2, 2000]:4285 829 256 83
[0.13678160647874643, 5, 1, 5, 1857]:4992 122 300 39
[0.13678160647874643, 5, 1, 5, 1857]:4998 116 313 26
[0.13678160647874643, 5, 1, 5, 1857]:4989 126 307 31
[0.13678160647874643, 5, 1, 5, 1857]:5006 108 303 35
[0.13678160647874643, 5, 1, 5, 1857]:5016 98 311 28
[0.17018714267962168, 5, 1, 2, 1891]:5057 57 322 17
[0.13678160647874643, 5, 1, 5, 1857]:5007 108 311 27
[0.13678160647874643, 5, 1, 5, 1857]:4966 148 313 26
[0.17018714267962168, 5, 1, 2, 1891]:5050 65 324 14
[0.13678160647874643, 5, 1, 5, 1857]:4983 132 308 30
[0.17018714267962168, 5, 1, 2, 1891]:5020 94 322 17
[0.13678160647874643, 5, 1, 5, 1857]:5001 114 306 32
[0.17018714267962168, 5, 1, 2, 1891]:5046 68 320 19
[0.17018714267962168, 5, 1, 2, 1891]:5057 58 325 13
[0.17018714267962168, 5, 1, 2, 1891]:5051 63 317 22
[0.17018714267962168, 5, 1, 2, 1891]:5055 59 318 20
[0.13678160647874643, 5, 1, 5, 1857]:4987 128 309 29
[0.17018714267962168, 5, 1, 2, 1891]:5035 80 316 22
[0.17018714267962168, 5, 1, 2, 1891]:5034 81 314 24
[0.17018714267962168, 5, 1, 2, 1891]:5046 69 316 22
[0.14626190571545333, 5, 2, 10, 2000]:5014 100 315 24
[0.14626190571545333, 5, 2, 10, 2000]:5003 112 312 26
[0.14626190571545333, 5, 2, 10, 2000]:5004 111 308 30
[0.14626190571545333, 5, 2, 10, 2000]:5024 90 311 28
[0.14626190571545333, 5, 2, 10, 2000]:5022 92 309 29
[0.14626190571545333, 5, 2, 10, 2000]:5013 102 311 27
[0.14626190571545333, 5, 2, 10, 2000]:4987 127 315 24
[0.14626190571545333, 5, 2, 10, 2000]:5000 115 310 28
[0.14626190571545333, 5, 2, 10, 2000]:5029 86 315 23
[0.14626190571545333, 5, 2, 10, 2000]:5017 97 308 31
[0.017447388889006165, 5, 5, 8, 1744]:3 5112 1 337
[0.017447388889006165, 5, 5, 8, 1744]:0 5115 0 338
[0.017447388889006165, 5, 5, 8, 1744]:10 5105 3 335
[0.017447388889006165, 5, 5, 8, 1744]:0 5114 0 339
[0.017447388889006165, 5, 5, 8, 1744]:1 5114 1 337
[0.017447388889006165, 5, 5, 8, 1744]:0 5114 0 339
[0.017447388889006165, 5, 5, 8, 1744]:3 5112 0 338
[0.017447388889006165, 5, 5, 8, 1744]:2 5112 0 338
[0.017447388889006165, 5, 5, 8, 1744]:0 5114 0 339
[0.017447388889006165, 5, 5, 8, 1744]:3 5111 0 339
[0.07767765456964022, 5, 5, 10, 2000]:4074 1041 207 131
[0.07767765456964022, 5, 5, 10, 2000]:4021 1094 219 119
[0.07767765456964022, 5, 5, 10, 2000]:4154 960 204 135
[0.016280746418543362, 5, 3, 6, 2000]:0 5114 0 339
[0.016280746418543362, 5, 3, 6, 2000]:0 5114 0 339
[0.016280746418543362, 5, 3, 6, 2000]:2 5112 0 338
[0.07767765456964022, 5, 5, 10, 2000]:4030 1084 208 130
[0.016280746418543362, 5, 3, 6, 2000]:1 5113 0 339
[0.07767765456964022, 5, 5, 10, 2000]:4139 975 207 132
[0.016280746418543362, 5, 3, 6, 2000]:0 5114 0 339
[0.016280746418543362, 5, 3, 6, 2000]:10 5105 3 335
[0.07767765456964022, 5, 5, 10, 2000]:4127 988 211 127
[0.016280746418543362, 5, 3, 6, 2000]:0 5115 2 336
[0.07767765456964022, 5, 5, 10, 2000]:4180 935 206 132
[0.07767765456964022, 5, 5, 10, 2000]:4129 985 220 119
[0.07767765456964022, 5, 5, 10, 2000]:4020 1095 228 110
[0.016280746418543362, 5, 3, 6, 2000]:0 5115 0 338
[0.016280746418543362, 5, 3, 6, 2000]:4 5111 0 338
[0.016280746418543362, 5, 3, 6, 2000]:3 5112 1 337
[0.07767765456964022, 5, 5, 10, 2000]:4147 967 211 128
[0.07712228875451185, 5, 5, 10, 200]:4069 1045 203 136
[0.07712228875451185, 5, 5, 10, 200]:4020 1095 227 111
[0.07712228875451185, 5, 5, 10, 200]:4140 975 205 133
[0.07712228875451185, 5, 5, 10, 200]:3983 1131 204 134
[0.07712228875451185, 5, 5, 10, 200]:4117 998 212 126
[0.07712228875451185, 5, 5, 10, 200]:4007 1108 200 138
[0.07712228875451185, 5, 5, 10, 200]:4125 989 211 128
[0.07712228875451185, 5, 5, 10, 200]:4108 1006 201 138
[0.07712228875451185, 5, 5, 10, 200]:3998 1117 216 122
[0.07712228875451185, 5, 5, 10, 200]:4134 980 219 120
[0.0758937888502251, 5, 5, 10, 299]:3990 1125 198 140
[0.0758937888502251, 5, 5, 10, 299]:3956 1159 220 118
[0.0758937888502251, 5, 5, 10, 299]:4051 1064 202 136
[0.0758937888502251, 5, 5, 10, 299]:4065 1050 198 140
[0.0758937888502251, 5, 5, 10, 299]:3939 1176 210 128
[0.0758937888502251, 5, 5, 10, 299]:4055 1059 204 135
[0.0758937888502251, 5, 5, 10, 299]:4040 1074 201 138
[0.0758937888502251, 5, 5, 10, 299]:4017 1097 193 146
[0.0758937888502251, 5, 5, 10, 299]:3939 1175 200 138
[0.0758937888502251, 5, 5, 10, 299]:4050 1064 212 127
[0.05833787827300308, 53, 5, 10, 1040]:4642 472 294 45
[0.05833787827300308, 53, 5, 10, 1040]:4667 448 284 54
[0.05833787827300308, 53, 5, 10, 1040]:4648 467 297 41
[0.05833787827300308, 53, 5, 10, 1040]:4647 467 279 60
[0.05833787827300308, 53, 5, 10, 1040]:4635 480 283 55
[0.05833787827300308, 53, 5, 10, 1040]:4623 492 277 61
[0.05833787827300308, 53, 5, 10, 1040]:4641 473 292 47
[0.05833787827300308, 53, 5, 10, 1040]:4659 455 294 45
[0.05833787827300308, 53, 5, 10, 1040]:4621 494 289 49
[0.05833787827300308, 53, 5, 10, 1040]:4623 491 292 46
[0.99, 5, 1, 10, 1943]:5115 0 338 0
[0.99, 5, 5, 6, 1932]:5114 0 339 0
[0.99, 5, 5, 6, 1932]:5115 0 338 0
[0.99, 5, 5, 6, 1932]:5114 0 339 0
[0.99, 5, 1, 10, 1943]:5114 0 338 0
[0.99, 5, 1, 10, 1943]:5115 0 338 0
[0.99, 5, 5, 6, 1932]:5115 0 338 0
[0.99, 5, 5, 6, 1932]:5114 0 339 0
[0.99, 5, 5, 6, 1932]:5114 0 338 0
[0.99, 5, 1, 10, 1943]:5114 0 339 0
[0.99, 5, 1, 10, 1943]:5113 1 339 0
[0.99, 5, 5, 6, 1932]:5115 0 338 0
[0.99, 5, 1, 10, 1943]:5114 0 339 0
[0.99, 5, 1, 10, 1943]:5114 0 339 0
[0.99, 5, 5, 6, 1932]:5115 0 338 0
[0.99, 5, 5, 6, 1932]:5114 0 339 0
[0.99, 5, 1, 10, 1943]:5115 0 338 0
[0.99, 5, 5, 6, 1932]:5115 0 338 0
[0.99, 5, 1, 10, 1943]:5115 0 338 0
[0.99, 5, 1, 10, 1943]:5115 0 338 0
[0.99, 16, 5, 9, 1015]:5115 0 338 0
[0.99, 16, 5, 9, 1015]:5114 0 339 0
[0.99, 16, 5, 9, 1015]:5115 0 338 0
[0.99, 16, 5, 9, 1015]:5114 0 339 0
[0.99, 16, 5, 9, 1015]:5115 0 338 0
[0.99, 16, 5, 9, 1015]:5114 0 338 0
[0.99, 16, 5, 9, 1015]:5114 0 339 0
[0.99, 16, 5, 9, 1015]:5115 0 338 0
[0.99, 16, 5, 9, 1015]:5115 0 338 0
[0.99, 16, 5, 9, 1015]:5114 0 339 0
[0.07793886463477233, 5, 5, 10, 2000]:4190 924 204 135
[0.07793886463477233, 5, 5, 10, 2000]:4188 927 207 131
[0.07793886463477233, 5, 5, 10, 2000]:4155 959 224 115
[0.07793886463477233, 5, 5, 10, 2000]:4042 1073 219 119
[0.07793886463477233, 5, 5, 10, 2000]:4158 956 210 129
[0.07793886463477233, 5, 5, 10, 2000]:4145 970 214 124
[0.07793886463477233, 5, 5, 10, 2000]:4175 939 215 124
[0.07793886463477233, 5, 5, 10, 2000]:4037 1077 208 130
[0.07793886463477233, 5, 5, 10, 2000]:4088 1027 208 130
[0.07793886463477233, 5, 5, 10, 2000]:4049 1066 231 107
[0.03874644178733425, 100, 5, 8, 1888]:4521 593 286 53
[0.03874644178733425, 100, 5, 8, 1888]:4547 568 271 67
[0.03874644178733425, 100, 5, 8, 1888]:4493 622 277 61
[0.03874644178733425, 100, 5, 8, 1888]:4491 623 278 60
[0.03874644178733425, 100, 5, 8, 1888]:4515 599 284 55
[0.03135012591662847, 100, 5, 10, 2000]:4455 659 271 68
[0.03874644178733425, 100, 5, 8, 1888]:4519 595 274 65
[0.03135012591662847, 100, 5, 10, 2000]:4462 652 278 61
[0.03135012591662847, 100, 5, 10, 2000]:4502 613 270 68
[0.03874644178733425, 100, 5, 8, 1888]:4510 605 271 67
[0.03874644178733425, 100, 5, 8, 1888]:4495 620 262 76
[0.03874644178733425, 100, 5, 8, 1888]:4505 610 284 54
[0.03135012591662847, 100, 5, 10, 2000]:4447 667 272 66
[0.03135012591662847, 100, 5, 10, 2000]:4481 633 283 56
[0.03135012591662847, 100, 5, 10, 2000]:4432 683 267 71
[0.03135012591662847, 100, 5, 10, 2000]:4445 670 254 84
[0.03135012591662847, 100, 5, 10, 2000]:4445 670 268 70
[0.03135012591662847, 100, 5, 10, 2000]:4461 653 281 58
[0.03874644178733425, 100, 5, 8, 1888]:4506 608 286 53
[0.03135012591662847, 100, 5, 10, 2000]:4456 659 284 54
[0.07783800205633731, 5, 5, 10, 2000]:4197 918 206 132
[0.07771576927268592, 5, 5, 10, 2000]:4165 949 213 126
[0.07771576927268592, 5, 5, 10, 2000]:4167 947 203 136
[0.07783800205633731, 5, 5, 10, 2000]:4091 1024 207 131
[0.07783800205633731, 5, 5, 10, 2000]:4163 951 205 134
[0.07771576927268592, 5, 5, 10, 2000]:4173 942 207 131
[0.07771576927268592, 5, 5, 10, 2000]:4136 979 212 126
[0.07783800205633731, 5, 5, 10, 2000]:4163 951 222 117
[0.07783800205633731, 5, 5, 10, 2000]:4145 970 215 123
[0.07712157318371253, 5, 5, 3, 2000]:4110 1004 203 136
[0.07771576927268592, 5, 5, 10, 2000]:4126 988 204 135
[0.07771576927268592, 5, 5, 10, 2000]:4106 1009 207 131
[0.07783800205633731, 5, 5, 10, 2000]:4049 1065 208 130
[0.07712157318371253, 5, 5, 3, 2000]:4007 1108 224 114
[0.07712157318371253, 5, 5, 3, 2000]:3993 1122 215 123
[0.07783800205633731, 5, 5, 10, 2000]:4045 1070 219 119
[0.07771576927268592, 5, 5, 10, 2000]:4039 1076 229 109
[0.07783800205633731, 5, 5, 10, 2000]:4156 958 209 130
[0.07783800205633731, 5, 5, 10, 2000]:4029 1086 230 108
[0.07771576927268592, 5, 5, 10, 2000]:4035 1079 207 131
[0.07771576927268592, 5, 5, 10, 2000]:4143 971 221 118
[0.07712157318371253, 5, 5, 3, 2000]:4123 991 210 129
[0.07712157318371253, 5, 5, 3, 2000]:4009 1105 206 132
[0.07783800205633731, 5, 5, 10, 2000]:4169 945 214 125
[0.07712157318371253, 5, 5, 3, 2000]:4159 956 205 133
[0.07712157318371253, 5, 5, 3, 2000]:4142 972 202 137
[0.07712157318371253, 5, 5, 3, 2000]:4092 1022 214 125
[0.07712157318371253, 5, 5, 3, 2000]:4063 1052 205 133
[0.07771576927268592, 5, 5, 10, 2000]:4022 1093 217 121
[0.07712157318371253, 5, 5, 3, 2000]:4101 1014 206 132
[0.07763275124909347, 5, 5, 2, 2000]:4161 954 207 131
[0.07763275124909347, 5, 5, 2, 2000]:4026 1088 208 130
[0.07763275124909347, 5, 5, 2, 2000]:4150 964 203 136
[0.07763275124909347, 5, 5, 2, 2000]:4147 967 208 131
[0.07763275124909347, 5, 5, 2, 2000]:4129 986 213 125
[0.07763275124909347, 5, 5, 2, 2000]:4146 968 211 128
[0.07763275124909347, 5, 5, 2, 2000]:4085 1030 207 131
[0.07763275124909347, 5, 5, 2, 2000]:4028 1087 229 109
[0.07763275124909347, 5, 5, 2, 2000]:4009 1106 216 122
[0.07763275124909347, 5, 5, 2, 2000]:4165 949 226 113
[0.12773831623893905, 77, 5, 7, 1957]:4895 219 309 30
[0.12773831623893905, 77, 5, 7, 1957]:4901 214 310 28
[0.12773831623893905, 77, 5, 7, 1957]:4906 208 310 29
[0.10807504268451991, 48, 5, 2, 2000]:4849 266 307 31
[0.10807504268451991, 48, 5, 2, 2000]:4844 270 307 31
[0.10807504268451991, 48, 5, 2, 2000]:4843 272 314 24
[0.12773831623893905, 77, 5, 7, 1957]:4919 196 307 31
[0.12773831623893905, 77, 5, 7, 1957]:4895 220 303 35
[0.10807504268451991, 48, 5, 2, 2000]:4837 277 302 37
[0.12773831623893905, 77, 5, 7, 1957]:4922 192 319 20
[0.10807504268451991, 48, 5, 2, 2000]:4857 258 297 41
[0.12773831623893905, 77, 5, 7, 1957]:4899 215 311 27
[0.12773831623893905, 77, 5, 7, 1957]:4916 198 312 27
[0.10807504268451991, 48, 5, 2, 2000]:4839 275 306 33
[0.12773831623893905, 77, 5, 7, 1957]:4906 209 315 23
[0.10807504268451991, 48, 5, 2, 2000]:4880 234 315 24
[0.10807504268451991, 48, 5, 2, 2000]:4857 257 306 33
[0.10807504268451991, 48, 5, 2, 2000]:4872 243 305 33
[0.12773831623893905, 77, 5, 7, 1957]:4909 206 316 22
[0.10807504268451991, 48, 5, 2, 2000]:4847 268 301 37
[0.01, 53, 1, 10, 353]:4697 417 300 39
[0.01, 53, 1, 10, 353]:4685 430 284 54
[0.01, 53, 1, 10, 353]:4646 469 289 49
[0.01, 53, 1, 10, 353]:4658 456 294 44
[0.01, 53, 1, 10, 353]:4695 420 296 42
[0.01, 53, 1, 10, 353]:4674 441 286 52
[0.01, 53, 1, 10, 353]:4684 431 288 50
[0.01, 53, 1, 10, 353]:4660 454 290 49
[0.01, 53, 1, 10, 353]:4674 440 295 44
[0.01, 53, 1, 10, 353]:4653 461 297 42
[0.07931739578455814, 5, 5, 10, 2000]:4103 1011 214 124
[0.07931739578455814, 5, 5, 10, 2000]:4114 1001 236 102
[0.07931739578455814, 5, 5, 10, 2000]:4123 992 221 117
[0.07931739578455814, 5, 5, 10, 2000]:4170 945 213 125
[0.07931739578455814, 5, 5, 10, 2000]:4282 832 219 120
[0.07931739578455814, 5, 5, 10, 2000]:4216 898 225 114
[0.07931739578455814, 5, 5, 10, 2000]:4270 845 214 124
[0.07931739578455814, 5, 5, 10, 2000]:4235 879 216 123
[0.07931739578455814, 5, 5, 10, 2000]:4211 903 229 110
[0.07931739578455814, 5, 5, 10, 2000]:4227 888 225 113
[0.011042852333121982, 46, 1, 4, 1889]:4839 276 314 24
[0.011042852333121982, 46, 1, 4, 1889]:4850 264 321 18
[0.011042852333121982, 46, 1, 4, 1889]:4807 307 311 28
[0.011042852333121982, 46, 1, 4, 1889]:4833 282 304 34
[0.011042852333121982, 46, 1, 4, 1889]:4838 276 313 26
[0.011042852333121982, 46, 1, 4, 1889]:4830 284 313 26
[0.011042852333121982, 46, 1, 4, 1889]:4847 268 302 36
[0.011042852333121982, 46, 1, 4, 1889]:4831 284 317 21
[0.011042852333121982, 46, 1, 4, 1889]:4824 290 311 27
[0.011042852333121982, 46, 1, 4, 1889]:4819 296 311 27
[0.01, 5, 5, 10, 1798]:0 5115 0 338
[0.01, 5, 5, 10, 1798]:6 5109 2 336
[0.01, 5, 5, 10, 1798]:0 5115 0 338
[0.01, 5, 5, 10, 1798]:2 5113 0 338
[0.01, 5, 5, 10, 1798]:1 5114 0 338
[0.01, 5, 5, 10, 1798]:0 5114 0 339
[0.01, 5, 5, 10, 1798]:2 5112 0 338
[0.01, 5, 5, 10, 1798]:0 5114 0 339
[0.01, 5, 5, 10, 1798]:0 5114 0 339
[0.01, 5, 5, 10, 1798]:0 5114 0 339
[0.02820899328013659, 63, 5, 2, 861]:4434 680 279 60
[0.02820899328013659, 63, 5, 2, 861]:4432 683 266 72
[0.02820899328013659, 63, 5, 2, 861]:4461 653 284 55
[0.02820899328013659, 63, 5, 2, 861]:4468 647 267 71
[0.02820899328013659, 63, 5, 2, 861]:4422 692 272 66
[0.02820899328013659, 63, 5, 2, 861]:4424 691 277 61
[0.02820899328013659, 63, 5, 2, 861]:4434 681 263 75
[0.02820899328013659, 63, 5, 2, 861]:4438 676 269 70
[0.02820899328013659, 63, 5, 2, 861]:4414 701 249 89
[0.02820899328013659, 63, 5, 2, 861]:4431 683 279 60
[0.031235755937800293, 49, 5, 4, 2000]:4456 658 281 58
[0.031235755937800293, 49, 5, 4, 2000]:4437 677 274 64
[0.031235755937800293, 49, 5, 4, 2000]:4476 638 284 55
[0.031235755937800293, 49, 5, 4, 2000]:4440 675 255 83
[0.031235755937800293, 49, 5, 4, 2000]:4449 666 270 68
[0.031235755937800293, 49, 5, 4, 2000]:4444 671 266 72
[0.031235755937800293, 49, 5, 4, 2000]:4458 656 271 68
[0.031235755937800293, 49, 5, 4, 2000]:4500 615 266 72
[0.031235755937800293, 49, 5, 4, 2000]:4459 655 281 58
[0.031235755937800293, 49, 5, 4, 2000]:4457 658 282 56
[0.07819751035925555, 5, 5, 10, 1164]:4218 897 206 132
[0.07819751035925555, 5, 5, 10, 1164]:4046 1069 219 119
[0.07819751035925555, 5, 5, 10, 1164]:4204 910 204 135
[0.07819751035925555, 5, 5, 10, 1164]:4111 1004 207 131
[0.07819751035925555, 5, 5, 10, 1164]:4041 1074 230 108
[0.07819751035925555, 5, 5, 10, 1164]:4056 1058 209 129
[0.07819751035925555, 5, 5, 10, 1164]:4167 947 213 126
[0.07819751035925555, 5, 5, 10, 1164]:4189 925 227 112
[0.07819751035925555, 5, 5, 10, 1164]:4190 924 211 128
[0.07819751035925555, 5, 5, 10, 1164]:4149 966 213 125
[0.07844560978792058, 5, 5, 2, 1246]:4070 1045 221 117
[0.07837193801640933, 5, 5, 10, 1240]:4115 1000 209 129
[0.07844560978792058, 5, 5, 2, 1246]:4174 941 214 124
[0.07837193801640933, 5, 5, 10, 1240]:4054 1061 232 106
[0.07837193801640933, 5, 5, 10, 1240]:4057 1057 210 128
[0.07837193801640933, 5, 5, 10, 1240]:4211 903 207 132
[0.07844560978792058, 5, 5, 2, 1246]:4194 920 216 123
[0.07837193801640933, 5, 5, 10, 1240]:4073 1042 220 118
[0.07844560978792058, 5, 5, 2, 1246]:4175 939 208 131
[0.07837193801640933, 5, 5, 10, 1240]:4189 925 214 125
[0.07837193801640933, 5, 5, 10, 1240]:4183 931 227 112
[0.07837193801640933, 5, 5, 10, 1240]:4186 928 217 122
[0.07837193801640933, 5, 5, 10, 1240]:4165 950 218 120
[0.07844560978792058, 5, 5, 2, 1246]:4069 1045 210 128
[0.07844560978792058, 5, 5, 2, 1246]:4227 888 208 130
[0.07844560978792058, 5, 5, 2, 1246]:4179 935 226 113
[0.07844560978792058, 5, 5, 2, 1246]:4117 998 209 129
[0.07837193801640933, 5, 5, 10, 1240]:4217 898 207 131
[0.07844560978792058, 5, 5, 2, 1246]:4053 1062 231 107
[0.07844560978792058, 5, 5, 2, 1246]:4228 886 208 131
[0.012585167972065263, 100, 5, 8, 200]:4309 805 260 79
[0.012585167972065263, 100, 5, 8, 200]:4297 817 268 71
[0.01, 92, 5, 5, 200]:4279 836 254 84
[0.01, 92, 5, 5, 200]:4311 803 271 68
[0.012585167972065263, 100, 5, 8, 200]:4295 820 273 65
[0.01, 92, 5, 5, 200]:4301 814 262 76
[0.01, 92, 5, 5, 200]:4268 847 242 96
[0.01, 92, 5, 5, 200]:4257 858 269 69
[0.012585167972065263, 100, 5, 8, 200]:4319 795 271 68
[0.01, 92, 5, 5, 200]:4285 829 263 76
[0.01, 92, 5, 5, 200]:4296 818 257 82
[0.011935276571797304, 82, 5, 10, 200]:4299 816 271 67
[0.012585167972065263, 100, 5, 8, 200]:4283 831 260 78
[0.01, 92, 5, 5, 200]:4301 814 256 82
[0.012585167972065263, 100, 5, 8, 200]:4314 800 269 70
[0.012585167972065263, 100, 5, 8, 200]:4320 795 246 92
[0.011935276571797304, 82, 5, 10, 200]:4336 779 260 78
[0.01, 92, 5, 5, 200]:4280 834 262 77
[0.012585167972065263, 100, 5, 8, 200]:4333 782 257 81
[0.012585167972065263, 100, 5, 8, 200]:4341 774 254 84
[0.01, 92, 5, 5, 200]:4270 844 258 80
[0.012585167972065263, 100, 5, 8, 200]:4282 833 253 85
[0.011935276571797304, 82, 5, 10, 200]:4297 818 249 89
[0.011935276571797304, 82, 5, 10, 200]:4291 823 266 73
[0.011935276571797304, 82, 5, 10, 200]:4298 817 241 97
[0.011935276571797304, 82, 5, 10, 200]:4311 803 257 82
[0.011935276571797304, 82, 5, 10, 200]:4313 802 258 80
[0.011935276571797304, 82, 5, 10, 200]:4316 798 266 73
[0.011935276571797304, 82, 5, 10, 200]:4274 840 260 78
[0.011935276571797304, 82, 5, 10, 200]:4313 801 264 75
