[0.3988927725570314, 72, 3, 5, 1002]:5088 25 335 4
[0.3988927725570314, 72, 3, 5, 1002]:5091 22 339 1
[0.3988927725570314, 72, 3, 5, 1002]:5087 26 339 1
[0.3988927725570314, 72, 3, 5, 1002]:5084 30 337 2
[0.3988927725570314, 72, 3, 5, 1002]:5092 21 338 2
[0.05347048326813823, 67, 3, 6, 1227]:4687 427 305 34
[0.3988927725570314, 72, 3, 5, 1002]:5094 19 339 1
[0.3988927725570314, 72, 3, 5, 1002]:5092 21 337 3
[0.3988927725570314, 72, 3, 5, 1002]:5091 22 334 6
[0.3988927725570314, 72, 3, 5, 1002]:5087 26 334 6
[0.3988927725570314, 72, 3, 5, 1002]:5089 24 338 2
[0.05347048326813823, 67, 3, 6, 1227]:4736 377 300 40
[0.05347048326813823, 67, 3, 6, 1227]:4756 357 306 34
[0.05347048326813823, 67, 3, 6, 1227]:4711 402 305 35
[0.05347048326813823, 67, 3, 6, 1227]:4738 375 307 33
[0.05347048326813823, 67, 3, 6, 1227]:4717 396 288 51
[0.05347048326813823, 67, 3, 6, 1227]:4769 344 303 37
[0.05347048326813823, 67, 3, 6, 1227]:4768 345 303 37
[0.05347048326813823, 67, 3, 6, 1227]:4731 382 295 45
[0.05347048326813823, 67, 3, 6, 1227]:4738 375 297 43
[0.03850010277573552, 43, 5, 8, 1503]:4468 645 272 67
[0.03850010277573552, 43, 5, 8, 1503]:4518 595 274 66
[0.03850010277573552, 43, 5, 8, 1503]:4521 592 281 59
[0.03850010277573552, 43, 5, 8, 1503]:4486 627 284 56
[0.03850010277573552, 43, 5, 8, 1503]:4502 611 287 53
[0.03850010277573552, 43, 5, 8, 1503]:4517 596 280 60
[0.03850010277573552, 43, 5, 8, 1503]:4513 600 283 57
[0.03850010277573552, 43, 5, 8, 1503]:4516 597 286 54
[0.03850010277573552, 43, 5, 8, 1503]:4497 616 265 75
[0.03850010277573552, 43, 5, 8, 1503]:4461 653 283 56
[0.2758134935867629, 28, 3, 4, 757]:5035 79 335 4
[0.2758134935867629, 28, 3, 4, 757]:5054 59 336 4
[0.2758134935867629, 28, 3, 4, 757]:5051 62 333 7
[0.2758134935867629, 28, 3, 4, 757]:5049 64 332 7
[0.2758134935867629, 28, 3, 4, 757]:5050 63 330 10
[0.2758134935867629, 28, 3, 4, 757]:5054 59 335 5
[0.2758134935867629, 28, 3, 4, 757]:5050 63 329 11
[0.2758134935867629, 28, 3, 4, 757]:5056 57 331 9
[0.2758134935867629, 28, 3, 4, 757]:5051 62 334 6
[0.2758134935867629, 28, 3, 4, 757]:5057 56 336 4
[0.43873124858863155, 20, 3, 8, 954]:5110 3 338 2
[0.43873124858863155, 20, 3, 8, 954]:5104 9 339 1
[0.43873124858863155, 20, 3, 8, 954]:5105 8 337 2
[0.43873124858863155, 20, 3, 8, 954]:5107 6 338 2
[0.43873124858863155, 20, 3, 8, 954]:5109 5 337 2
[0.43873124858863155, 20, 3, 8, 954]:5105 8 337 3
[0.43873124858863155, 20, 3, 8, 954]:5102 11 336 4
[0.43873124858863155, 20, 3, 8, 954]:5108 5 340 0
[0.43873124858863155, 20, 3, 8, 954]:5103 10 339 1
[0.43873124858863155, 20, 3, 8, 954]:5106 7 339 1
[0.6409608944119938, 76, 2, 8, 1990]:5107 6 340 0
[0.6409608944119938, 76, 2, 8, 1990]:5111 2 339 1
[0.6409608944119938, 76, 2, 8, 1990]:5107 6 340 0
[0.6409608944119938, 76, 2, 8, 1990]:5110 4 337 2
[0.6409608944119938, 76, 2, 8, 1990]:5110 3 339 0
[0.6409608944119938, 76, 2, 8, 1990]:5110 3 340 0
[0.6409608944119938, 76, 2, 8, 1990]:5107 6 339 1
[0.6409608944119938, 76, 2, 8, 1990]:5112 1 340 0
[0.6409608944119938, 76, 2, 8, 1990]:5109 4 339 1
[0.6409608944119938, 76, 2, 8, 1990]:5107 6 340 0
[0.012723795361294282, 41, 3, 2, 494]:4629 484 294 46
[0.012723795361294282, 41, 3, 2, 494]:4559 555 293 46
[0.012723795361294282, 41, 3, 2, 494]:4638 475 297 43
[0.012723795361294282, 41, 3, 2, 494]:4573 540 290 50
[0.012723795361294282, 41, 3, 2, 494]:4622 491 292 48
[0.012723795361294282, 41, 3, 2, 494]:4597 516 286 54
[0.012723795361294282, 41, 3, 2, 494]:4599 514 280 60
[0.012723795361294282, 41, 3, 2, 494]:4633 480 293 47
[0.012723795361294282, 41, 3, 2, 494]:4591 522 279 60
[0.012723795361294282, 41, 3, 2, 494]:4621 492 293 47
[0.2596575060900687, 17, 3, 3, 857]:5082 31 330 10
[0.2596575060900687, 17, 3, 3, 857]:5082 31 333 7
[0.2596575060900687, 17, 3, 3, 857]:5082 31 336 4
[0.2596575060900687, 17, 3, 3, 857]:5083 30 337 3
[0.2596575060900687, 17, 3, 3, 857]:5070 44 336 3
[0.2596575060900687, 17, 3, 3, 857]:5080 33 334 5
[0.2596575060900687, 17, 3, 3, 857]:5076 37 331 9
[0.2596575060900687, 17, 3, 3, 857]:5084 29 339 1
[0.2596575060900687, 17, 3, 3, 857]:5077 36 336 4
[0.2596575060900687, 17, 3, 3, 857]:5083 30 331 9
[0.3137531490796059, 67, 4, 9, 1542]:5080 34 337 2
[0.3137531490796059, 67, 4, 9, 1542]:5086 27 338 2
[0.3137531490796059, 67, 4, 9, 1542]:5083 30 337 3
[0.3137531490796059, 67, 4, 9, 1542]:5092 21 333 7
[0.3137531490796059, 67, 4, 9, 1542]:5084 29 335 4
[0.3137531490796059, 67, 4, 9, 1542]:5085 28 331 9
[0.3137531490796059, 67, 4, 9, 1542]:5077 36 336 4
[0.3137531490796059, 67, 4, 9, 1542]:5085 28 336 4
[0.3137531490796059, 67, 4, 9, 1542]:5093 20 337 3
[0.3137531490796059, 67, 4, 9, 1542]:5083 30 331 9
[0.02378011531915582, 5, 1, 10, 200]:17 5096 0 339
[0.02378011531915582, 5, 1, 10, 200]:36 5077 0 340
[0.02378011531915582, 5, 1, 10, 200]:51 5062 2 338
[0.02378011531915582, 5, 1, 10, 200]:35 5078 1 339
[0.02378011531915582, 5, 1, 10, 200]:56 5058 2 337
[0.02378011531915582, 5, 1, 10, 200]:46 5067 1 339
[0.02378011531915582, 5, 1, 10, 200]:23 5090 0 340
[0.02378011531915582, 5, 1, 10, 200]:32 5081 1 339
[0.02378011531915582, 5, 1, 10, 200]:78 5035 4 336
[0.02378011531915582, 5, 1, 10, 200]:51 5062 2 338
[0.04161263654938372, 9, 2, 9, 1379]:2179 2934 109 231
[0.04161263654938372, 9, 2, 9, 1379]:2093 3021 106 233
[0.04161263654938372, 9, 2, 9, 1379]:2143 2970 99 240
[0.04161263654938372, 9, 2, 9, 1379]:2061 3052 82 258
[0.04161263654938372, 9, 2, 9, 1379]:2106 3007 74 266
[0.04161263654938372, 9, 2, 9, 1379]:2091 3022 87 253
[0.04161263654938372, 9, 2, 9, 1379]:2185 2928 91 249
[0.04161263654938372, 9, 2, 9, 1379]:2190 2923 97 243
[0.04161263654938372, 9, 2, 9, 1379]:2148 2965 101 239
[0.04161263654938372, 9, 2, 9, 1379]:2053 3060 92 248
[0.025645649933671293, 100, 5, 2, 2000]:4395 718 257 83
[0.025645649933671293, 100, 5, 2, 2000]:4412 701 280 60
[0.025645649933671293, 100, 5, 2, 2000]:4413 700 270 70
[0.025645649933671293, 100, 5, 2, 2000]:4361 753 275 64
[0.025645649933671293, 100, 5, 2, 2000]:4432 681 275 65
[0.025645649933671293, 100, 5, 2, 2000]:4417 696 275 65
[0.025645649933671293, 100, 5, 2, 2000]:4413 700 273 67
[0.025645649933671293, 100, 5, 2, 2000]:4397 716 276 64
[0.025645649933671293, 100, 5, 2, 2000]:4430 683 272 68
[0.025645649933671293, 100, 5, 2, 2000]:4359 754 268 71
[0.01000244219577593, 67, 3, 10, 280]:4454 660 283 56
[0.01000244219577593, 67, 3, 10, 280]:4499 614 282 58
[0.01000244219577593, 67, 3, 10, 280]:4498 615 282 58
[0.01000244219577593, 67, 3, 10, 280]:4519 594 281 59
[0.01000244219577593, 67, 3, 10, 280]:4500 613 283 57
[0.01000244219577593, 67, 3, 10, 280]:4484 629 266 74
[0.01000244219577593, 67, 3, 10, 280]:4426 687 274 65
[0.01000244219577593, 67, 3, 10, 280]:4467 646 277 63
[0.01000244219577593, 67, 3, 10, 280]:4472 641 280 60
[0.01000244219577593, 67, 3, 10, 280]:4495 618 283 57
[0.01, 5, 1, 10, 2000]:2 5111 1 338
[0.01, 5, 1, 10, 2000]:6 5107 0 340
[0.01, 5, 1, 10, 2000]:3 5111 0 339
[0.01, 5, 1, 10, 2000]:0 5113 0 340
[0.01, 5, 1, 10, 2000]:2 5111 0 340
[0.01, 5, 1, 10, 2000]:2 5111 2 338
[0.01, 5, 1, 10, 2000]:3 5110 0 340
[0.01, 5, 1, 10, 2000]:5 5108 1 339
[0.01, 5, 1, 10, 2000]:8 5105 1 339
[0.01, 5, 1, 10, 2000]:3 5110 0 340
[0.01, 100, 5, 10, 2000]:4274 839 255 85
[0.01, 100, 5, 10, 2000]:4257 856 244 96
[0.01, 100, 5, 10, 2000]:4286 827 260 80
[0.01, 100, 5, 10, 2000]:4308 805 267 73
[0.01, 100, 5, 10, 2000]:4226 888 265 74
[0.01, 100, 5, 10, 2000]:4226 887 260 79
[0.01, 100, 5, 10, 2000]:4306 807 266 74
[0.01, 100, 5, 10, 2000]:4291 822 273 67
[0.01, 100, 5, 10, 2000]:4312 801 264 76
[0.01, 100, 5, 10, 2000]:4254 859 262 78
[0.021583993781153988, 5, 1, 10, 2000]:8 5105 0 340
[0.021583993781153988, 5, 1, 10, 2000]:13 5100 2 338
[0.021583993781153988, 5, 1, 10, 2000]:12 5101 1 339
[0.021583993781153988, 5, 1, 10, 2000]:5 5108 0 339
[0.021583993781153988, 5, 1, 10, 2000]:15 5098 0 340
[0.021583993781153988, 5, 1, 10, 2000]:23 5090 2 338
[0.021583993781153988, 5, 1, 10, 2000]:15 5099 1 338
[0.021583993781153988, 5, 1, 10, 2000]:24 5089 3 337
[0.021583993781153988, 5, 1, 10, 2000]:9 5104 1 339
[0.021583993781153988, 5, 1, 10, 2000]:6 5107 0 340
[0.024259938470718268, 100, 5, 10, 2000]:4395 718 258 82
[0.024259938470718268, 100, 5, 10, 2000]:4391 722 273 67
[0.024259938470718268, 100, 5, 10, 2000]:4409 704 282 58
[0.024259938470718268, 100, 5, 10, 2000]:4420 693 271 69
[0.024259938470718268, 100, 5, 10, 2000]:4341 773 276 63
[0.024259938470718268, 100, 5, 10, 2000]:4415 698 272 68
[0.024259938470718268, 100, 5, 10, 2000]:4352 761 266 73
[0.024259938470718268, 100, 5, 10, 2000]:4375 738 275 65
[0.024259938470718268, 100, 5, 10, 2000]:4404 709 269 71
[0.02319294285021704, 100, 1, 10, 2000]:4702 411 295 45
[0.024259938470718268, 100, 5, 10, 2000]:4436 677 274 66
[0.02319294285021704, 100, 1, 10, 2000]:4723 390 297 43
[0.02319294285021704, 100, 1, 10, 2000]:4712 401 302 38
[0.02319294285021704, 100, 1, 10, 2000]:4673 440 296 44
[0.02319294285021704, 100, 1, 10, 2000]:4718 395 292 48
[0.02319294285021704, 100, 1, 10, 2000]:4745 368 296 44
[0.02319294285021704, 100, 1, 10, 2000]:4690 423 293 47
[0.02319294285021704, 100, 1, 10, 2000]:4651 463 297 42
[0.02319294285021704, 100, 1, 10, 2000]:4685 428 288 51
[0.02319294285021704, 100, 1, 10, 2000]:4713 400 298 42
[0.04265955177699469, 5, 1, 2, 1426]:1388 3725 39 301
[0.04265955177699469, 5, 1, 2, 1426]:1448 3665 52 288
[0.04265955177699469, 5, 1, 2, 1426]:1441 3672 52 288
[0.04265955177699469, 5, 1, 2, 1426]:1472 3641 46 294
[0.04265955177699469, 5, 1, 2, 1426]:1413 3701 53 286
[0.04265955177699469, 5, 1, 2, 1426]:1475 3638 54 286
[0.04265955177699469, 5, 1, 2, 1426]:1395 3718 45 295
[0.04265955177699469, 5, 1, 2, 1426]:1428 3685 38 302
[0.04265955177699469, 5, 1, 2, 1426]:1455 3658 43 297
[0.04265955177699469, 5, 1, 2, 1426]:1388 3725 48 291
[0.03667297341377762, 5, 1, 10, 2000]:1118 3995 43 297
[0.03667297341377762, 5, 1, 10, 2000]:1260 3853 43 297
[0.03667297341377762, 5, 1, 10, 2000]:1259 3854 46 294
[0.03667297341377762, 5, 1, 10, 2000]:1169 3944 34 306
[0.03667297341377762, 5, 1, 10, 2000]:1191 3923 44 295
[0.03667297341377762, 5, 1, 10, 2000]:1193 3920 39 300
[0.03667297341377762, 5, 1, 10, 2000]:1152 3961 30 310
[0.03667297341377762, 5, 1, 10, 2000]:1110 4003 27 313
[0.03667297341377762, 5, 1, 10, 2000]:1213 3900 37 303
[0.03667297341377762, 5, 1, 10, 2000]:1195 3918 34 306
[0.038783932987415747, 99, 1, 10, 1232]:4741 372 299 41
[0.038783932987415747, 99, 1, 10, 1232]:4694 420 300 39
[0.038783932987415747, 99, 1, 10, 1232]:4738 375 296 44
[0.038783932987415747, 99, 1, 10, 1232]:4730 383 295 45
[0.038783932987415747, 99, 1, 10, 1232]:4762 351 301 39
[0.038783932987415747, 99, 1, 10, 1232]:4745 368 298 42
[0.038783932987415747, 99, 1, 10, 1232]:4774 339 298 42
[0.038783932987415747, 99, 1, 10, 1232]:4741 372 302 38
[0.038783932987415747, 99, 1, 10, 1232]:4694 419 300 40
[0.038783932987415747, 99, 1, 10, 1232]:4729 384 293 46
[0.04071329761386036, 5, 5, 2, 200]:1415 3698 51 289
[0.04071329761386036, 5, 5, 2, 200]:1356 3757 37 303
[0.04071329761386036, 5, 5, 2, 200]:1342 3771 37 303
[0.04071329761386036, 5, 5, 2, 200]:1406 3707 38 302
[0.04071329761386036, 5, 5, 2, 200]:1356 3757 47 293
[0.04071329761386036, 5, 5, 2, 200]:1346 3768 50 289
[0.04071329761386036, 5, 5, 2, 200]:1361 3752 48 291
[0.04071329761386036, 5, 5, 2, 200]:1414 3699 41 299
[0.04071329761386036, 5, 5, 2, 200]:1361 3752 43 297
[0.04071329761386036, 5, 5, 2, 200]:1388 3725 48 292
[0.048962557216822564, 5, 5, 10, 2000]:1772 3341 65 275
[0.048962557216822564, 5, 5, 10, 2000]:1733 3380 63 277
[0.048962557216822564, 5, 5, 10, 2000]:1711 3402 53 287
[0.048962557216822564, 5, 5, 10, 2000]:1835 3278 69 271
[0.048962557216822564, 5, 5, 10, 2000]:1768 3345 53 287
[0.048962557216822564, 5, 5, 10, 2000]:1801 3312 70 270
[0.048962557216822564, 5, 5, 10, 2000]:1707 3406 61 279
[0.048962557216822564, 5, 5, 10, 2000]:1761 3352 55 285
[0.048962557216822564, 5, 5, 10, 2000]:1727 3386 68 271
[0.048962557216822564, 5, 5, 10, 2000]:1769 3345 73 266
[0.04820824109675244, 18, 5, 2, 2000]:4505 608 282 58
[0.04820824109675244, 18, 5, 2, 2000]:4436 678 282 57
[0.04820824109675244, 18, 5, 2, 2000]:4468 645 275 64
[0.04820824109675244, 18, 5, 2, 2000]:4499 614 280 60
[0.04820824109675244, 18, 5, 2, 2000]:4511 602 278 62
[0.04820824109675244, 18, 5, 2, 2000]:4516 597 279 61
[0.04820824109675244, 18, 5, 2, 2000]:4506 607 278 62
[0.04820824109675244, 18, 5, 2, 2000]:4492 621 265 75
[0.04820824109675244, 18, 5, 2, 2000]:4485 628 286 54
[0.04820824109675244, 18, 5, 2, 2000]:4497 616 279 61
[0.05596222483696975, 5, 1, 10, 200]:2575 2538 95 245
[0.05596222483696975, 5, 1, 10, 200]:2735 2378 111 229
[0.05596222483696975, 5, 1, 10, 200]:2956 2157 148 192
[0.05596222483696975, 5, 1, 10, 200]:3004 2109 139 201
[0.05596222483696975, 5, 1, 10, 200]:2812 2301 118 221
[0.05596222483696975, 5, 1, 10, 200]:2744 2369 114 226
[0.05596222483696975, 5, 1, 10, 200]:2825 2288 118 222
[0.05596222483696975, 5, 1, 10, 200]:3027 2086 142 198
[0.05596222483696975, 5, 1, 10, 200]:2727 2387 123 216
[0.05596222483696975, 5, 1, 10, 200]:2806 2307 128 212
[0.07037299136993382, 5, 1, 8, 400]:3700 1413 173 167
[0.07037299136993382, 5, 1, 8, 400]:3788 1325 175 165
[0.07037299136993382, 5, 1, 8, 400]:3647 1466 173 167
[0.07037299136993382, 5, 1, 8, 400]:3719 1394 167 173
[0.07037299136993382, 5, 1, 8, 400]:3803 1310 189 151
[0.07037299136993382, 5, 1, 8, 400]:3691 1422 176 163
[0.07037299136993382, 5, 1, 8, 400]:3714 1399 206 134
[0.07037299136993382, 5, 1, 8, 400]:3713 1401 196 143
[0.07037299136993382, 5, 1, 8, 400]:3678 1435 188 152
[0.07037299136993382, 5, 1, 8, 400]:3670 1443 183 157
[0.01, 84, 5, 2, 2000]:4300 813 269 71
[0.01, 84, 5, 2, 2000]:4277 836 260 80
[0.01, 84, 5, 2, 2000]:4224 889 255 84
[0.01, 84, 5, 2, 2000]:4250 863 246 94
[0.01, 84, 5, 2, 2000]:4208 906 264 75
[0.01, 84, 5, 2, 2000]:4326 787 263 77
[0.01, 84, 5, 2, 2000]:4309 804 265 75
[0.01, 84, 5, 2, 2000]:4257 856 258 82
[0.01, 84, 5, 2, 2000]:4292 821 259 81
[0.01, 84, 5, 2, 2000]:4290 823 275 65
[0.08826643324371561, 5, 1, 10, 200]:4571 543 279 60
[0.08826643324371561, 5, 1, 10, 200]:4509 604 269 71
[0.08826643324371561, 5, 1, 10, 200]:4695 418 276 64
[0.08826643324371561, 5, 1, 10, 200]:4611 502 266 74
[0.08826643324371561, 5, 1, 10, 200]:4626 487 261 79
[0.08826643324371561, 5, 1, 10, 200]:4667 446 267 73
[0.08826643324371561, 5, 1, 10, 200]:4705 408 270 70
[0.08826643324371561, 5, 1, 10, 200]:4575 538 255 85
[0.08826643324371561, 5, 1, 10, 200]:4657 456 266 73
[0.08826643324371561, 5, 1, 10, 200]:4434 679 240 100
[0.08572511698183057, 5, 5, 10, 424]:4498 615 255 84
[0.08572511698183057, 5, 5, 10, 424]:4334 779 239 101
[0.08572511698183057, 5, 5, 10, 424]:4583 530 257 83
[0.08572511698183057, 5, 5, 10, 424]:4413 701 262 77
[0.08572511698183057, 5, 5, 10, 424]:4371 742 254 86
[0.08572511698183057, 5, 5, 10, 424]:4563 550 257 83
[0.08572511698183057, 5, 5, 10, 424]:4489 624 254 86
[0.08572511698183057, 5, 5, 10, 424]:4423 690 246 94
[0.08572511698183057, 5, 5, 10, 424]:4527 586 255 85
[0.08572511698183057, 5, 5, 10, 424]:4549 564 248 92
[0.08055018300324804, 5, 1, 10, 2000]:4240 873 217 123
[0.08055018300324804, 5, 1, 10, 2000]:4132 981 212 127
[0.08055018300324804, 5, 1, 10, 2000]:4063 1050 236 104
[0.08055018300324804, 5, 1, 10, 2000]:4264 849 219 121
[0.08055018300324804, 5, 1, 10, 2000]:4130 983 214 126
[0.08055018300324804, 5, 1, 10, 2000]:4144 969 219 121
[0.08055018300324804, 5, 1, 10, 2000]:4116 997 208 132
[0.08055018300324804, 5, 1, 10, 2000]:4105 1009 233 106
[0.08055018300324804, 5, 1, 10, 2000]:4185 928 223 117
[0.08055018300324804, 5, 1, 10, 2000]:4122 991 214 126
[0.10933613425188607, 100, 1, 10, 220]:4872 241 319 21
[0.10933613425188607, 100, 1, 10, 220]:4853 260 316 24
[0.10933613425188607, 100, 1, 10, 220]:4864 249 318 22
[0.10933613425188607, 100, 1, 10, 220]:4889 224 319 21
[0.10933613425188607, 100, 1, 10, 220]:4887 226 310 30
[0.10933613425188607, 100, 1, 10, 220]:4863 250 306 33
[0.10933613425188607, 100, 1, 10, 220]:4881 232 309 31
[0.10933613425188607, 100, 1, 10, 220]:4895 218 314 26
[0.10933613425188607, 100, 1, 10, 220]:4837 277 316 23
[0.10933613425188607, 100, 1, 10, 220]:4885 228 312 28
[0.09180292254587691, 100, 1, 10, 669]:4874 239 311 29
[0.09180292254587691, 100, 1, 10, 669]:4857 256 317 23
[0.09180292254587691, 100, 1, 10, 669]:4862 251 313 27
[0.09180292254587691, 100, 1, 10, 669]:4859 254 307 33
[0.09180292254587691, 100, 1, 10, 669]:4806 308 311 28
[0.09180292254587691, 100, 1, 10, 669]:4864 249 309 31
[0.09180292254587691, 100, 1, 10, 669]:4835 278 304 35
[0.09180292254587691, 100, 1, 10, 669]:4815 298 310 30
[0.09180292254587691, 100, 1, 10, 669]:4826 287 312 28
[0.09180292254587691, 100, 1, 10, 669]:4846 267 307 33
[0.09669532534529343, 63, 1, 10, 1832]:4869 244 309 31
[0.09669532534529343, 63, 1, 10, 1832]:4841 272 316 24
[0.09669532534529343, 63, 1, 10, 1832]:4813 301 315 24
[0.09669532534529343, 63, 1, 10, 1832]:4863 250 318 22
[0.09669532534529343, 63, 1, 10, 1832]:4821 292 313 27
[0.09669532534529343, 63, 1, 10, 1832]:4858 255 306 34
[0.09669532534529343, 63, 1, 10, 1832]:4838 275 305 34
[0.09669532534529343, 63, 1, 10, 1832]:4859 254 313 27
[0.09669532534529343, 63, 1, 10, 1832]:4882 231 314 26
[0.09669532534529343, 63, 1, 10, 1832]:4856 257 306 34
[0.9815008059453413, 8, 4, 5, 1440]:5113 0 340 0
[0.9815008059453413, 8, 4, 5, 1440]:5113 0 340 0
[0.9815008059453413, 8, 4, 5, 1440]:5113 0 340 0
[0.9815008059453413, 8, 4, 5, 1440]:5113 0 340 0
[0.9815008059453413, 8, 4, 5, 1440]:5113 0 340 0
[0.9815008059453413, 8, 4, 5, 1440]:5114 0 339 0
[0.9815008059453413, 8, 4, 5, 1440]:5113 0 340 0
[0.99, 5, 1, 2, 200]:5114 0 339 0
[0.99, 5, 1, 2, 200]:5112 1 340 0
[0.99, 5, 1, 2, 200]:5113 0 340 0
[0.99, 5, 1, 2, 200]:5113 0 340 0
[0.99, 5, 1, 2, 200]:5113 0 340 0
[0.99, 5, 1, 2, 200]:5113 0 340 0
[0.99, 5, 1, 2, 200]:5113 0 340 0
[0.99, 5, 1, 2, 200]:5113 0 340 0
[0.99, 5, 1, 2, 200]:5113 0 339 0
[0.99, 5, 1, 2, 200]:5113 0 340 0
[0.44474235064519924, 5, 5, 10, 1056]:5113 0 340 0
[0.44474235064519924, 5, 5, 10, 1056]:5113 0 340 0
[0.44474235064519924, 5, 5, 10, 1056]:5114 0 339 0
[0.44474235064519924, 5, 5, 10, 1056]:5113 0 340 0
[0.44474235064519924, 5, 5, 10, 1056]:5113 0 340 0
[0.44474235064519924, 5, 5, 10, 1056]:5113 0 340 0
[0.44474235064519924, 5, 5, 10, 1056]:5113 0 339 0
[0.44474235064519924, 5, 5, 10, 1056]:5113 0 340 0
[0.44474235064519924, 5, 5, 10, 1056]:5113 0 340 0
[0.44474235064519924, 5, 5, 10, 1056]:5113 0 340 0
[0.9815008059453413, 8, 4, 5, 1440]:5113 0 340 0
[0.9815008059453413, 8, 4, 5, 1440]:5113 0 340 0
[0.9815008059453413, 8, 4, 5, 1440]:5113 0 339 0
[0.10284266115728097, 5, 1, 10, 200]:4882 231 293 47
[0.10284266115728097, 5, 1, 10, 200]:4826 288 304 35
[0.10284266115728097, 5, 1, 10, 200]:4873 240 292 48
[0.10284266115728097, 5, 1, 10, 200]:4883 230 288 52
[0.10284266115728097, 5, 1, 10, 200]:4863 250 297 43
[0.10284266115728097, 5, 1, 10, 200]:4863 250 296 43
[0.10284266115728097, 5, 1, 10, 200]:4893 220 289 51
[0.10284266115728097, 5, 1, 10, 200]:4864 249 299 41
[0.10284266115728097, 5, 1, 10, 200]:4881 232 287 53
[0.10284266115728097, 5, 1, 10, 200]:4892 221 279 61
[0.12034930653391182, 5, 3, 4, 1175]:4986 127 310 30
[0.12034930653391182, 5, 3, 4, 1175]:4966 147 301 39
[0.12034930653391182, 5, 3, 4, 1175]:4962 151 306 34
[0.12034930653391182, 5, 3, 4, 1175]:4963 150 309 30
[0.12034930653391182, 5, 3, 4, 1175]:4985 128 301 39
[0.12034930653391182, 5, 3, 4, 1175]:4986 127 315 25
[0.12034930653391182, 5, 3, 4, 1175]:4970 143 301 39
[0.12034930653391182, 5, 3, 4, 1175]:4934 180 313 26
[0.12034930653391182, 5, 3, 4, 1175]:4969 144 311 29
[0.12034930653391182, 5, 3, 4, 1175]:4972 141 305 35
[0.1025875250031893, 5, 1, 2, 2000]:4887 226 293 47
[0.1025875250031893, 5, 1, 2, 2000]:4857 256 298 42
[0.1025875250031893, 5, 1, 2, 2000]:4887 226 278 62
[0.1025875250031893, 5, 1, 2, 2000]:4874 239 286 54
[0.1025875250031893, 5, 1, 2, 2000]:4864 249 296 44
[0.1025875250031893, 5, 1, 2, 2000]:4910 203 293 47
[0.1025875250031893, 5, 1, 2, 2000]:4868 245 293 47
[0.1025875250031893, 5, 1, 2, 2000]:4888 225 289 51
[0.1025875250031893, 5, 1, 2, 2000]:4863 250 297 42
[0.1025875250031893, 5, 1, 2, 2000]:4823 291 305 34
[0.024827999398846237, 70, 5, 10, 200]:4413 700 283 57
[0.024827999398846237, 70, 5, 10, 200]:4409 704 274 66
[0.024827999398846237, 70, 5, 10, 200]:4372 742 276 63
[0.024827999398846237, 70, 5, 10, 200]:4415 698 269 71
[0.024827999398846237, 70, 5, 10, 200]:4363 750 261 78
[0.024827999398846237, 70, 5, 10, 200]:4388 725 270 70
[0.024827999398846237, 70, 5, 10, 200]:4392 721 266 74
[0.024827999398846237, 70, 5, 10, 200]:4375 738 252 88
[0.024827999398846237, 70, 5, 10, 200]:4393 720 272 68
[0.024827999398846237, 70, 5, 10, 200]:4440 673 274 66
[0.020772114954442446, 67, 5, 10, 1433]:4378 735 280 60
[0.020772114954442446, 67, 5, 10, 1433]:4345 768 275 65
[0.024119668108768165, 60, 5, 5, 1443]:4343 770 268 71
[0.024119668108768165, 60, 5, 5, 1443]:4406 707 280 60
[0.020772114954442446, 67, 5, 10, 1433]:4364 749 265 75
[0.020772114954442446, 67, 5, 10, 1433]:4399 714 271 69
[0.024119668108768165, 60, 5, 5, 1443]:4408 705 270 70
[0.024119668108768165, 60, 5, 5, 1443]:4394 719 270 70
[0.024119668108768165, 60, 5, 5, 1443]:4397 716 275 65
[0.020772114954442446, 67, 5, 10, 1433]:4321 793 271 68
[0.024119668108768165, 60, 5, 5, 1443]:4347 767 275 64
[0.024119668108768165, 60, 5, 5, 1443]:4404 709 273 67
[0.024119668108768165, 60, 5, 5, 1443]:4387 726 260 80
[0.024119668108768165, 60, 5, 5, 1443]:4380 733 276 64
[0.020772114954442446, 67, 5, 10, 1433]:4394 719 273 67
[0.020772114954442446, 67, 5, 10, 1433]:4360 753 256 84
[0.020772114954442446, 67, 5, 10, 1433]:4375 738 270 70
[0.024119668108768165, 60, 5, 5, 1443]:4424 689 271 69
[0.020772114954442446, 67, 5, 10, 1433]:4399 714 269 71
[0.020772114954442446, 67, 5, 10, 1433]:4319 794 266 73
[0.07743119205189841, 5, 1, 10, 200]:3965 1148 203 137
[0.07743119205189841, 5, 1, 10, 200]:3989 1124 198 142
[0.07743119205189841, 5, 1, 10, 200]:3944 1170 219 120
[0.07743119205189841, 5, 1, 10, 200]:3942 1171 229 111
[0.07743119205189841, 5, 1, 10, 200]:4076 1037 215 125
[0.07743119205189841, 5, 1, 10, 200]:3984 1129 205 135
[0.07743119205189841, 5, 1, 10, 200]:4075 1038 196 144
[0.07743119205189841, 5, 1, 10, 200]:3995 1118 206 133
[0.07743119205189841, 5, 1, 10, 200]:3998 1115 206 134
[0.07743119205189841, 5, 1, 10, 200]:4092 1021 205 135
[0.0774301789668285, 5, 1, 10, 1863]:4083 1030 192 148
[0.0774301789668285, 5, 1, 10, 1863]:3993 1120 209 131
[0.0774301789668285, 5, 1, 10, 1863]:3984 1129 229 111
[0.0774301789668285, 5, 1, 10, 1863]:4007 1106 209 131
[0.0774301789668285, 5, 1, 10, 1863]:4003 1110 205 135
[0.0774301789668285, 5, 1, 10, 1863]:4091 1022 215 125
[0.0774301789668285, 5, 1, 10, 1863]:4099 1014 208 132
[0.0774301789668285, 5, 1, 10, 1863]:4007 1106 199 141
[0.0774301789668285, 5, 1, 10, 1863]:3963 1151 221 118
[0.0774301789668285, 5, 1, 10, 1863]:3977 1136 204 135
[0.07746193055266834, 5, 1, 10, 2000]:4069 1044 191 149
[0.07746193055266834, 5, 1, 10, 2000]:4000 1113 198 142
[0.07746193055266834, 5, 1, 10, 2000]:4084 1029 215 125
[0.07746193055266834, 5, 1, 10, 2000]:4001 1112 203 137
[0.07746193055266834, 5, 1, 10, 2000]:4102 1011 207 133
[0.07746193055266834, 5, 1, 10, 2000]:3982 1131 206 134
[0.07746193055266834, 5, 1, 10, 2000]:3977 1136 229 111
[0.07746193055266834, 5, 1, 10, 2000]:3965 1148 205 135
[0.07746193055266834, 5, 1, 10, 2000]:3958 1156 221 118
[0.07746193055266834, 5, 1, 10, 2000]:3979 1134 204 135
[0.013507692588794635, 100, 5, 2, 200]:4310 803 262 78
[0.013507692588794635, 100, 5, 2, 200]:4326 787 264 76
[0.013507692588794635, 100, 5, 2, 200]:4285 828 249 91
[0.013507692588794635, 100, 5, 2, 200]:4335 778 265 75
[0.013507692588794635, 100, 5, 2, 200]:4269 844 256 83
[0.013507692588794635, 100, 5, 2, 200]:4239 875 268 71
[0.013507692588794635, 100, 5, 2, 200]:4348 765 267 73
[0.013507692588794635, 100, 5, 2, 200]:4288 825 265 75
[0.013507692588794635, 100, 5, 2, 200]:4303 810 277 63
[0.013507692588794635, 100, 5, 2, 200]:4346 767 260 80
[0.013647431342169372, 100, 1, 7, 1411]:4787 326 304 36
[0.013647431342169372, 100, 1, 7, 1411]:4735 379 308 31
[0.014797896831462095, 98, 5, 5, 1544]:4255 859 269 70
[0.013647431342169372, 100, 1, 7, 1411]:4807 306 301 39
[0.014797896831462095, 98, 5, 5, 1544]:4345 768 269 71
[0.013647431342169372, 100, 1, 7, 1411]:4750 363 303 37
[0.013647431342169372, 100, 1, 7, 1411]:4821 292 307 33
[0.013647431342169372, 100, 1, 7, 1411]:4788 325 311 29
[0.013647431342169372, 100, 1, 7, 1411]:4785 328 309 31
[0.014797896831462095, 98, 5, 5, 1544]:4343 770 268 72
[0.013647431342169372, 100, 1, 7, 1411]:4768 345 298 41
[0.013647431342169372, 100, 1, 7, 1411]:4779 334 303 37
[0.014797896831462095, 98, 5, 5, 1544]:4329 784 275 65
[0.014797896831462095, 98, 5, 5, 1544]:4304 809 250 90
[0.013647431342169372, 100, 1, 7, 1411]:4744 369 304 36
[0.014797896831462095, 98, 5, 5, 1544]:4299 814 262 78
[0.014797896831462095, 98, 5, 5, 1544]:4315 798 264 76
[0.014797896831462095, 98, 5, 5, 1544]:4365 748 265 75
[0.014797896831462095, 98, 5, 5, 1544]:4336 777 263 77
[0.014797896831462095, 98, 5, 5, 1544]:4272 841 260 79
[0.013226994403195034, 5, 5, 10, 309]:2 5111 1 339
[0.013226994403195034, 5, 5, 10, 309]:5 5108 1 339
[0.013226994403195034, 5, 5, 10, 309]:1 5112 0 340
[0.013226994403195034, 5, 5, 10, 309]:3 5111 0 339
[0.013226994403195034, 5, 5, 10, 309]:15 5098 1 339
[0.013226994403195034, 5, 5, 10, 309]:2 5111 0 340
[0.013226994403195034, 5, 5, 10, 309]:3 5110 0 340
[0.013226994403195034, 5, 5, 10, 309]:1 5112 0 340
[0.013226994403195034, 5, 5, 10, 309]:2 5111 0 339
[0.013226994403195034, 5, 5, 10, 309]:6 5107 0 340
[0.010100092101509537, 7, 5, 3, 948]:48 5065 2 338
[0.010100092101509537, 7, 5, 3, 948]:57 5056 4 336
[0.010100092101509537, 7, 5, 3, 948]:43 5071 3 336
[0.010100092101509537, 7, 5, 3, 948]:42 5071 2 338
[0.010100092101509537, 7, 5, 3, 948]:30 5083 3 337
[0.010100092101509537, 7, 5, 3, 948]:38 5075 1 339
[0.010100092101509537, 7, 5, 3, 948]:46 5067 6 334
[0.010100092101509537, 7, 5, 3, 948]:34 5079 1 338
[0.010100092101509537, 7, 5, 3, 948]:46 5067 3 337
[0.010100092101509537, 7, 5, 3, 948]:31 5082 1 339
[0.019615718428614124, 5, 5, 9, 1433]:17 5096 2 338
[0.019615718428614124, 5, 5, 9, 1433]:11 5102 0 340
[0.019615718428614124, 5, 5, 9, 1433]:4 5109 1 339
[0.019615718428614124, 5, 5, 9, 1433]:7 5106 1 339
[0.019615718428614124, 5, 5, 9, 1433]:4 5109 0 340
[0.019615718428614124, 5, 5, 9, 1433]:21 5092 2 338
[0.019615718428614124, 5, 5, 9, 1433]:6 5107 1 339
[0.019615718428614124, 5, 5, 9, 1433]:4 5109 0 339
[0.019615718428614124, 5, 5, 9, 1433]:4 5109 0 340
[0.019615718428614124, 5, 5, 9, 1433]:12 5102 1 338
[0.07794132330558112, 5, 3, 10, 2000]:4116 997 198 142
[0.07799543412833579, 5, 3, 10, 2000]:4119 994 210 130
[0.07794132330558112, 5, 3, 10, 2000]:3989 1124 231 109
[0.07794132330558112, 5, 3, 10, 2000]:4019 1094 205 135
[0.07794132330558112, 5, 3, 10, 2000]:4001 1112 202 137
[0.07794132330558112, 5, 3, 10, 2000]:4021 1092 206 134
[0.07794132330558112, 5, 3, 10, 2000]:4007 1106 200 140
[0.07794132330558112, 5, 3, 10, 2000]:4003 1110 210 130
[0.07799543412833579, 5, 3, 10, 2000]:4003 1110 209 131
[0.07794132330558112, 5, 3, 10, 2000]:4091 1022 215 125
[0.07799543412833579, 5, 3, 10, 2000]:3988 1125 230 110
[0.07794132330558112, 5, 3, 10, 2000]:3973 1141 222 117
[0.07799543412833579, 5, 3, 10, 2000]:4009 1104 208 132
[0.07799543412833579, 5, 3, 10, 2000]:3957 1157 222 117
[0.07799543412833579, 5, 3, 10, 2000]:4008 1105 204 135
[0.07799543412833579, 5, 3, 10, 2000]:4022 1091 205 135
[0.07799543412833579, 5, 3, 10, 2000]:4114 999 199 141
[0.07799543412833579, 5, 3, 10, 2000]:4016 1097 200 140
[0.07794132330558112, 5, 3, 10, 2000]:4105 1008 209 131
[0.07799543412833579, 5, 3, 10, 2000]:4092 1021 215 125
[0.06194499616223329, 100, 5, 9, 1556]:4669 444 297 43
[0.06194499616223329, 100, 5, 9, 1556]:4662 451 288 52
[0.06194499616223329, 100, 5, 9, 1556]:4609 505 300 39
[0.06194499616223329, 100, 5, 9, 1556]:4677 436 297 43
[0.06194499616223329, 100, 5, 9, 1556]:4669 444 288 52
[0.06194499616223329, 100, 5, 9, 1556]:4650 463 287 52
[0.06194499616223329, 100, 5, 9, 1556]:4637 476 296 44
[0.06194499616223329, 100, 5, 9, 1556]:4653 460 279 61
[0.06194499616223329, 100, 5, 9, 1556]:4648 465 293 47
[0.06194499616223329, 100, 5, 9, 1556]:4669 444 291 49
[0.0783460268292209, 5, 2, 10, 200]:4015 1098 211 129
[0.07829608613802999, 5, 2, 10, 200]:4182 931 210 130
[0.07829608613802999, 5, 2, 10, 200]:4008 1105 231 109
[0.07829608613802999, 5, 2, 10, 200]:4026 1087 204 135
[0.07829608613802999, 5, 2, 10, 200]:4017 1096 211 129
[0.07829608613802999, 5, 2, 10, 200]:4108 1005 198 142
[0.07829608613802999, 5, 2, 10, 200]:4105 1008 216 124
[0.0783460268292209, 5, 2, 10, 200]:4033 1080 206 134
[0.07829608613802999, 5, 2, 10, 200]:4013 1100 200 140
[0.07829608613802999, 5, 2, 10, 200]:3994 1120 223 116
[0.07829608613802999, 5, 2, 10, 200]:4014 1099 206 134
[0.0783460268292209, 5, 2, 10, 200]:4085 1028 215 125
[0.0783460268292209, 5, 2, 10, 200]:4062 1051 206 134
[0.0783460268292209, 5, 2, 10, 200]:4019 1094 237 103
[0.0783460268292209, 5, 2, 10, 200]:4024 1089 209 131
[0.0783460268292209, 5, 2, 10, 200]:4192 921 208 132
[0.0783460268292209, 5, 2, 10, 200]:4162 951 212 128
[0.0783460268292209, 5, 2, 10, 200]:3978 1136 221 118
[0.0783460268292209, 5, 2, 10, 200]:4023 1090 203 136
[0.07829608613802999, 5, 2, 10, 200]:4030 1083 209 131
[0.0788308354435986, 5, 2, 10, 2000]:4050 1063 209 131
[0.0788308354435986, 5, 2, 10, 2000]:4153 960 211 129
[0.0788308354435986, 5, 2, 10, 2000]:4056 1057 203 137
[0.0788308354435986, 5, 2, 10, 2000]:4018 1095 236 104
[0.0788308354435986, 5, 2, 10, 2000]:4113 1000 217 123
[0.0788308354435986, 5, 2, 10, 2000]:4043 1071 228 111
[0.0788308354435986, 5, 2, 10, 2000]:4031 1082 204 135
[0.0788308354435986, 5, 2, 10, 2000]:4164 949 208 132
[0.0788308354435986, 5, 2, 10, 2000]:4053 1060 213 127
[0.0788308354435986, 5, 2, 10, 2000]:4057 1056 211 129
[0.07722631007069425, 5, 2, 10, 2000]:4076 1037 189 151
[0.07722631007069425, 5, 2, 10, 2000]:3995 1118 197 143
[0.07722631007069425, 5, 2, 10, 2000]:3951 1162 201 139
[0.07722631007069425, 5, 2, 10, 2000]:3973 1140 204 135
[0.07722631007069425, 5, 2, 10, 2000]:3994 1119 204 136
[0.07722631007069425, 5, 2, 10, 2000]:3942 1172 220 119
[0.07722631007069425, 5, 2, 10, 2000]:3956 1157 204 136
[0.07722631007069425, 5, 2, 10, 2000]:4092 1021 208 132
[0.07722631007069425, 5, 2, 10, 2000]:4081 1032 215 125
[0.07722631007069425, 5, 2, 10, 2000]:3967 1146 227 113
[0.08676376374605979, 20, 5, 9, 1205]:4786 327 302 38
[0.08676376374605979, 20, 5, 9, 1205]:4745 369 310 29
[0.08676376374605979, 20, 5, 9, 1205]:4789 324 298 42
[0.08676376374605979, 20, 5, 9, 1205]:4785 328 300 40
[0.08676376374605979, 20, 5, 9, 1205]:4815 298 304 36
[0.08676376374605979, 20, 5, 9, 1205]:4809 304 308 32
[0.08676376374605979, 20, 5, 9, 1205]:4777 336 307 33
[0.08676376374605979, 20, 5, 9, 1205]:4798 315 298 41
[0.08676376374605979, 20, 5, 9, 1205]:4797 316 306 34
[0.08676376374605979, 20, 5, 9, 1205]:4806 307 292 48
[0.08342605469044972, 19, 1, 10, 2000]:4887 226 310 30
[0.08342605469044972, 19, 1, 10, 2000]:4864 249 310 30
[0.08342605469044972, 19, 1, 10, 2000]:4879 234 318 22
[0.08342605469044972, 19, 1, 10, 2000]:4870 243 309 31
[0.08342605469044972, 19, 1, 10, 2000]:4883 230 314 26
[0.08342605469044972, 19, 1, 10, 2000]:4861 252 308 32
[0.08342605469044972, 19, 1, 10, 2000]:4822 292 318 21
[0.08342605469044972, 19, 1, 10, 2000]:4883 230 312 28
[0.08342605469044972, 19, 1, 10, 2000]:4866 247 308 31
[0.08342605469044972, 19, 1, 10, 2000]:4843 270 313 27
