[0.06647269033059112, 50, 4, 7, 311]:4519 594 261 79
[0.06647269033059112, 50, 4, 7, 311]:4527 586 264 76
[0.06647269033059112, 50, 4, 7, 311]:4494 619 256 84
[0.06647269033059112, 50, 4, 7, 311]:4523 590 267 73
[0.06647269033059112, 50, 4, 7, 311]:4546 567 250 90
[0.06647269033059112, 50, 4, 7, 311]:4532 581 267 73
[0.06647269033059112, 50, 4, 7, 311]:4486 628 280 59
[0.06647269033059112, 50, 4, 7, 311]:4507 606 260 80
[0.06647269033059112, 50, 4, 7, 311]:4510 603 269 71
[0.06647269033059112, 50, 4, 7, 311]:4498 615 268 71
[0.40540513243309734, 31, 3, 3, 689]:5113 0 339 0
[0.40540513243309734, 31, 3, 3, 689]:5113 0 340 0
[0.40540513243309734, 31, 3, 3, 689]:5113 0 340 0
[0.40540513243309734, 31, 3, 3, 689]:5113 0 340 0
[0.40540513243309734, 31, 3, 3, 689]:5113 0 340 0
[0.40540513243309734, 31, 3, 3, 689]:5113 0 340 0
[0.40540513243309734, 31, 3, 3, 689]:5113 0 340 0
[0.40540513243309734, 31, 3, 3, 689]:5113 0 340 0
[0.40540513243309734, 31, 3, 3, 689]:5113 0 340 0
[0.40540513243309734, 31, 3, 3, 689]:5114 0 339 0
[0.01975653189217372, 89, 3, 7, 1450]:707 4406 41 299
[0.01975653189217372, 89, 3, 7, 1450]:630 4484 41 298
[0.01975653189217372, 89, 3, 7, 1450]:664 4449 36 304
[0.01975653189217372, 89, 3, 7, 1450]:683 4430 39 301
[0.01975653189217372, 89, 3, 7, 1450]:659 4454 50 289
[0.01975653189217372, 89, 3, 7, 1450]:733 4380 45 295
[0.01975653189217372, 89, 3, 7, 1450]:717 4396 39 301
[0.01975653189217372, 89, 3, 7, 1450]:761 4352 37 303
[0.01975653189217372, 89, 3, 7, 1450]:711 4402 50 290
[0.01975653189217372, 89, 3, 7, 1450]:715 4398 36 304
[0.018497389062959058, 42, 4, 8, 1016]:534 4579 35 305
[0.018497389062959058, 42, 4, 8, 1016]:530 4583 28 312
[0.018497389062959058, 42, 4, 8, 1016]:507 4606 26 314
[0.018497389062959058, 42, 4, 8, 1016]:535 4578 40 300
[0.018497389062959058, 42, 4, 8, 1016]:487 4627 31 308
[0.018497389062959058, 42, 4, 8, 1016]:538 4575 25 315
[0.018497389062959058, 42, 4, 8, 1016]:508 4605 33 306
[0.018497389062959058, 42, 4, 8, 1016]:536 4577 27 313
[0.018497389062959058, 42, 4, 8, 1016]:535 4578 24 316
[0.018497389062959058, 42, 4, 8, 1016]:532 4581 33 307
[0.6564214219036906, 93, 4, 2, 1659]:5113 0 340 0
[0.015497813376125321, 83, 2, 3, 1058]:3110 2004 204 135
[0.015497813376125321, 83, 2, 3, 1058]:2931 2182 176 164
[0.015497813376125321, 83, 2, 3, 1058]:3200 1913 193 147
[0.6564214219036906, 93, 4, 2, 1659]:5113 0 340 0
[0.015497813376125321, 83, 2, 3, 1058]:3136 1977 191 149
[0.6564214219036906, 93, 4, 2, 1659]:5113 0 340 0
[0.015497813376125321, 83, 2, 3, 1058]:3158 1955 183 157
[0.6564214219036906, 93, 4, 2, 1659]:5113 0 340 0
[0.015497813376125321, 83, 2, 3, 1058]:3064 2049 159 181
[0.6564214219036906, 93, 4, 2, 1659]:5113 0 340 0
[0.015497813376125321, 83, 2, 3, 1058]:3211 1902 167 173
[0.015497813376125321, 83, 2, 3, 1058]:3093 2020 181 159
[0.6564214219036906, 93, 4, 2, 1659]:5113 0 340 0
[0.015497813376125321, 83, 2, 3, 1058]:3127 1986 191 149
[0.015497813376125321, 83, 2, 3, 1058]:3262 1851 213 126
[0.6564214219036906, 93, 4, 2, 1659]:5113 0 340 0
[0.6564214219036906, 93, 4, 2, 1659]:5113 0 340 0
[0.6564214219036906, 93, 4, 2, 1659]:5114 0 339 0
[0.6564214219036906, 93, 4, 2, 1659]:5113 0 339 0
[0.05234596641791027, 69, 4, 7, 508]:3698 1416 228 111
[0.05234596641791027, 69, 4, 7, 508]:3641 1472 198 142
[0.05234596641791027, 69, 4, 7, 508]:3622 1491 203 137
[0.05234596641791027, 69, 4, 7, 508]:3555 1558 200 140
[0.05234596641791027, 69, 4, 7, 508]:3592 1521 214 126
[0.05234596641791027, 69, 4, 7, 508]:3579 1534 205 135
[0.05234596641791027, 69, 4, 7, 508]:3353 1760 190 150
[0.05234596641791027, 69, 4, 7, 508]:3631 1482 185 155
[0.05234596641791027, 69, 4, 7, 508]:3586 1527 219 120
[0.05234596641791027, 69, 4, 7, 508]:3643 1470 208 132
[0.2444261539308495, 86, 4, 4, 726]:5113 0 340 0
[0.2444261539308495, 86, 4, 4, 726]:5113 0 340 0
[0.2444261539308495, 86, 4, 4, 726]:5111 2 340 0
[0.2444261539308495, 86, 4, 4, 726]:5113 0 340 0
[0.2444261539308495, 86, 4, 4, 726]:5113 0 339 0
[0.2444261539308495, 86, 4, 4, 726]:5112 1 340 0
[0.01504383775390646, 46, 2, 8, 669]:716 4397 39 301
[0.2444261539308495, 86, 4, 4, 726]:5111 2 340 0
[0.01504383775390646, 46, 2, 8, 669]:752 4361 44 296
[0.2444261539308495, 86, 4, 4, 726]:5113 0 340 0
[0.01504383775390646, 46, 2, 8, 669]:754 4359 37 303
[0.2444261539308495, 86, 4, 4, 726]:5114 0 338 1
[0.01504383775390646, 46, 2, 8, 669]:771 4342 45 295
[0.01504383775390646, 46, 2, 8, 669]:740 4373 51 289
[0.01504383775390646, 46, 2, 8, 669]:724 4389 55 284
[0.2444261539308495, 86, 4, 4, 726]:5113 0 340 0
[0.01504383775390646, 46, 2, 8, 669]:762 4351 55 285
[0.01504383775390646, 46, 2, 8, 669]:773 4340 44 296
[0.01504383775390646, 46, 2, 8, 669]:726 4388 49 290
[0.01504383775390646, 46, 2, 8, 669]:734 4379 44 296
[0.12134648302641564, 5, 1, 7, 471]:5111 2 340 0
[0.12134648302641564, 5, 1, 7, 471]:5107 6 337 3
[0.12134648302641564, 5, 1, 7, 471]:5110 3 340 0
[0.12134648302641564, 5, 1, 7, 471]:5113 0 339 0
[0.12134648302641564, 5, 1, 7, 471]:5097 16 338 2
[0.12134648302641564, 5, 1, 7, 471]:5113 0 340 0
[0.12134648302641564, 5, 1, 7, 471]:5113 0 340 0
[0.12134648302641564, 5, 1, 7, 471]:5089 25 337 2
[0.12134648302641564, 5, 1, 7, 471]:5081 32 336 4
[0.12134648302641564, 5, 1, 7, 471]:5111 2 339 1
[0.14733704117489718, 5, 1, 10, 882]:5114 0 339 0
[0.14733704117489718, 5, 1, 10, 882]:5113 0 340 0
[0.14733704117489718, 5, 1, 10, 882]:5113 0 340 0
[0.14733704117489718, 5, 1, 10, 882]:5112 1 340 0
[0.14733704117489718, 5, 1, 10, 882]:5113 0 340 0
[0.14733704117489718, 5, 1, 10, 882]:5113 0 340 0
[0.14733704117489718, 5, 1, 10, 882]:5113 0 340 0
[0.14733704117489718, 5, 1, 10, 882]:5113 0 340 0
[0.14733704117489718, 5, 1, 10, 882]:5113 0 340 0
[0.14733704117489718, 5, 1, 10, 882]:5113 0 339 0
[0.3023757417856252, 43, 2, 8, 532]:5111 2 340 0
[0.3023757417856252, 43, 2, 8, 532]:5113 1 338 1
[0.3023757417856252, 43, 2, 8, 532]:5110 3 340 0
[0.3023757417856252, 43, 2, 8, 532]:5110 3 339 1
[0.3023757417856252, 43, 2, 8, 532]:5112 1 340 0
[0.3023757417856252, 43, 2, 8, 532]:5108 5 340 0
[0.3023757417856252, 43, 2, 8, 532]:5109 4 339 0
[0.3023757417856252, 43, 2, 8, 532]:5108 5 340 0
[0.3023757417856252, 43, 2, 8, 532]:5112 1 340 0
[0.3023757417856252, 43, 2, 8, 532]:5110 3 338 2
[0.06240329649263664, 5, 2, 2, 2000]:4344 769 235 105
[0.06240329649263664, 5, 2, 2, 2000]:4246 867 248 92
[0.06240329649263664, 5, 2, 2, 2000]:4357 756 252 87
[0.06240329649263664, 5, 2, 2, 2000]:4403 710 249 91
[0.06240329649263664, 5, 2, 2, 2000]:4247 866 245 95
[0.06240329649263664, 5, 2, 2, 2000]:4347 766 254 86
[0.06240329649263664, 5, 2, 2, 2000]:4327 786 249 91
[0.06240329649263664, 5, 2, 2, 2000]:4336 777 259 81
[0.06240329649263664, 5, 2, 2, 2000]:4377 737 275 64
[0.06240329649263664, 5, 2, 2, 2000]:4286 827 242 98
[0.01, 100, 5, 2, 2000]:295 4818 16 324
[0.01, 100, 5, 2, 2000]:311 4802 13 327
[0.01, 100, 5, 2, 2000]:292 4821 16 324
[0.01, 100, 5, 2, 2000]:288 4825 17 323
[0.01, 100, 5, 2, 2000]:303 4810 13 327
[0.01, 100, 5, 2, 2000]:267 4846 16 323
[0.01, 100, 5, 2, 2000]:277 4836 21 319
[0.01, 100, 5, 2, 2000]:305 4808 16 324
[0.01, 100, 5, 2, 2000]:275 4838 17 323
[0.01, 100, 5, 2, 2000]:253 4861 22 317
[0.061588414978458746, 100, 1, 10, 2000]:4485 628 290 50
[0.061588414978458746, 100, 1, 10, 2000]:4522 591 294 46
[0.061588414978458746, 100, 1, 10, 2000]:4451 663 290 49
[0.061588414978458746, 100, 1, 10, 2000]:4486 627 288 52
[0.061588414978458746, 100, 1, 10, 2000]:4461 652 277 63
[0.061588414978458746, 100, 1, 10, 2000]:4457 656 290 50
[0.061588414978458746, 100, 1, 10, 2000]:4500 613 299 40
[0.061588414978458746, 100, 1, 10, 2000]:4459 654 293 47
[0.061588414978458746, 100, 1, 10, 2000]:4479 634 293 47
[0.061588414978458746, 100, 1, 10, 2000]:4499 614 289 51
[0.062049692389753185, 5, 5, 4, 716]:4335 778 234 106
[0.062049692389753185, 5, 5, 4, 716]:4380 733 248 92
[0.062049692389753185, 5, 5, 4, 716]:4355 759 273 66
[0.062049692389753185, 5, 5, 4, 716]:4310 803 246 94
[0.062049692389753185, 5, 5, 4, 716]:4304 809 249 91
[0.062049692389753185, 5, 5, 4, 716]:4248 865 240 100
[0.062049692389753185, 5, 5, 4, 716]:4142 971 240 100
[0.062049692389753185, 5, 5, 4, 716]:4317 796 257 83
[0.062049692389753185, 5, 5, 4, 716]:4332 781 248 91
[0.062049692389753185, 5, 5, 4, 716]:4139 974 244 96
[0.06391852521946552, 5, 4, 2, 1388]:4397 717 278 61
[0.05964611862333081, 32, 5, 2, 200]:3797 1317 242 97
[0.06391852521946552, 5, 4, 2, 1388]:4449 664 260 80
[0.06391852521946552, 5, 4, 2, 1388]:4350 763 245 95
[0.06391852521946552, 5, 4, 2, 1388]:4427 686 237 103
[0.06391852521946552, 5, 4, 2, 1388]:4420 693 254 86
[0.06391852521946552, 5, 4, 2, 1388]:4404 709 263 77
[0.06391852521946552, 5, 4, 2, 1388]:4419 694 261 79
[0.06391852521946552, 5, 4, 2, 1388]:4418 695 255 84
[0.05964611862333081, 32, 5, 2, 200]:3559 1554 209 131
[0.06391852521946552, 5, 4, 2, 1388]:4383 730 254 86
[0.05964611862333081, 32, 5, 2, 200]:3565 1548 200 140
[0.06391852521946552, 5, 4, 2, 1388]:4434 679 251 89
[0.05964611862333081, 32, 5, 2, 200]:3549 1564 211 129
[0.05964611862333081, 32, 5, 2, 200]:3732 1381 204 136
[0.05964611862333081, 32, 5, 2, 200]:3819 1294 205 135
[0.05964611862333081, 32, 5, 2, 200]:3566 1547 204 136
[0.05964611862333081, 32, 5, 2, 200]:3829 1284 202 138
[0.05964611862333081, 32, 5, 2, 200]:3711 1402 212 128
[0.05964611862333081, 32, 5, 2, 200]:3787 1326 218 121
[0.04485265551185715, 5, 3, 10, 200]:49 5065 3 336
[0.04485265551185715, 5, 3, 10, 200]:54 5059 3 337
[0.04485265551185715, 5, 3, 10, 200]:49 5064 1 339
[0.04485265551185715, 5, 3, 10, 200]:57 5056 0 340
[0.04485265551185715, 5, 3, 10, 200]:59 5054 6 334
[0.04485265551185715, 5, 3, 10, 200]:51 5062 3 337
[0.04485265551185715, 5, 3, 10, 200]:59 5054 6 334
[0.03639462750826559, 5, 1, 2, 2000]:55 5058 3 337
[0.03639462750826559, 5, 1, 2, 2000]:36 5077 0 339
[0.03639462750826559, 5, 1, 2, 2000]:31 5082 1 339
[0.03639462750826559, 5, 1, 2, 2000]:34 5079 0 340
[0.03639462750826559, 5, 1, 2, 2000]:40 5073 4 336
[0.03639462750826559, 5, 1, 2, 2000]:41 5072 3 337
[0.04485265551185715, 5, 3, 10, 200]:72 5041 5 335
[0.04485265551185715, 5, 3, 10, 200]:56 5057 3 337
[0.03639462750826559, 5, 1, 2, 2000]:32 5081 2 338
[0.03639462750826559, 5, 1, 2, 2000]:42 5071 4 336
[0.03639462750826559, 5, 1, 2, 2000]:31 5083 2 337
[0.04485265551185715, 5, 3, 10, 200]:59 5054 3 336
[0.03639462750826559, 5, 1, 2, 2000]:22 5091 2 338
[0.01, 100, 1, 2, 2000]:4104 1009 278 62
[0.01, 100, 1, 2, 2000]:4091 1023 273 66
[0.01, 100, 1, 2, 2000]:4099 1014 277 63
[0.01, 100, 1, 2, 2000]:4125 988 281 59
[0.01, 100, 1, 2, 2000]:4107 1006 266 74
[0.01, 100, 1, 2, 2000]:4138 975 280 60
[0.01, 100, 1, 2, 2000]:4124 989 283 57
[0.01, 100, 1, 2, 2000]:4090 1023 281 59
[0.01, 100, 1, 2, 2000]:4137 976 290 49
[0.01, 100, 1, 2, 2000]:4086 1027 265 75
[0.01, 5, 5, 10, 200]:5 5108 0 340
[0.01, 5, 5, 10, 200]:12 5101 1 339
[0.01, 5, 5, 10, 200]:8 5105 1 339
[0.01, 5, 5, 10, 200]:2 5111 0 340
[0.01, 5, 5, 10, 200]:3 5110 0 340
[0.01, 5, 5, 10, 200]:8 5105 1 339
[0.01, 5, 5, 10, 200]:5 5109 0 339
[0.01, 5, 5, 10, 200]:4 5109 1 339
[0.01, 5, 5, 10, 200]:2 5111 0 339
[0.01, 5, 5, 10, 200]:12 5101 0 340
[0.0695661272113532, 5, 5, 10, 2000]:4794 319 283 57
[0.0695661272113532, 5, 5, 10, 2000]:4795 318 286 54
[0.0695661272113532, 5, 5, 10, 2000]:4712 401 281 59
[0.0695661272113532, 5, 5, 10, 2000]:4746 367 280 60
[0.07522475214606852, 5, 5, 5, 1768]:4841 272 298 42
[0.07522475214606852, 5, 5, 5, 1768]:4845 268 296 44
[0.07522475214606852, 5, 5, 5, 1768]:4825 288 288 52
[0.07522475214606852, 5, 5, 5, 1768]:4827 286 293 47
[0.07522475214606852, 5, 5, 5, 1768]:4811 302 289 50
[0.07522475214606852, 5, 5, 5, 1768]:4836 277 279 61
[0.07522475214606852, 5, 5, 5, 1768]:4806 308 300 39
[0.07522475214606852, 5, 5, 5, 1768]:4827 286 290 50
[0.07522475214606852, 5, 5, 5, 1768]:4852 261 291 49
[0.07522475214606852, 5, 5, 5, 1768]:4841 272 289 51
[0.0695661272113532, 5, 5, 10, 2000]:4749 364 287 53
[0.0695661272113532, 5, 5, 10, 2000]:4778 335 270 70
[0.0695661272113532, 5, 5, 10, 2000]:4536 577 267 72
[0.0695661272113532, 5, 5, 10, 2000]:4756 357 283 57
[0.0695661272113532, 5, 5, 10, 2000]:4636 478 290 49
[0.0695661272113532, 5, 5, 10, 2000]:4712 401 283 57
[0.01995798144548643, 5, 5, 2, 331]:12 5101 0 340
[0.01995798144548643, 5, 5, 2, 331]:16 5097 0 340
[0.01995798144548643, 5, 5, 2, 331]:11 5102 1 339
[0.01995798144548643, 5, 5, 2, 331]:9 5104 1 339
[0.01995798144548643, 5, 5, 2, 331]:13 5101 1 338
[0.01995798144548643, 5, 5, 2, 331]:18 5095 1 339
[0.01995798144548643, 5, 5, 2, 331]:12 5101 1 339
[0.01995798144548643, 5, 5, 2, 331]:9 5104 1 339
[0.01995798144548643, 5, 5, 2, 331]:20 5093 2 338
[0.01995798144548643, 5, 5, 2, 331]:6 5107 0 339
[0.023247555647651765, 5, 4, 2, 1094]:14 5100 1 338
[0.023247555647651765, 5, 4, 2, 1094]:29 5084 3 337
[0.023247555647651765, 5, 4, 2, 1094]:10 5103 1 339
[0.023247555647651765, 5, 4, 2, 1094]:21 5092 2 338
[0.023247555647651765, 5, 4, 2, 1094]:11 5102 1 339
[0.023247555647651765, 5, 4, 2, 1094]:23 5090 1 339
[0.023247555647651765, 5, 4, 2, 1094]:16 5097 0 340
[0.02605173507930224, 5, 5, 2, 1438]:17 5096 1 339
[0.023247555647651765, 5, 4, 2, 1094]:13 5100 0 339
[0.02605173507930224, 5, 5, 2, 1438]:23 5090 3 337
[0.023247555647651765, 5, 4, 2, 1094]:16 5097 1 339
[0.02605173507930224, 5, 5, 2, 1438]:30 5083 3 337
[0.023247555647651765, 5, 4, 2, 1094]:18 5095 0 340
[0.02605173507930224, 5, 5, 2, 1438]:15 5098 0 339
[0.02605173507930224, 5, 5, 2, 1438]:17 5096 0 340
[0.02605173507930224, 5, 5, 2, 1438]:13 5100 1 339
[0.02605173507930224, 5, 5, 2, 1438]:17 5096 1 339
[0.02605173507930224, 5, 5, 2, 1438]:26 5087 1 339
[0.02605173507930224, 5, 5, 2, 1438]:11 5102 1 339
[0.02605173507930224, 5, 5, 2, 1438]:18 5096 2 337
[0.06246896787894966, 5, 4, 5, 870]:4211 902 242 98
[0.06246896787894966, 5, 4, 5, 870]:4225 888 247 93
[0.06246896787894966, 5, 4, 5, 870]:4400 713 247 93
[0.06246896787894966, 5, 4, 5, 870]:4371 743 274 65
[0.06246896787894966, 5, 4, 5, 870]:4338 775 255 85
[0.06246896787894966, 5, 4, 5, 870]:4330 783 248 92
[0.06246896787894966, 5, 4, 5, 870]:4328 785 259 81
[0.06246896787894966, 5, 4, 5, 870]:4379 734 235 105
[0.06246896787894966, 5, 4, 5, 870]:4277 836 240 100
[0.06246896787894966, 5, 4, 5, 870]:4376 737 254 85
[0.0317167225310479, 5, 5, 10, 2000]:21 5092 0 340
[0.0317167225310479, 5, 5, 10, 2000]:16 5097 2 338
[0.061204908130249217, 6, 5, 10, 2000]:4332 782 273 66
[0.0317167225310479, 5, 5, 10, 2000]:21 5092 1 339
[0.0317167225310479, 5, 5, 10, 2000]:27 5086 1 339
[0.061204908130249217, 6, 5, 10, 2000]:3701 1412 215 125
[0.0317167225310479, 5, 5, 10, 2000]:20 5093 0 339
[0.0317167225310479, 5, 5, 10, 2000]:36 5077 4 336
[0.0317167225310479, 5, 5, 10, 2000]:21 5093 2 337
[0.061204908130249217, 6, 5, 10, 2000]:4218 895 244 95
[0.0317167225310479, 5, 5, 10, 2000]:38 5075 3 337
[0.0317167225310479, 5, 5, 10, 2000]:30 5083 3 337
[0.0317167225310479, 5, 5, 10, 2000]:16 5097 1 339
[0.061204908130249217, 6, 5, 10, 2000]:3382 1731 195 145
[0.061204908130249217, 6, 5, 10, 2000]:4359 754 245 95
[0.061204908130249217, 6, 5, 10, 2000]:4286 827 247 93
[0.061204908130249217, 6, 5, 10, 2000]:3459 1654 199 141
[0.061204908130249217, 6, 5, 10, 2000]:4032 1081 241 99
[0.061204908130249217, 6, 5, 10, 2000]:3454 1659 198 142
[0.061204908130249217, 6, 5, 10, 2000]:4212 901 226 114
[0.06444043295768252, 5, 3, 2, 200]:4409 704 255 85
[0.06444043295768252, 5, 3, 2, 200]:4431 682 255 85
[0.06444043295768252, 5, 3, 2, 200]:4398 715 258 82
[0.06444043295768252, 5, 3, 2, 200]:4437 676 238 102
[0.06444043295768252, 5, 3, 2, 200]:4405 709 278 61
[0.06444043295768252, 5, 3, 2, 200]:4459 654 260 80
[0.06444043295768252, 5, 3, 2, 200]:4464 649 265 75
[0.06444043295768252, 5, 3, 2, 200]:4419 694 257 82
[0.06444043295768252, 5, 3, 2, 200]:4359 754 244 96
[0.06444043295768252, 5, 3, 2, 200]:4446 667 254 86
[0.05950308644855094, 99, 3, 2, 200]:4196 917 243 97
[0.05950308644855094, 99, 3, 2, 200]:4157 956 245 94
[0.05950308644855094, 99, 3, 2, 200]:4251 862 231 109
[0.05950308644855094, 99, 3, 2, 200]:4118 995 232 108
[0.05950308644855094, 99, 3, 2, 200]:4205 908 235 105
[0.05950308644855094, 99, 3, 2, 200]:4183 931 269 70
[0.05950308644855094, 99, 3, 2, 200]:4217 896 251 89
[0.05950308644855094, 99, 3, 2, 200]:4246 867 255 85
[0.05950308644855094, 99, 3, 2, 200]:4237 876 240 100
[0.05950308644855094, 99, 3, 2, 200]:4203 910 250 90
[0.06783697343199681, 42, 3, 2, 2000]:4509 605 286 53
[0.06783697343199681, 42, 3, 2, 2000]:4521 592 265 75
[0.06783697343199681, 42, 3, 2, 2000]:4528 585 269 70
[0.06783697343199681, 42, 3, 2, 2000]:4615 498 257 83
[0.06783697343199681, 42, 3, 2, 2000]:4540 573 265 75
[0.06783697343199681, 42, 3, 2, 2000]:4553 560 264 76
[0.06783697343199681, 42, 3, 2, 2000]:4557 556 268 72
[0.06783697343199681, 42, 3, 2, 2000]:4525 588 272 68
[0.06783697343199681, 42, 3, 2, 2000]:4557 556 268 72
[0.06783697343199681, 42, 3, 2, 2000]:4541 572 271 69
[0.99, 5, 1, 10, 960]:5114 0 339 0
[0.99, 5, 1, 10, 960]:5113 0 340 0
[0.99, 5, 1, 10, 960]:5113 0 340 0
[0.99, 5, 1, 10, 960]:5113 0 340 0
[0.99, 5, 1, 10, 960]:5113 0 340 0
[0.99, 5, 1, 10, 960]:5113 0 339 0
[0.99, 5, 1, 10, 960]:5113 0 340 0
[0.99, 5, 1, 10, 960]:5113 0 340 0
[0.99, 5, 1, 10, 960]:5113 0 340 0
[0.99, 5, 1, 10, 960]:5113 0 340 0
[0.020671139136047463, 5, 1, 2, 1423]:15 5099 0 339
[0.020671139136047463, 5, 1, 2, 1423]:11 5102 0 339
[0.020671139136047463, 5, 1, 2, 1423]:26 5087 2 338
[0.020671139136047463, 5, 1, 2, 1423]:23 5090 2 338
[0.020671139136047463, 5, 1, 2, 1423]:15 5098 1 339
[0.020671139136047463, 5, 1, 2, 1423]:11 5102 1 339
[0.020671139136047463, 5, 1, 2, 1423]:19 5094 0 340
[0.07216053430902443, 5, 4, 10, 1649]:4812 301 289 51
[0.020671139136047463, 5, 1, 2, 1423]:27 5086 2 338
[0.020671139136047463, 5, 1, 2, 1423]:11 5102 1 339
[0.07216053430902443, 5, 4, 10, 1649]:4834 279 289 51
[0.07216053430902443, 5, 4, 10, 1649]:4832 281 278 62
[0.07216053430902443, 5, 4, 10, 1649]:4778 336 298 41
[0.020671139136047463, 5, 1, 2, 1423]:17 5096 1 339
[0.07216053430902443, 5, 4, 10, 1649]:4837 276 296 44
[0.07216053430902443, 5, 4, 10, 1649]:4786 327 285 54
[0.07216053430902443, 5, 4, 10, 1649]:4837 276 295 45
[0.07216053430902443, 5, 4, 10, 1649]:4806 307 284 56
[0.07216053430902443, 5, 4, 10, 1649]:4816 297 288 52
[0.07216053430902443, 5, 4, 10, 1649]:4821 292 290 50
[0.08362744726279989, 5, 5, 10, 200]:4837 276 293 46
[0.08362744726279989, 5, 5, 10, 200]:4834 279 293 47
[0.08362744726279989, 5, 5, 10, 200]:4849 264 282 58
[0.08362744726279989, 5, 5, 10, 200]:4835 278 288 52
[0.08362744726279989, 5, 5, 10, 200]:4833 280 291 49
[0.08362744726279989, 5, 5, 10, 200]:4848 265 296 44
[0.08362744726279989, 5, 5, 10, 200]:4845 268 291 49
[0.08362744726279989, 5, 5, 10, 200]:4858 255 293 47
[0.08362744726279989, 5, 5, 10, 200]:4855 258 302 38
[0.08362744726279989, 5, 5, 10, 200]:4814 300 303 36
[0.07983630066657732, 100, 5, 10, 200]:4728 385 278 62
[0.07983630066657732, 100, 5, 10, 200]:4773 340 293 47
[0.07983630066657732, 100, 5, 10, 200]:4780 333 287 53
[0.07983630066657732, 100, 5, 10, 200]:4699 414 281 59
[0.07983630066657732, 100, 5, 10, 200]:4677 437 294 45
[0.07983630066657732, 100, 5, 10, 200]:4733 380 282 58
[0.07983630066657732, 100, 5, 10, 200]:4733 380 286 54
[0.07983630066657732, 100, 5, 10, 200]:4713 400 285 54
[0.07983630066657732, 100, 5, 10, 200]:4756 357 274 66
[0.07983630066657732, 100, 5, 10, 200]:4786 327 285 55
[0.09605512855710434, 28, 5, 10, 1321]:4833 280 281 59
[0.09605512855710434, 28, 5, 10, 1321]:4788 326 304 35
[0.09605512855710434, 28, 5, 10, 1321]:4832 281 289 51
[0.09605512855710434, 28, 5, 10, 1321]:4844 269 288 52
[0.09605512855710434, 28, 5, 10, 1321]:4818 295 293 47
[0.09605512855710434, 28, 5, 10, 1321]:4847 266 297 43
[0.09605512855710434, 28, 5, 10, 1321]:4827 286 289 51
[0.09605512855710434, 28, 5, 10, 1321]:4789 324 285 55
[0.09605512855710434, 28, 5, 10, 1321]:4839 274 291 49
[0.09605512855710434, 28, 5, 10, 1321]:4807 306 290 49
[0.01, 5, 4, 2, 200]:2 5111 0 339
[0.01, 5, 4, 2, 200]:8 5105 1 339
[0.01, 5, 4, 2, 200]:5 5108 1 339
[0.01, 5, 4, 2, 200]:9 5104 0 340
[0.01, 5, 4, 2, 200]:6 5107 0 340
[0.01, 5, 4, 2, 200]:10 5104 0 339
[0.01, 5, 4, 2, 200]:2 5111 0 340
[0.01, 5, 4, 2, 200]:12 5101 1 339
[0.01, 5, 4, 2, 200]:5 5108 0 340
[0.01, 5, 4, 2, 200]:9 5104 1 339
[0.08196950668270679, 5, 4, 2, 2000]:4833 280 291 49
[0.08196950668270679, 5, 4, 2, 2000]:4850 263 299 41
[0.08196950668270679, 5, 4, 2, 2000]:4847 266 282 58
[0.08196950668270679, 5, 4, 2, 2000]:4834 279 288 52
[0.08196950668270679, 5, 4, 2, 2000]:4845 268 289 51
[0.08196950668270679, 5, 4, 2, 2000]:4830 283 290 49
[0.08196950668270679, 5, 4, 2, 2000]:4848 265 296 44
[0.08196950668270679, 5, 4, 2, 2000]:4854 259 292 48
[0.08196950668270679, 5, 4, 2, 2000]:4832 281 293 47
[0.08196950668270679, 5, 4, 2, 2000]:4812 302 302 37
[0.01, 100, 3, 2, 2000]:619 4494 31 309
[0.01, 100, 3, 2, 2000]:550 4564 37 302
[0.01, 100, 3, 2, 2000]:615 4498 38 302
[0.01, 100, 3, 2, 2000]:630 4483 34 306
[0.01, 100, 3, 2, 2000]:609 4504 37 303
[0.01, 100, 3, 2, 2000]:623 4490 30 310
[0.01, 100, 3, 2, 2000]:584 4529 39 300
[0.01, 100, 3, 2, 2000]:606 4507 42 298
[0.01, 100, 3, 2, 2000]:633 4480 38 302
[0.01, 100, 3, 2, 2000]:580 4533 31 309
[0.11785278343697998, 5, 4, 9, 2000]:5102 11 336 4
[0.13202593186961212, 5, 5, 9, 2000]:5113 0 340 0
[0.11785278343697998, 5, 4, 9, 2000]:5092 21 332 8
[0.13202593186961212, 5, 5, 9, 2000]:5114 0 339 0
[0.11785278343697998, 5, 4, 9, 2000]:5076 37 336 4
[0.13202593186961212, 5, 5, 9, 2000]:5113 0 339 0
[0.13202593186961212, 5, 5, 9, 2000]:5113 0 340 0
[0.11785278343697998, 5, 4, 9, 2000]:5072 42 332 7
[0.13202593186961212, 5, 5, 9, 2000]:5113 0 340 0
[0.13202593186961212, 5, 5, 9, 2000]:5111 2 340 0
[0.11099475316412101, 26, 5, 2, 735]:4867 246 284 56
[0.11099475316412101, 26, 5, 2, 735]:4870 243 302 38
[0.13202593186961212, 5, 5, 9, 2000]:5113 0 340 0
[0.11099475316412101, 26, 5, 2, 735]:4845 268 294 45
[0.11785278343697998, 5, 4, 9, 2000]:5082 31 337 3
[0.11785278343697998, 5, 4, 9, 2000]:5104 9 334 6
[0.13202593186961212, 5, 5, 9, 2000]:5113 0 340 0
[0.11099475316412101, 26, 5, 2, 735]:4876 237 299 41
[0.11785278343697998, 5, 4, 9, 2000]:5107 6 339 1
[0.13202593186961212, 5, 5, 9, 2000]:5112 1 340 0
[0.11099475316412101, 26, 5, 2, 735]:4855 258 291 49
[0.13202593186961212, 5, 5, 9, 2000]:5113 0 340 0
[0.11785278343697998, 5, 4, 9, 2000]:5081 32 329 11
[0.11785278343697998, 5, 4, 9, 2000]:5105 8 337 3
[0.11099475316412101, 26, 5, 2, 735]:4841 272 288 52
[0.11099475316412101, 26, 5, 2, 735]:4872 241 295 45
[0.11099475316412101, 26, 5, 2, 735]:4809 305 305 34
[0.11785278343697998, 5, 4, 9, 2000]:5100 13 333 6
[0.11099475316412101, 26, 5, 2, 735]:4851 262 290 50
[0.11099475316412101, 26, 5, 2, 735]:4854 259 297 43
[0.04137977936084223, 5, 5, 2, 649]:36 5078 2 337
[0.04137977936084223, 5, 5, 2, 649]:34 5079 2 338
[0.04137977936084223, 5, 5, 2, 649]:45 5068 0 340
[0.04137977936084223, 5, 5, 2, 649]:40 5073 2 338
[0.04137977936084223, 5, 5, 2, 649]:49 5064 5 335
[0.04137977936084223, 5, 5, 2, 649]:43 5070 2 337
[0.04137977936084223, 5, 5, 2, 649]:63 5050 4 336
[0.04137977936084223, 5, 5, 2, 649]:37 5076 1 339
[0.04137977936084223, 5, 5, 2, 649]:48 5065 3 337
[0.04137977936084223, 5, 5, 2, 649]:47 5066 5 335
[0.09719873012475362, 100, 5, 2, 242]:4837 276 289 51
[0.09719873012475362, 100, 5, 2, 242]:4808 305 290 49
[0.09719873012475362, 100, 5, 2, 242]:4830 283 281 59
[0.09719873012475362, 100, 5, 2, 242]:4829 284 288 52
[0.09719873012475362, 100, 5, 2, 242]:4816 297 292 48
[0.09719873012475362, 100, 5, 2, 242]:4841 272 296 44
[0.09719873012475362, 100, 5, 2, 242]:4831 282 288 52
[0.09719873012475362, 100, 5, 2, 242]:4795 318 285 55
[0.09719873012475362, 100, 5, 2, 242]:4786 328 304 35
[0.09719873012475362, 100, 5, 2, 242]:4841 272 292 48
[0.013168294592775388, 100, 5, 2, 1933]:348 4765 17 323
[0.013168294592775388, 100, 5, 2, 1933]:343 4770 15 325
[0.013168294592775388, 100, 5, 2, 1933]:322 4791 18 322
[0.013168294592775388, 100, 5, 2, 1933]:315 4799 23 316
[0.013168294592775388, 100, 5, 2, 1933]:344 4769 15 325
[0.013168294592775388, 100, 5, 2, 1933]:305 4808 19 320
[0.013168294592775388, 100, 5, 2, 1933]:308 4805 21 319
[0.013168294592775388, 100, 5, 2, 1933]:331 4782 17 323
[0.013168294592775388, 100, 5, 2, 1933]:332 4781 19 321
[0.013168294592775388, 100, 5, 2, 1933]:321 4792 25 315
[0.02812977275440002, 100, 1, 2, 211]:4327 787 285 54
[0.02812977275440002, 100, 1, 2, 211]:4283 830 284 56
[0.02812977275440002, 100, 1, 2, 211]:4325 788 292 48
[0.02812977275440002, 100, 1, 2, 211]:4322 791 290 50
[0.02812977275440002, 100, 1, 2, 211]:4302 811 284 56
[0.02812977275440002, 100, 1, 2, 211]:4344 769 288 52
[0.02812977275440002, 100, 1, 2, 211]:4337 776 292 48
[0.02812977275440002, 100, 1, 2, 211]:4341 772 283 57
[0.02812977275440002, 100, 1, 2, 211]:4277 836 274 66
[0.02812977275440002, 100, 1, 2, 211]:4319 794 292 47
[0.028968326107528974, 100, 1, 7, 318]:4286 827 284 56
[0.028968326107528974, 100, 1, 7, 318]:4271 842 278 62
[0.028968326107528974, 100, 1, 7, 318]:4297 816 294 45
[0.028968326107528974, 100, 1, 7, 318]:4283 830 288 52
[0.028968326107528974, 100, 1, 7, 318]:4281 833 281 58
[0.028968326107528974, 100, 1, 7, 318]:4279 834 277 63
[0.028968326107528974, 100, 1, 7, 318]:4243 870 281 59
[0.028968326107528974, 100, 1, 7, 318]:4270 843 267 73
[0.028968326107528974, 100, 1, 7, 318]:4297 816 284 56
[0.028968326107528974, 100, 1, 7, 318]:4304 809 276 64
[0.026927382385534673, 73, 1, 10, 1104]:4198 915 268 72
[0.026927382385534673, 73, 1, 10, 1104]:4161 952 284 55
[0.026927382385534673, 73, 1, 10, 1104]:4139 974 266 74
[0.026927382385534673, 73, 1, 10, 1104]:4175 938 275 65
[0.026927382385534673, 73, 1, 10, 1104]:4158 955 268 72
[0.026927382385534673, 73, 1, 10, 1104]:4170 943 274 66
[0.026927382385534673, 73, 1, 10, 1104]:4162 952 270 69
[0.026927382385534673, 73, 1, 10, 1104]:4109 1004 257 83
[0.026927382385534673, 73, 1, 10, 1104]:4183 930 271 69
[0.026927382385534673, 73, 1, 10, 1104]:4152 961 273 67
[0.04883005652281767, 5, 1, 2, 385]:72 5042 5 334
[0.04883005652281767, 5, 1, 2, 385]:72 5041 4 336
[0.04883005652281767, 5, 1, 2, 385]:64 5049 1 339
[0.04883005652281767, 5, 1, 2, 385]:83 5030 0 340
[0.04883005652281767, 5, 1, 2, 385]:65 5048 3 336
[0.04883005652281767, 5, 1, 2, 385]:81 5032 7 333
[0.04883005652281767, 5, 1, 2, 385]:90 5023 8 332
[0.04883005652281767, 5, 1, 2, 385]:88 5025 6 334
[0.04883005652281767, 5, 1, 2, 385]:77 5036 6 334
[0.04883005652281767, 5, 1, 2, 385]:66 5047 4 336
[0.05259629789260723, 5, 3, 2, 2000]:105 5008 8 332
[0.05259629789260723, 5, 3, 2, 2000]:113 5000 5 335
[0.05259629789260723, 5, 3, 2, 2000]:111 5002 3 337
[0.05259629789260723, 5, 3, 2, 2000]:134 4979 2 338
[0.05259629789260723, 5, 3, 2, 2000]:112 5001 7 333
[0.05259629789260723, 5, 3, 2, 2000]:139 4974 8 332
[0.05259629789260723, 5, 3, 2, 2000]:129 4984 8 332
[0.05259629789260723, 5, 3, 2, 2000]:118 4995 5 334
[0.05259629789260723, 5, 3, 2, 2000]:164 4949 15 325
[0.05259629789260723, 5, 3, 2, 2000]:99 5015 5 334
[0.08473758814033337, 100, 5, 2, 924]:4802 311 284 56
[0.08473758814033337, 100, 5, 2, 924]:4800 313 290 50
[0.08473758814033337, 100, 5, 2, 924]:4803 310 288 52
[0.08473758814033337, 100, 5, 2, 924]:4823 290 296 44
[0.08473758814033337, 100, 5, 2, 924]:4736 378 300 39
[0.08473758814033337, 100, 5, 2, 924]:4758 355 284 56
[0.08473758814033337, 100, 5, 2, 924]:4799 314 275 65
[0.08473758814033337, 100, 5, 2, 924]:4820 293 290 50
[0.08473758814033337, 100, 5, 2, 924]:4785 328 288 52
[0.08473758814033337, 100, 5, 2, 924]:4764 349 287 52
[0.08096265850356107, 100, 1, 2, 200]:4604 510 300 39
[0.08096265850356107, 100, 1, 2, 200]:4617 496 303 37
[0.08096265850356107, 100, 1, 2, 200]:4640 473 302 38
[0.08096265850356107, 100, 1, 2, 200]:4624 489 302 38
[0.08096265850356107, 100, 1, 2, 200]:4639 474 305 34
[0.08096265850356107, 100, 1, 2, 200]:4594 519 301 39
[0.08096265850356107, 100, 1, 2, 200]:4615 498 301 39
[0.08096265850356107, 100, 1, 2, 200]:4639 474 310 30
[0.08096265850356107, 100, 1, 2, 200]:4648 465 309 31
[0.08096265850356107, 100, 1, 2, 200]:4606 507 295 45
[0.08244000190411341, 100, 1, 7, 300]:4589 524 299 41
[0.08244000190411341, 100, 1, 7, 300]:4603 511 303 36
[0.08244000190411341, 100, 1, 7, 300]:4614 499 301 39
[0.08244000190411341, 100, 1, 7, 300]:4587 526 297 43
[0.08244000190411341, 100, 1, 7, 300]:4645 468 308 32
[0.08244000190411341, 100, 1, 7, 300]:4602 511 292 48
[0.08244000190411341, 100, 1, 7, 300]:4632 481 303 37
[0.08244000190411341, 100, 1, 7, 300]:4627 486 303 36
[0.08244000190411341, 100, 1, 7, 300]:4606 507 302 38
[0.08244000190411341, 100, 1, 7, 300]:4617 496 295 45
[0.09241090611024926, 59, 5, 6, 2000]:4822 291 288 52
[0.09241090611024926, 59, 5, 6, 2000]:4790 323 289 50
[0.09241090611024926, 59, 5, 6, 2000]:4812 301 292 48
[0.09241090611024926, 59, 5, 6, 2000]:4835 278 291 49
[0.09241090611024926, 59, 5, 6, 2000]:4819 294 289 51
[0.09241090611024926, 59, 5, 6, 2000]:4839 274 297 43
[0.09241090611024926, 59, 5, 6, 2000]:4829 284 278 62
[0.09241090611024926, 59, 5, 6, 2000]:4833 280 288 52
[0.09241090611024926, 59, 5, 6, 2000]:4778 335 285 55
[0.09241090611024926, 59, 5, 6, 2000]:4784 330 302 37
[0.04731086308466024, 86, 5, 10, 203]:2262 2851 128 212
[0.04731086308466024, 86, 5, 10, 203]:2080 3033 117 223
[0.04731086308466024, 86, 5, 10, 203]:2443 2671 150 189
[0.04731086308466024, 86, 5, 10, 203]:2292 2821 130 210
[0.04731086308466024, 86, 5, 10, 203]:2321 2792 137 202
[0.04731086308466024, 86, 5, 10, 203]:1815 3298 104 236
[0.04731086308466024, 86, 5, 10, 203]:1968 3145 120 220
[0.04731086308466024, 86, 5, 10, 203]:2094 3019 99 241
[0.04731086308466024, 86, 5, 10, 203]:2340 2773 124 216
[0.04731086308466024, 86, 5, 10, 203]:2802 2311 149 191
[0.023623523256111275, 16, 5, 10, 1825]:97 5016 6 334
[0.023623523256111275, 16, 5, 10, 1825]:98 5016 7 332
[0.023623523256111275, 16, 5, 10, 1825]:119 4994 8 332
[0.023623523256111275, 16, 5, 10, 1825]:117 4996 6 334
[0.023623523256111275, 16, 5, 10, 1825]:94 5019 5 334
[0.023623523256111275, 16, 5, 10, 1825]:108 5005 9 331
[0.023623523256111275, 16, 5, 10, 1825]:103 5010 1 339
[0.023623523256111275, 16, 5, 10, 1825]:100 5013 3 337
[0.023623523256111275, 16, 5, 10, 1825]:100 5013 5 335
[0.023623523256111275, 16, 5, 10, 1825]:97 5016 8 332
[0.02161902766805423, 62, 5, 10, 1725]:497 4616 35 305
[0.02161902766805423, 62, 5, 10, 1725]:469 4644 27 313
[0.02161902766805423, 62, 5, 10, 1725]:449 4664 24 316
[0.02161902766805423, 62, 5, 10, 1725]:429 4685 28 311
[0.02161902766805423, 62, 5, 10, 1725]:462 4651 23 317
[0.02161902766805423, 62, 5, 10, 1725]:460 4653 23 317
[0.02161902766805423, 62, 5, 10, 1725]:458 4655 23 317
[0.02161902766805423, 62, 5, 10, 1725]:456 4657 30 309
[0.02161902766805423, 62, 5, 10, 1725]:467 4646 31 309
[0.02161902766805423, 62, 5, 10, 1725]:469 4644 21 319
