[0.055349627164309155, 14, 4, 6, 626]:4315 794 267 76
[0.055349627164309155, 14, 4, 6, 626]:4357 753 261 82
[0.055349627164309155, 14, 4, 6, 626]:4352 757 272 72
[0.055349627164309155, 14, 4, 6, 626]:4277 833 254 89
[0.055349627164309155, 14, 4, 6, 626]:4342 768 258 85
[0.055349627164309155, 14, 4, 6, 626]:4242 867 270 74
[0.055349627164309155, 14, 4, 6, 626]:4282 828 263 80
[0.055349627164309155, 14, 4, 6, 626]:4342 768 260 83
[0.055349627164309155, 14, 4, 6, 626]:4399 710 268 76
[0.055349627164309155, 14, 4, 6, 626]:4302 807 257 87
[0.010154442282404478, 18, 2, 3, 951]:3969 1141 248 95
[0.010154442282404478, 18, 2, 3, 951]:4014 1095 257 86
[0.010154442282404478, 18, 2, 3, 951]:3904 1206 238 105
[0.010154442282404478, 18, 2, 3, 951]:4088 1021 254 90
[0.010154442282404478, 18, 2, 3, 951]:3832 1278 242 101
[0.010154442282404478, 18, 2, 3, 951]:4001 1109 246 97
[0.010154442282404478, 18, 2, 3, 951]:3867 1242 253 91
[0.010154442282404478, 18, 2, 3, 951]:3815 1294 235 109
[0.010154442282404478, 18, 2, 3, 951]:4024 1085 254 90
[0.010154442282404478, 18, 2, 3, 951]:3999 1111 246 97
[0.018660204735149687, 64, 1, 3, 1632]:4847 262 319 25
[0.018660204735149687, 64, 1, 3, 1632]:4854 255 317 27
[0.018660204735149687, 64, 1, 3, 1632]:4825 284 324 20
[0.018660204735149687, 64, 1, 3, 1632]:4850 259 316 27
[0.018660204735149687, 64, 1, 3, 1632]:4838 272 317 26
[0.018660204735149687, 64, 1, 3, 1632]:4831 279 308 35
[0.018660204735149687, 64, 1, 3, 1632]:4856 254 310 33
[0.018660204735149687, 64, 1, 3, 1632]:4818 292 316 27
[0.018660204735149687, 64, 1, 3, 1632]:4833 277 312 31
[0.018660204735149687, 64, 1, 3, 1632]:4848 261 321 23
[0.08526826206906364, 64, 1, 4, 209]:4867 242 321 23
[0.08526826206906364, 64, 1, 4, 209]:4848 262 318 25
[0.08526826206906364, 64, 1, 4, 209]:4854 255 316 27
[0.08526826206906364, 64, 1, 4, 209]:4845 265 308 35
[0.08526826206906364, 64, 1, 4, 209]:4829 281 319 24
[0.08526826206906364, 64, 1, 4, 209]:4853 256 319 25
[0.08526826206906364, 64, 1, 4, 209]:4853 257 310 33
[0.08526826206906364, 64, 1, 4, 209]:4832 277 323 21
[0.08526826206906364, 64, 1, 4, 209]:4854 255 323 21
[0.08526826206906364, 64, 1, 4, 209]:4872 238 313 30
[0.03956264742629403, 7, 2, 6, 1717]:1610 3499 63 280
[0.03956264742629403, 7, 2, 6, 1717]:1544 3565 56 288
[0.03956264742629403, 7, 2, 6, 1717]:1516 3594 49 294
[0.03956264742629403, 7, 2, 6, 1717]:1601 3508 50 294
[0.03956264742629403, 7, 2, 6, 1717]:1595 3515 62 281
[0.03956264742629403, 7, 2, 6, 1717]:1577 3533 56 287
[0.03956264742629403, 7, 2, 6, 1717]:1552 3558 57 286
[0.03956264742629403, 7, 2, 6, 1717]:1533 3576 54 290
[0.03956264742629403, 7, 2, 6, 1717]:1548 3561 48 296
[0.03956264742629403, 7, 2, 6, 1717]:1486 3624 46 297
[0.27093653557268926, 76, 2, 7, 1989]:5025 84 336 8
[0.27093653557268926, 76, 2, 7, 1989]:5033 77 331 12
[0.27093653557268926, 76, 2, 7, 1989]:5045 64 338 6
[0.27093653557268926, 76, 2, 7, 1989]:5035 74 335 9
[0.27093653557268926, 76, 2, 7, 1989]:5036 74 332 11
[0.27093653557268926, 76, 2, 7, 1989]:5032 77 334 10
[0.27093653557268926, 76, 2, 7, 1989]:5025 85 332 11
[0.27093653557268926, 76, 2, 7, 1989]:5032 78 335 8
[0.27093653557268926, 76, 2, 7, 1989]:5024 85 333 10
[0.27093653557268926, 76, 2, 7, 1989]:5030 80 335 8
[0.011451557506067337, 66, 5, 4, 661]:4304 805 262 82
[0.011451557506067337, 66, 5, 4, 661]:4247 863 267 76
[0.011451557506067337, 66, 5, 4, 661]:4227 883 256 87
[0.011451557506067337, 66, 5, 4, 661]:4247 863 254 89
[0.011451557506067337, 66, 5, 4, 661]:4247 862 271 73
[0.011451557506067337, 66, 5, 4, 661]:4295 815 260 83
[0.011451557506067337, 66, 5, 4, 661]:4277 832 268 76
[0.011451557506067337, 66, 5, 4, 661]:4255 855 268 75
[0.011451557506067337, 66, 5, 4, 661]:4286 823 258 85
[0.011451557506067337, 66, 5, 4, 661]:4277 832 265 79
[0.1306001223729498, 87, 1, 4, 1654]:4872 237 324 20
[0.1306001223729498, 87, 1, 4, 1654]:4864 246 310 33
[0.1306001223729498, 87, 1, 4, 1654]:4868 241 320 24
[0.1306001223729498, 87, 1, 4, 1654]:4833 277 318 25
[0.1306001223729498, 87, 1, 4, 1654]:4863 246 320 24
[0.1306001223729498, 87, 1, 4, 1654]:4850 260 319 24
[0.1306001223729498, 87, 1, 4, 1654]:4870 240 312 31
[0.1306001223729498, 87, 1, 4, 1654]:4865 244 316 27
[0.32484206245382324, 70, 3, 7, 1827]:5061 49 335 8
[0.32484206245382324, 70, 3, 7, 1827]:5071 39 337 6
[0.1306001223729498, 87, 1, 4, 1654]:4854 256 307 36
[0.1306001223729498, 87, 1, 4, 1654]:4845 264 322 22
[0.32484206245382324, 70, 3, 7, 1827]:5069 40 340 4
[0.32484206245382324, 70, 3, 7, 1827]:5072 37 336 8
[0.32484206245382324, 70, 3, 7, 1827]:5068 42 337 6
[0.32484206245382324, 70, 3, 7, 1827]:5071 39 339 4
[0.32484206245382324, 70, 3, 7, 1827]:5060 49 334 9
[0.32484206245382324, 70, 3, 7, 1827]:5067 42 341 3
[0.32484206245382324, 70, 3, 7, 1827]:5079 30 340 4
[0.32484206245382324, 70, 3, 7, 1827]:5064 46 339 4
[0.04327881424889845, 100, 1, 10, 200]:4746 364 291 52
[0.04327881424889845, 100, 1, 10, 200]:4718 392 300 43
[0.04327881424889845, 100, 1, 10, 200]:4713 396 307 37
[0.04327881424889845, 100, 1, 10, 200]:4735 374 299 45
[0.04327881424889845, 100, 1, 10, 200]:4715 395 298 45
[0.04327881424889845, 100, 1, 10, 200]:4719 391 302 41
[0.04327881424889845, 100, 1, 10, 200]:4716 393 310 34
[0.04327881424889845, 100, 1, 10, 200]:4735 375 293 50
[0.04327881424889845, 100, 1, 10, 200]:4728 381 296 48
[0.04327881424889845, 100, 1, 10, 200]:4727 382 302 41
[0.01, 5, 5, 9, 1773]:1 5108 0 344
[0.01, 5, 5, 9, 1773]:3 5106 0 344
[0.01, 5, 5, 9, 1773]:0 5109 0 343
[0.01, 5, 5, 9, 1773]:2 5108 0 343
[0.01, 5, 5, 9, 1773]:0 5110 0 343
[0.01, 5, 5, 9, 1773]:0 5109 0 344
[0.013239632460242658, 49, 3, 5, 772]:4578 531 301 43
[0.013239632460242658, 49, 3, 5, 772]:4585 524 292 52
[0.01, 5, 5, 9, 1773]:6 5104 0 343
[0.013239632460242658, 49, 3, 5, 772]:4601 508 289 55
[0.013239632460242658, 49, 3, 5, 772]:4634 476 287 56
[0.01, 5, 5, 9, 1773]:0 5109 0 344
[0.01, 5, 5, 9, 1773]:0 5110 0 343
[0.01, 5, 5, 9, 1773]:1 5109 1 342
[0.013239632460242658, 49, 3, 5, 772]:4606 503 293 50
[0.013239632460242658, 49, 3, 5, 772]:4572 538 288 55
[0.013239632460242658, 49, 3, 5, 772]:4596 514 290 53
[0.013239632460242658, 49, 3, 5, 772]:4586 524 297 46
[0.013239632460242658, 49, 3, 5, 772]:4576 533 300 44
[0.013239632460242658, 49, 3, 5, 772]:4579 531 285 58
[0.99, 5, 1, 7, 244]:5109 0 344 0
[0.99, 5, 1, 7, 244]:5108 1 344 0
[0.99, 5, 1, 7, 244]:5109 0 344 0
[0.99, 5, 1, 7, 244]:5110 0 343 0
[0.99, 5, 1, 7, 244]:5110 0 343 0
[0.99, 5, 1, 7, 244]:5109 0 343 0
[0.99, 5, 1, 7, 244]:5109 0 344 0
[0.99, 5, 1, 7, 244]:5110 0 343 0
[0.99, 5, 1, 7, 244]:5110 0 343 0
[0.99, 5, 1, 7, 244]:5110 0 343 0
[0.99, 100, 5, 8, 1351]:5110 0 343 0
[0.99, 100, 5, 8, 1351]:5110 0 343 0
[0.99, 100, 5, 8, 1351]:5110 0 343 0
[0.99, 100, 5, 8, 1351]:5109 0 344 0
[0.99, 100, 5, 8, 1351]:5109 0 343 0
[0.99, 100, 5, 8, 1351]:5110 0 343 0
[0.99, 100, 5, 8, 1351]:5109 0 344 0
[0.99, 100, 5, 8, 1351]:5110 0 343 0
[0.99, 100, 5, 8, 1351]:5109 0 344 0
[0.99, 100, 5, 8, 1351]:5109 0 344 0
[0.045501853428389506, 81, 4, 2, 1707]:4618 491 291 53
[0.045501853428389506, 81, 4, 2, 1707]:4595 515 287 56
[0.045501853428389506, 81, 4, 2, 1707]:4648 462 286 57
[0.045501853428389506, 81, 4, 2, 1707]:4591 519 288 55
[0.045501853428389506, 81, 4, 2, 1707]:4597 512 301 43
[0.045501853428389506, 81, 4, 2, 1707]:4624 485 293 50
[0.045501853428389506, 81, 4, 2, 1707]:4593 516 296 48
[0.045501853428389506, 81, 4, 2, 1707]:4630 480 284 59
[0.045501853428389506, 81, 4, 2, 1707]:4620 490 296 47
[0.045501853428389506, 81, 4, 2, 1707]:4639 470 291 53
[0.046284938494908404, 5, 2, 5, 403]:1554 3556 45 298
[0.046284938494908404, 5, 2, 5, 403]:1587 3522 42 302
[0.046284938494908404, 5, 2, 5, 403]:1542 3567 48 296
[0.046284938494908404, 5, 2, 5, 403]:1592 3518 55 288
[0.046284938494908404, 5, 2, 5, 403]:1565 3545 60 283
[0.046284938494908404, 5, 2, 5, 403]:1572 3537 56 288
[0.046284938494908404, 5, 2, 5, 403]:1601 3508 61 282
[0.046284938494908404, 5, 2, 5, 403]:1609 3501 61 282
[0.046284938494908404, 5, 2, 5, 403]:1500 3610 48 295
[0.046284938494908404, 5, 2, 5, 403]:1597 3512 60 284
[0.030709454527574707, 5, 5, 8, 538]:475 4635 13 330
[0.030709454527574707, 5, 5, 8, 538]:443 4667 15 328
[0.030709454527574707, 5, 5, 8, 538]:477 4633 17 326
[0.030709454527574707, 5, 5, 8, 538]:447 4663 15 328
[0.030709454527574707, 5, 5, 8, 538]:433 4676 9 335
[0.030709454527574707, 5, 5, 8, 538]:472 4638 12 331
[0.030709454527574707, 5, 5, 8, 538]:471 4638 9 335
[0.030709454527574707, 5, 5, 8, 538]:471 4638 18 326
[0.030709454527574707, 5, 5, 8, 538]:420 4689 8 336
[0.030709454527574707, 5, 5, 8, 538]:427 4682 8 335
[0.01, 100, 5, 10, 2000]:4234 876 256 87
[0.01, 100, 5, 10, 2000]:4218 892 254 89
[0.01, 100, 5, 10, 2000]:4257 853 269 74
[0.01, 100, 5, 10, 2000]:4276 833 267 77
[0.01, 100, 5, 10, 2000]:4267 842 265 79
[0.01, 100, 5, 10, 2000]:4248 861 256 87
[0.01, 100, 5, 10, 2000]:4225 885 262 81
[0.01, 100, 5, 10, 2000]:4229 880 271 73
[0.01, 100, 5, 10, 2000]:4277 833 259 84
[0.01, 100, 5, 10, 2000]:4301 808 265 79
[0.12878881931773986, 5, 5, 9, 628]:4997 113 306 37
[0.12878881931773986, 5, 5, 9, 628]:4967 143 312 31
[0.12878881931773986, 5, 5, 9, 628]:4998 112 308 35
[0.12878881931773986, 5, 5, 9, 628]:4971 138 313 30
[0.12878881931773986, 5, 5, 9, 628]:4990 120 310 33
[0.12878881931773986, 5, 5, 9, 628]:4971 138 312 32
[0.12878881931773986, 5, 5, 9, 628]:4963 146 324 20
[0.12878881931773986, 5, 5, 9, 628]:4963 147 317 26
[0.12878881931773986, 5, 5, 9, 628]:4995 114 313 31
[0.12878881931773986, 5, 5, 9, 628]:4988 121 309 35
[0.08433462178134854, 5, 5, 2, 2000]:4231 879 221 122
[0.1641028364503916, 5, 4, 7, 1883]:5024 86 321 22
[0.1641028364503916, 5, 4, 7, 1883]:5028 81 319 24
[0.1641028364503916, 5, 4, 7, 1883]:5049 61 324 19
[0.1641028364503916, 5, 4, 7, 1883]:5052 58 325 18
[0.08433462178134854, 5, 5, 2, 2000]:4298 811 225 119
[0.08433462178134854, 5, 5, 2, 2000]:4309 801 229 114
[0.08433462178134854, 5, 5, 2, 2000]:4318 792 233 110
[0.1641028364503916, 5, 4, 7, 1883]:5040 69 328 16
[0.1641028364503916, 5, 4, 7, 1883]:5048 61 321 23
[0.08433462178134854, 5, 5, 2, 2000]:4267 843 222 121
[0.1641028364503916, 5, 4, 7, 1883]:5045 64 327 17
[0.08433462178134854, 5, 5, 2, 2000]:4163 946 238 106
[0.1641028364503916, 5, 4, 7, 1883]:5026 83 328 16
[0.1641028364503916, 5, 4, 7, 1883]:5053 57 318 25
[0.08433462178134854, 5, 5, 2, 2000]:4220 890 234 109
[0.08433462178134854, 5, 5, 2, 2000]:4233 876 231 113
[0.08433462178134854, 5, 5, 2, 2000]:4355 754 241 103
[0.08433462178134854, 5, 5, 2, 2000]:4194 915 229 114
[0.1641028364503916, 5, 4, 7, 1883]:5032 78 328 15
[0.08583175544410618, 100, 4, 2, 200]:4771 339 301 42
[0.08583175544410618, 100, 4, 2, 200]:4788 321 307 37
[0.08583175544410618, 100, 4, 2, 200]:4780 329 306 38
[0.08583175544410618, 100, 4, 2, 200]:4798 312 310 33
[0.08583175544410618, 100, 4, 2, 200]:4822 288 305 38
[0.08583175544410618, 100, 4, 2, 200]:4780 329 307 36
[0.08583175544410618, 100, 4, 2, 200]:4770 339 316 28
[0.08583175544410618, 100, 4, 2, 200]:4796 314 301 42
[0.08583175544410618, 100, 4, 2, 200]:4810 300 301 42
[0.08583175544410618, 100, 4, 2, 200]:4792 317 305 39
[0.09305990259276002, 100, 5, 9, 2000]:4793 317 310 33
[0.09305990259276002, 100, 5, 9, 2000]:4799 311 300 43
[0.07764145281231652, 100, 5, 5, 2000]:4718 391 300 43
[0.07764145281231652, 100, 5, 5, 2000]:4724 386 291 52
[0.07764145281231652, 100, 5, 5, 2000]:4741 368 300 44
[0.07764145281231652, 100, 5, 5, 2000]:4728 382 298 45
[0.09305990259276002, 100, 5, 9, 2000]:4774 335 305 38
[0.07764145281231652, 100, 5, 5, 2000]:4730 379 303 41
[0.09305990259276002, 100, 5, 9, 2000]:4770 339 306 38
[0.07764145281231652, 100, 5, 5, 2000]:4728 382 303 40
[0.09305990259276002, 100, 5, 9, 2000]:4788 321 302 42
[0.09305990259276002, 100, 5, 9, 2000]:4785 324 307 37
[0.07764145281231652, 100, 5, 5, 2000]:4716 393 301 43
[0.07764145281231652, 100, 5, 5, 2000]:4727 383 294 49
[0.07764145281231652, 100, 5, 5, 2000]:4759 351 296 47
[0.07764145281231652, 100, 5, 5, 2000]:4694 415 300 44
[0.09305990259276002, 100, 5, 9, 2000]:4775 334 312 32
[0.09305990259276002, 100, 5, 9, 2000]:4802 308 298 45
[0.09305990259276002, 100, 5, 9, 2000]:4778 332 297 46
[0.09305990259276002, 100, 5, 9, 2000]:4820 290 302 41
[0.09045193164914471, 6, 5, 10, 389]:4547 562 275 69
[0.09045193164914471, 6, 5, 10, 389]:4579 531 259 84
[0.09045193164914471, 6, 5, 10, 389]:4530 579 254 90
[0.09045193164914471, 6, 5, 10, 389]:4607 502 271 73
[0.09045193164914471, 6, 5, 10, 389]:4505 605 261 82
[0.09045193164914471, 6, 5, 10, 389]:4622 487 258 86
[0.09045193164914471, 6, 5, 10, 389]:4588 522 269 74
[0.09045193164914471, 6, 5, 10, 389]:4574 536 259 84
[0.09045193164914471, 6, 5, 10, 389]:4486 623 261 82
[0.09045193164914471, 6, 5, 10, 389]:4584 526 260 83
[0.021880812806787015, 99, 5, 4, 384]:4353 757 260 83
[0.021880812806787015, 99, 5, 4, 384]:4402 708 267 76
[0.021880812806787015, 99, 5, 4, 384]:4371 738 276 68
[0.021880812806787015, 99, 5, 4, 384]:4411 698 273 71
[0.021880812806787015, 99, 5, 4, 384]:4345 765 267 76
[0.021880812806787015, 99, 5, 4, 384]:4367 742 273 71
[0.021880812806787015, 99, 5, 4, 384]:4326 784 263 80
[0.021880812806787015, 99, 5, 4, 384]:4352 758 274 69
[0.021880812806787015, 99, 5, 4, 384]:4344 765 280 64
[0.021880812806787015, 99, 5, 4, 384]:4355 754 265 78
[0.026558314932426406, 100, 5, 10, 1800]:4359 751 265 78
[0.026558314932426406, 100, 5, 10, 1800]:4380 730 267 76
[0.026558314932426406, 100, 5, 10, 1800]:4400 709 279 65
[0.026558314932426406, 100, 5, 10, 1800]:4370 739 279 65
[0.026558314932426406, 100, 5, 10, 1800]:4386 723 265 78
[0.026558314932426406, 100, 5, 10, 1800]:4414 695 274 70
[0.026558314932426406, 100, 5, 10, 1800]:4393 717 275 68
[0.026558314932426406, 100, 5, 10, 1800]:4376 734 274 69
[0.026558314932426406, 100, 5, 10, 1800]:4428 682 272 71
[0.026558314932426406, 100, 5, 10, 1800]:4429 680 275 69
[0.07815703972338911, 5, 5, 2, 220]:3993 1116 214 130
[0.08232531643668842, 5, 5, 2, 200]:4229 881 221 122
[0.08232531643668842, 5, 5, 2, 200]:4124 986 224 119
[0.07815703972338911, 5, 5, 2, 220]:3997 1113 206 137
[0.08232531643668842, 5, 5, 2, 200]:4148 961 226 117
[0.07815703972338911, 5, 5, 2, 220]:3908 1201 216 128
[0.08232531643668842, 5, 5, 2, 200]:4206 904 227 116
[0.08232531643668842, 5, 5, 2, 200]:4113 997 209 134
[0.07815703972338911, 5, 5, 2, 220]:3968 1141 215 128
[0.08232531643668842, 5, 5, 2, 200]:4052 1057 231 113
[0.07815703972338911, 5, 5, 2, 220]:3965 1145 197 146
[0.07815703972338911, 5, 5, 2, 220]:4059 1050 196 148
[0.07815703972338911, 5, 5, 2, 220]:3969 1141 201 142
[0.08232531643668842, 5, 5, 2, 200]:4252 857 224 120
[0.08232531643668842, 5, 5, 2, 200]:4156 954 214 129
[0.08232531643668842, 5, 5, 2, 200]:4237 872 216 128
[0.07815703972338911, 5, 5, 2, 220]:4093 1016 212 132
[0.08232531643668842, 5, 5, 2, 200]:4175 934 226 118
[0.07815703972338911, 5, 5, 2, 220]:3951 1159 211 132
[0.07815703972338911, 5, 5, 2, 220]:4055 1055 202 141
[0.07990568142539688, 5, 5, 2, 2000]:4013 1097 215 128
[0.07990568142539688, 5, 5, 2, 2000]:4029 1080 216 128
[0.07990568142539688, 5, 5, 2, 2000]:4113 996 204 140
[0.07990568142539688, 5, 5, 2, 2000]:3981 1128 222 122
[0.07990568142539688, 5, 5, 2, 2000]:4072 1038 211 132
[0.07990568142539688, 5, 5, 2, 2000]:4120 990 213 130
[0.07990568142539688, 5, 5, 2, 2000]:4023 1087 205 138
[0.07990568142539688, 5, 5, 2, 2000]:4058 1052 205 138
[0.07990568142539688, 5, 5, 2, 2000]:4020 1089 217 126
[0.07990568142539688, 5, 5, 2, 2000]:4143 966 216 128
[0.01, 100, 1, 2, 200]:4859 250 319 25
[0.01, 100, 1, 2, 200]:4852 257 321 22
[0.01, 79, 1, 10, 200]:4678 431 296 47
[0.01, 79, 1, 10, 200]:4653 456 306 38
[0.01, 79, 1, 10, 200]:4684 426 286 57
[0.01, 100, 1, 2, 200]:4844 266 315 28
[0.01, 79, 1, 10, 200]:4662 448 290 53
[0.01, 100, 1, 2, 200]:4871 239 315 28
[0.01, 100, 1, 2, 200]:4851 259 318 25
[0.01, 100, 1, 2, 200]:4858 251 323 21
[0.01, 100, 1, 2, 200]:4844 266 312 31
[0.01, 79, 1, 10, 200]:4670 439 293 51
[0.01, 100, 1, 2, 200]:4825 285 317 26
[0.01, 100, 1, 2, 200]:4847 262 324 20
[0.01, 79, 1, 10, 200]:4660 449 290 54
[0.01, 79, 1, 10, 200]:4641 469 286 57
[0.01, 79, 1, 10, 200]:4628 481 303 41
[0.01, 79, 1, 10, 200]:4654 456 289 54
[0.01, 79, 1, 10, 200]:4651 459 299 44
[0.01, 100, 1, 2, 200]:4862 247 321 23
[0.010679608238278964, 94, 1, 7, 530]:4754 355 317 27
[0.010679608238278964, 94, 1, 7, 530]:4745 364 310 34
[0.010679608238278964, 94, 1, 7, 530]:4776 333 306 37
[0.010679608238278964, 94, 1, 7, 530]:4765 344 304 40
[0.010679608238278964, 94, 1, 7, 530]:4739 371 296 47
[0.010679608238278964, 94, 1, 7, 530]:4754 355 304 40
[0.010679608238278964, 94, 1, 7, 530]:4757 353 303 40
[0.010679608238278964, 94, 1, 7, 530]:4753 357 304 39
[0.010679608238278964, 94, 1, 7, 530]:4781 329 302 41
[0.010679608238278964, 94, 1, 7, 530]:4750 360 307 36
[0.08680188612839124, 5, 1, 2, 200]:4481 629 253 90
[0.08680188612839124, 5, 1, 2, 200]:4372 738 234 109
[0.08680188612839124, 5, 1, 2, 200]:4444 666 245 98
[0.15887456822117807, 5, 4, 2, 200]:5038 71 327 17
[0.15887456822117807, 5, 4, 2, 200]:5047 63 323 20
[0.15887456822117807, 5, 4, 2, 200]:5037 72 322 22
[0.08680188612839124, 5, 1, 2, 200]:4394 716 240 103
[0.15887456822117807, 5, 4, 2, 200]:5046 64 325 18
[0.08680188612839124, 5, 1, 2, 200]:4346 763 240 104
[0.15887456822117807, 5, 4, 2, 200]:5025 85 326 17
[0.08680188612839124, 5, 1, 2, 200]:4303 806 234 109
[0.15887456822117807, 5, 4, 2, 200]:5016 94 319 24
[0.15887456822117807, 5, 4, 2, 200]:5019 90 318 25
[0.08680188612839124, 5, 1, 2, 200]:4428 682 251 92
[0.08680188612839124, 5, 1, 2, 200]:4498 611 255 89
[0.08680188612839124, 5, 1, 2, 200]:4343 766 253 91
[0.15887456822117807, 5, 4, 2, 200]:5013 96 328 16
[0.08680188612839124, 5, 1, 2, 200]:4482 627 243 101
[0.15887456822117807, 5, 4, 2, 200]:5050 60 316 27
[0.15887456822117807, 5, 4, 2, 200]:5041 68 320 24
[0.99, 5, 5, 2, 1853]:5109 0 344 0
[0.99, 5, 5, 2, 1853]:5109 0 344 0
[0.99, 5, 5, 2, 1853]:5109 0 344 0
[0.99, 5, 5, 2, 1853]:5110 0 343 0
[0.99, 5, 5, 2, 1853]:5110 0 343 0
[0.99, 5, 5, 2, 1853]:5110 0 343 0
[0.99, 5, 5, 2, 1853]:5109 0 344 0
[0.99, 5, 5, 2, 1853]:5110 0 343 0
[0.99, 5, 5, 2, 1853]:5110 0 343 0
[0.99, 5, 5, 2, 1853]:5109 0 343 0
[0.0801454055308405, 5, 1, 10, 200]:4055 1055 211 132
[0.0801454055308405, 5, 1, 10, 200]:4173 936 220 124
[0.0801454055308405, 5, 1, 10, 200]:4021 1089 214 129
[0.0801454055308405, 5, 1, 10, 200]:3957 1153 202 141
[0.0801454055308405, 5, 1, 10, 200]:4001 1108 213 130
[0.0801454055308405, 5, 1, 10, 200]:4089 1020 200 144
[0.0801454055308405, 5, 1, 10, 200]:4040 1069 219 125
[0.0801454055308405, 5, 1, 10, 200]:4040 1070 203 140
[0.0801454055308405, 5, 1, 10, 200]:4103 1007 209 134
[0.0801454055308405, 5, 1, 10, 200]:3991 1118 223 121
[0.01889070906753528, 5, 1, 10, 419]:15 5095 2 341
[0.01889070906753528, 5, 1, 10, 419]:0 5110 0 343
[0.01889070906753528, 5, 1, 10, 419]:5 5104 0 344
[0.01889070906753528, 5, 1, 10, 419]:13 5096 1 343
[0.01889070906753528, 5, 1, 10, 419]:7 5103 1 342
[0.01889070906753528, 5, 1, 10, 419]:5 5104 0 344
[0.01889070906753528, 5, 1, 10, 419]:11 5099 1 342
[0.01889070906753528, 5, 1, 10, 419]:1 5108 1 342
[0.01889070906753528, 5, 1, 10, 419]:5 5104 0 344
[0.01859110682411608, 5, 1, 2, 561]:3 5107 1 342
[0.01859110682411608, 5, 1, 2, 561]:15 5095 2 341
[0.01889070906753528, 5, 1, 10, 419]:3 5107 1 342
[0.01859110682411608, 5, 1, 2, 561]:2 5108 0 343
[0.01859110682411608, 5, 1, 2, 561]:2 5108 0 343
[0.01859110682411608, 5, 1, 2, 561]:4 5105 0 344
[0.01859110682411608, 5, 1, 2, 561]:1 5109 0 343
[0.01859110682411608, 5, 1, 2, 561]:2 5107 0 344
[0.01859110682411608, 5, 1, 2, 561]:3 5106 0 344
[0.01859110682411608, 5, 1, 2, 561]:0 5109 0 344
[0.01859110682411608, 5, 1, 2, 561]:1 5108 1 342
[0.0796832591403068, 5, 1, 2, 200]:4021 1088 215 129
[0.0796832591403068, 5, 1, 2, 200]:4039 1070 218 125
[0.0796832591403068, 5, 1, 2, 200]:3985 1125 214 129
[0.0796832591403068, 5, 1, 2, 200]:4057 1053 211 132
[0.0796832591403068, 5, 1, 2, 200]:4111 998 212 132
[0.0796832591403068, 5, 1, 2, 200]:4005 1105 204 139
[0.0796832591403068, 5, 1, 2, 200]:4035 1075 204 139
[0.0796832591403068, 5, 1, 2, 200]:4005 1104 228 116
[0.0796832591403068, 5, 1, 2, 200]:4143 966 209 135
[0.0796832591403068, 5, 1, 2, 200]:4171 939 220 123
[0.08440132885412463, 12, 3, 2, 200]:4789 320 306 38
[0.08440132885412463, 12, 3, 2, 200]:4786 324 295 48
[0.08440132885412463, 12, 3, 2, 200]:4707 402 289 55
[0.08440132885412463, 12, 3, 2, 200]:4806 303 304 40
[0.08440132885412463, 12, 3, 2, 200]:4798 312 293 50
[0.08440132885412463, 12, 3, 2, 200]:4746 364 296 47
[0.08440132885412463, 12, 3, 2, 200]:4722 387 297 47
[0.08440132885412463, 12, 3, 2, 200]:4764 346 297 46
[0.08440132885412463, 12, 3, 2, 200]:4722 387 307 36
[0.08440132885412463, 12, 3, 2, 200]:4783 327 301 42
[0.08898417092944218, 18, 5, 2, 329]:4815 295 301 42
[0.08898417092944218, 18, 5, 2, 329]:4779 330 305 39
[0.08898417092944218, 18, 5, 2, 329]:4796 314 299 44
[0.08898417092944218, 18, 5, 2, 329]:4806 303 307 37
[0.08898417092944218, 18, 5, 2, 329]:4788 321 305 39
[0.08898417092944218, 18, 5, 2, 329]:4763 346 304 39
[0.08898417092944218, 18, 5, 2, 329]:4801 309 310 33
[0.08898417092944218, 18, 5, 2, 329]:4790 319 311 33
[0.08898417092944218, 18, 5, 2, 329]:4817 293 303 40
[0.08898417092944218, 18, 5, 2, 329]:4782 328 300 43
[0.030916564416066064, 28, 5, 10, 200]:4413 697 271 72
[0.0489826092804562, 37, 5, 10, 200]:4548 561 286 58
[0.0489826092804562, 37, 5, 10, 200]:4545 564 285 58
[0.030916564416066064, 28, 5, 10, 200]:4427 683 269 74
[0.030916564416066064, 28, 5, 10, 200]:4390 720 269 74
[0.030916564416066064, 28, 5, 10, 200]:4438 671 279 65
[0.0489826092804562, 37, 5, 10, 200]:4591 519 282 61
[0.03647785757448746, 33, 1, 10, 200]:4723 386 298 46
[0.0489826092804562, 37, 5, 10, 200]:4557 553 283 60
[0.030916564416066064, 28, 5, 10, 200]:4448 661 278 66
[0.0489826092804562, 37, 5, 10, 200]:4530 579 294 50
[0.0489826092804562, 37, 5, 10, 200]:4581 528 281 63
[0.03647785757448746, 33, 1, 10, 200]:4697 412 305 39
[0.03647785757448746, 33, 1, 10, 200]:4721 389 294 49
[0.0489826092804562, 37, 5, 10, 200]:4542 568 281 62
[0.03647785757448746, 33, 1, 10, 200]:4692 418 296 47
[0.03647785757448746, 33, 1, 10, 200]:4739 371 294 49
[0.030916564416066064, 28, 5, 10, 200]:4442 667 275 69
[0.03647785757448746, 33, 1, 10, 200]:4714 395 298 46
[0.03647785757448746, 33, 1, 10, 200]:4719 390 305 38
[0.0489826092804562, 37, 5, 10, 200]:4553 557 285 58
[0.03647785757448746, 33, 1, 10, 200]:4708 401 309 35
[0.030916564416066064, 28, 5, 10, 200]:4414 696 273 70
[0.0489826092804562, 37, 5, 10, 200]:4552 557 288 56
[0.030916564416066064, 28, 5, 10, 200]:4420 689 280 64
[0.030916564416066064, 28, 5, 10, 200]:4410 700 278 65
[0.0489826092804562, 37, 5, 10, 200]:4550 560 286 57
[0.030916564416066064, 28, 5, 10, 200]:4431 678 275 68
[0.03647785757448746, 33, 1, 10, 200]:4712 398 301 42
[0.03647785757448746, 33, 1, 10, 200]:4690 420 291 52
[0.99, 44, 1, 5, 993]:5033 76 337 7
[0.99, 44, 1, 5, 993]:5030 80 338 5
[0.99, 44, 1, 5, 993]:5029 80 338 5
[0.99, 44, 1, 5, 993]:5024 85 338 6
[0.99, 44, 1, 5, 993]:5037 72 339 5
[0.99, 44, 1, 5, 993]:5019 91 336 7
[0.99, 44, 1, 5, 993]:5038 72 334 9
[0.99, 44, 1, 5, 993]:5039 70 339 5
[0.99, 44, 1, 5, 993]:5040 70 333 10
[0.99, 44, 1, 5, 993]:5031 79 331 12
[0.01673709791509793, 85, 5, 10, 1490]:4270 840 258 85
[0.01673709791509793, 85, 5, 10, 1490]:4338 772 262 81
[0.01673709791509793, 85, 5, 10, 1490]:4294 816 268 75
[0.01673709791509793, 85, 5, 10, 1490]:4332 777 271 73
[0.01673709791509793, 85, 5, 10, 1490]:4315 794 260 83
[0.01673709791509793, 85, 5, 10, 1490]:4321 788 268 76
[0.01673709791509793, 85, 5, 10, 1490]:4302 807 275 69
[0.01673709791509793, 85, 5, 10, 1490]:4290 820 261 82
[0.01673709791509793, 85, 5, 10, 1490]:4361 748 268 76
[0.01673709791509793, 85, 5, 10, 1490]:4315 795 272 71
[0.011725190374392517, 85, 5, 2, 2000]:4259 850 257 86
[0.011725190374392517, 85, 5, 2, 2000]:4230 880 252 91
[0.011725190374392517, 85, 5, 2, 2000]:4290 820 260 83
[0.011725190374392517, 85, 5, 2, 2000]:4260 849 274 70
[0.011725190374392517, 85, 5, 2, 2000]:4293 816 268 76
[0.011725190374392517, 85, 5, 2, 2000]:4293 816 264 80
[0.011725190374392517, 85, 5, 2, 2000]:4318 791 264 80
[0.011725190374392517, 85, 5, 2, 2000]:4248 862 254 89
[0.011725190374392517, 85, 5, 2, 2000]:4250 860 264 79
[0.011725190374392517, 85, 5, 2, 2000]:4272 838 269 74
[0.08647501940072874, 5, 3, 10, 200]:4446 663 253 91
[0.08647501940072874, 5, 3, 10, 200]:4377 733 239 104
[0.08647501940072874, 5, 3, 10, 200]:4302 807 238 105
[0.08647501940072874, 5, 3, 10, 200]:4285 824 244 100
[0.08647501940072874, 5, 3, 10, 200]:4418 692 244 99
[0.08647501940072874, 5, 3, 10, 200]:4370 739 233 111
[0.08647501940072874, 5, 3, 10, 200]:4352 758 235 108
[0.08647501940072874, 5, 3, 10, 200]:4360 750 247 96
[0.08647501940072874, 5, 3, 10, 200]:4392 717 245 99
[0.08647501940072874, 5, 3, 10, 200]:4347 763 237 106
[0.01, 35, 5, 7, 686]:4265 845 261 82
[0.01, 35, 5, 7, 686]:4207 903 252 91
[0.01, 35, 5, 7, 686]:4226 884 263 80
[0.01, 35, 5, 7, 686]:4240 869 257 86
[0.01, 35, 5, 7, 686]:4287 822 266 78
[0.01, 35, 5, 7, 686]:4235 875 252 91
[0.01, 35, 5, 7, 686]:4246 863 271 73
[0.01, 35, 5, 7, 686]:4270 839 263 81
[0.01, 35, 5, 7, 686]:4278 831 268 76
[0.01, 35, 5, 7, 686]:4259 851 268 75
[0.01, 35, 1, 9, 1410]:4688 421 309 35
[0.01, 35, 1, 9, 1410]:4710 399 297 46
[0.01, 35, 1, 9, 1410]:4699 411 295 48
[0.01, 35, 1, 9, 1410]:4687 423 296 47
[0.01, 35, 1, 9, 1410]:4671 438 303 41
[0.01, 35, 1, 9, 1410]:4703 406 294 50
[0.01, 35, 1, 9, 1410]:4695 415 294 49
[0.01, 35, 1, 9, 1410]:4680 430 291 52
[0.01, 35, 1, 9, 1410]:4716 394 292 51
[0.01, 35, 1, 9, 1410]:4697 412 295 49
[0.1913090811164193, 39, 5, 4, 200]:5023 87 325 18
[0.1913090811164193, 39, 5, 4, 200]:5017 93 328 15
[0.1913090811164193, 39, 5, 4, 200]:5014 95 326 18
[0.1913090811164193, 39, 5, 4, 200]:5005 105 326 17
[0.1913090811164193, 39, 5, 4, 200]:5010 99 332 12
[0.1913090811164193, 39, 5, 4, 200]:5001 109 322 21
[0.1913090811164193, 39, 5, 4, 200]:5018 92 330 13
[0.1913090811164193, 39, 5, 4, 200]:5001 108 326 18
[0.1913090811164193, 39, 5, 4, 200]:5000 109 329 14
[0.1913090811164193, 39, 5, 4, 200]:5009 100 331 13
[0.13862231335489777, 39, 1, 9, 379]:4907 202 319 25
[0.13862231335489777, 39, 1, 9, 379]:4924 186 313 30
[0.13862231335489777, 39, 1, 9, 379]:4887 222 317 26
[0.13862231335489777, 39, 1, 9, 379]:4907 202 327 17
[0.13862231335489777, 39, 1, 9, 379]:4907 202 321 23
[0.13862231335489777, 39, 1, 9, 379]:4901 209 310 33
[0.12212358033187148, 42, 5, 8, 592]:4878 232 305 38
[0.12212358033187148, 42, 5, 8, 592]:4885 225 316 27
[0.13862231335489777, 39, 1, 9, 379]:4903 207 319 24
[0.13862231335489777, 39, 1, 9, 379]:4891 218 325 19
[0.12212358033187148, 42, 5, 8, 592]:4882 228 309 34
[0.12212358033187148, 42, 5, 8, 592]:4902 208 310 33
[0.13862231335489777, 39, 1, 9, 379]:4883 227 314 29
[0.13862231335489777, 39, 1, 9, 379]:4917 193 311 32
[0.12212358033187148, 42, 5, 8, 592]:4878 232 309 34
[0.12212358033187148, 42, 5, 8, 592]:4862 247 310 33
[0.12212358033187148, 42, 5, 8, 592]:4882 227 308 36
[0.12212358033187148, 42, 5, 8, 592]:4876 233 315 29
[0.12212358033187148, 42, 5, 8, 592]:4861 248 323 21
[0.12212358033187148, 42, 5, 8, 592]:4862 247 316 28
[0.01819690919438369, 23, 2, 2, 200]:4701 409 297 46
[0.01819690919438369, 23, 2, 2, 200]:4708 402 309 34
[0.01819690919438369, 23, 2, 2, 200]:4725 384 304 40
[0.01819690919438369, 23, 2, 2, 200]:4750 360 303 40
[0.01819690919438369, 23, 2, 2, 200]:4716 393 316 28
[0.01819690919438369, 23, 2, 2, 200]:4690 419 305 39
[0.01819690919438369, 23, 2, 2, 200]:4700 410 305 38
[0.01819690919438369, 23, 2, 2, 200]:4724 385 308 35
[0.01819690919438369, 23, 2, 2, 200]:4692 417 312 32
[0.01819690919438369, 23, 2, 2, 200]:4711 399 298 45
[0.01710652222897072, 20, 5, 4, 692]:4105 1005 253 90
[0.01710652222897072, 20, 5, 4, 692]:4103 1007 240 103
[0.01710652222897072, 20, 5, 4, 692]:4124 986 249 94
[0.01710652222897072, 20, 5, 4, 692]:4098 1012 243 100
[0.01710652222897072, 20, 5, 4, 692]:4120 989 252 91
[0.01710652222897072, 20, 5, 4, 692]:4207 902 261 83
[0.01710652222897072, 20, 5, 4, 692]:4119 990 249 95
[0.01710652222897072, 20, 5, 4, 692]:4090 1020 252 91
[0.01710652222897072, 20, 5, 4, 692]:4092 1017 261 83
[0.01710652222897072, 20, 5, 4, 692]:4146 963 250 94
[0.01631978355851055, 26, 5, 8, 1517]:4318 792 264 79
[0.01631978355851055, 26, 5, 8, 1517]:4282 828 264 79
[0.01631978355851055, 26, 5, 8, 1517]:4313 796 270 74
[0.01631978355851055, 26, 5, 8, 1517]:4349 760 269 75
[0.01631978355851055, 26, 5, 8, 1517]:4293 816 259 84
[0.01631978355851055, 26, 5, 8, 1517]:4312 797 271 73
[0.01631978355851055, 26, 5, 8, 1517]:4248 862 258 85
[0.01631978355851055, 26, 5, 8, 1517]:4268 842 256 87
[0.01631978355851055, 26, 5, 8, 1517]:4300 810 269 74
[0.01631978355851055, 26, 5, 8, 1517]:4274 835 273 71
[0.08518355450520797, 5, 5, 10, 200]:4264 846 226 117
[0.08518355450520797, 5, 5, 10, 200]:4246 864 238 105
[0.08518355450520797, 5, 5, 10, 200]:4377 733 244 99
[0.08518355450520797, 5, 5, 10, 200]:4233 876 233 111
[0.08518355450520797, 5, 5, 10, 200]:4231 878 242 102
[0.08518355450520797, 5, 5, 10, 200]:4397 712 246 98
[0.08518355450520797, 5, 5, 10, 200]:4359 750 231 113
[0.08518355450520797, 5, 5, 10, 200]:4352 758 234 109
[0.08518355450520797, 5, 5, 10, 200]:4208 901 231 112
[0.08518355450520797, 5, 5, 10, 200]:4335 775 226 117
[0.029864893030492366, 52, 5, 8, 338]:4415 694 277 67
[0.029864893030492366, 52, 5, 8, 338]:4414 696 276 67
[0.029864893030492366, 52, 5, 8, 338]:4396 714 266 77
[0.029864893030492366, 52, 5, 8, 338]:4445 665 272 71
[0.029864893030492366, 52, 5, 8, 338]:4461 648 276 68
[0.029864893030492366, 52, 5, 8, 338]:4427 682 269 74
[0.029864893030492366, 52, 5, 8, 338]:4411 699 267 76
[0.029864893030492366, 52, 5, 8, 338]:4407 702 280 64
[0.029864893030492366, 52, 5, 8, 338]:4398 712 275 68
[0.029864893030492366, 52, 5, 8, 338]:4436 673 275 69
[0.03907558972476486, 56, 5, 8, 1433]:4477 633 282 61
[0.03907558972476486, 56, 5, 8, 1433]:4516 593 279 65
[0.03907558972476486, 56, 5, 8, 1433]:4479 630 286 58
[0.03907558972476486, 56, 5, 8, 1433]:4461 649 273 70
[0.03907558972476486, 56, 5, 8, 1433]:4478 631 279 64
[0.03907558972476486, 56, 5, 8, 1433]:4472 637 287 57
[0.03907558972476486, 56, 5, 8, 1433]:4495 615 276 67
[0.03907558972476486, 56, 5, 8, 1433]:4494 615 284 60
[0.03907558972476486, 56, 5, 8, 1433]:4486 624 275 68
[0.03907558972476486, 56, 5, 8, 1433]:4540 570 277 66
