[0.013286474048671204, 12, 2, 8, 1015]:81 5033 7 332
[0.013286474048671204, 12, 2, 8, 1015]:60 5054 5 334
[0.026834123971849515, 84, 3, 10, 555]:767 4347 47 292
[0.3731827041616468, 37, 2, 9, 992]:5113 1 339 0
[0.026834123971849515, 84, 3, 10, 555]:1043 4071 62 277
[0.3731827041616468, 37, 2, 9, 992]:5113 1 339 0
[0.013286474048671204, 12, 2, 8, 1015]:69 5045 6 333
[0.013286474048671204, 12, 2, 8, 1015]:61 5054 4 334
[0.3731827041616468, 37, 2, 9, 992]:5114 0 339 0
[0.013286474048671204, 12, 2, 8, 1015]:58 5056 3 336
[0.026834123971849515, 84, 3, 10, 555]:1461 3654 104 234
[0.013286474048671204, 12, 2, 8, 1015]:73 5041 4 335
[0.013286474048671204, 12, 2, 8, 1015]:66 5048 2 337
[0.013286474048671204, 12, 2, 8, 1015]:65 5049 5 333
[0.026834123971849515, 84, 3, 10, 555]:841 4273 51 288
[0.026834123971849515, 84, 3, 10, 555]:894 4220 57 282
[0.3731827041616468, 37, 2, 9, 992]:5114 0 339 0
[0.013286474048671204, 12, 2, 8, 1015]:57 5057 2 337
[0.3731827041616468, 37, 2, 9, 992]:5115 0 338 0
[0.026834123971849515, 84, 3, 10, 555]:1174 3940 75 263
[0.013286474048671204, 12, 2, 8, 1015]:79 5036 2 336
[0.3731827041616468, 37, 2, 9, 992]:5114 0 339 0
[0.026834123971849515, 84, 3, 10, 555]:1215 3900 69 269
[0.026834123971849515, 84, 3, 10, 555]:1081 4033 55 284
[0.3731827041616468, 37, 2, 9, 992]:5114 0 338 0
[0.3731827041616468, 37, 2, 9, 992]:5113 1 339 0
[0.3731827041616468, 37, 2, 9, 992]:5114 0 339 0
[0.026834123971849515, 84, 3, 10, 555]:763 4351 52 287
[0.3731827041616468, 37, 2, 9, 992]:5115 0 338 0
[0.026834123971849515, 84, 3, 10, 555]:1366 3748 85 254
[0.04566463236196597, 76, 3, 6, 331]:3395 1719 187 152
[0.04566463236196597, 76, 3, 6, 331]:3421 1693 186 153
[0.04566463236196597, 76, 3, 6, 331]:3530 1584 203 136
[0.10267776106300358, 15, 5, 5, 705]:4858 257 294 44
[0.10267776106300358, 15, 5, 5, 705]:4858 256 298 41
[0.10267776106300358, 15, 5, 5, 705]:4844 270 295 44
[0.04566463236196597, 76, 3, 6, 331]:3565 1549 207 132
[0.10267776106300358, 15, 5, 5, 705]:4840 275 288 50
[0.10267776106300358, 15, 5, 5, 705]:4846 268 294 44
[0.04566463236196597, 76, 3, 6, 331]:3388 1726 199 139
[0.04566463236196597, 76, 3, 6, 331]:3532 1582 198 141
[0.04566463236196597, 76, 3, 6, 331]:3403 1712 200 138
[0.10267776106300358, 15, 5, 5, 705]:4849 265 290 49
[0.10267776106300358, 15, 5, 5, 705]:4847 267 296 43
[0.04566463236196597, 76, 3, 6, 331]:3609 1505 210 129
[0.04566463236196597, 76, 3, 6, 331]:3559 1555 206 133
[0.10267776106300358, 15, 5, 5, 705]:4858 256 291 48
[0.10267776106300358, 15, 5, 5, 705]:4847 267 294 45
[0.10267776106300358, 15, 5, 5, 705]:4847 267 294 45
[0.04566463236196597, 76, 3, 6, 331]:3514 1601 208 130
[0.44051903930634406, 82, 5, 5, 1667]:5114 0 339 0
[0.44051903930634406, 82, 5, 5, 1667]:5114 0 339 0
[0.44051903930634406, 82, 5, 5, 1667]:5115 0 338 0
[0.44051903930634406, 82, 5, 5, 1667]:5114 0 339 0
[0.44051903930634406, 82, 5, 5, 1667]:5114 0 338 0
[0.44051903930634406, 82, 5, 5, 1667]:5114 0 339 0
[0.44051903930634406, 82, 5, 5, 1667]:5114 0 339 0
[0.44051903930634406, 82, 5, 5, 1667]:5115 0 338 0
[0.44051903930634406, 82, 5, 5, 1667]:5114 0 339 0
[0.44051903930634406, 82, 5, 5, 1667]:5114 0 339 0
[0.6577657728090087, 9, 1, 3, 1148]:5115 0 338 0
[0.6577657728090087, 9, 1, 3, 1148]:5115 0 338 0
[0.6577657728090087, 9, 1, 3, 1148]:5114 0 339 0
[0.6577657728090087, 9, 1, 3, 1148]:5114 0 339 0
[0.6577657728090087, 9, 1, 3, 1148]:5114 0 338 0
[0.6577657728090087, 9, 1, 3, 1148]:5114 0 339 0
[0.6577657728090087, 9, 1, 3, 1148]:5114 0 339 0
[0.6577657728090087, 9, 1, 3, 1148]:5114 0 339 0
[0.6577657728090087, 9, 1, 3, 1148]:5114 0 339 0
[0.6577657728090087, 9, 1, 3, 1148]:5114 0 339 0
[0.11457159394834963, 71, 3, 6, 945]:4863 251 294 45
[0.11457159394834963, 71, 3, 6, 945]:4856 258 298 41
[0.11457159394834963, 71, 3, 6, 945]:4852 263 291 47
[0.11457159394834963, 71, 3, 6, 945]:4846 268 297 42
[0.11457159394834963, 71, 3, 6, 945]:4848 266 298 41
[0.11457159394834963, 71, 3, 6, 945]:4838 276 291 48
[0.11457159394834963, 71, 3, 6, 945]:4832 282 293 46
[0.11457159394834963, 71, 3, 6, 945]:4856 258 294 45
[0.11457159394834963, 71, 3, 6, 945]:4843 272 285 53
[0.11457159394834963, 71, 3, 6, 945]:4852 262 297 41
[0.010725587422633335, 42, 5, 5, 1507]:241 4873 11 328
[0.010725587422633335, 42, 5, 5, 1507]:294 4820 20 318
[0.010725587422633335, 42, 5, 5, 1507]:264 4851 9 329
[0.010725587422633335, 42, 5, 5, 1507]:261 4854 19 319
[0.010725587422633335, 42, 5, 5, 1507]:237 4877 12 327
[0.010725587422633335, 42, 5, 5, 1507]:276 4838 13 326
[0.010725587422633335, 42, 5, 5, 1507]:249 4865 21 318
[0.010725587422633335, 42, 5, 5, 1507]:272 4842 15 324
[0.010725587422633335, 42, 5, 5, 1507]:248 4866 18 321
[0.010725587422633335, 42, 5, 5, 1507]:249 4865 12 327
[0.018507645913768824, 53, 3, 7, 1822]:617 4497 37 302
[0.018507645913768824, 53, 3, 7, 1822]:663 4452 45 293
[0.03830028473375812, 84, 4, 2, 2000]:1248 3866 72 267
[0.018507645913768824, 53, 3, 7, 1822]:642 4473 39 299
[0.018507645913768824, 53, 3, 7, 1822]:654 4460 39 300
[0.018507645913768824, 53, 3, 7, 1822]:687 4427 47 291
[0.018507645913768824, 53, 3, 7, 1822]:626 4488 38 301
[0.018507645913768824, 53, 3, 7, 1822]:643 4471 42 297
[0.018507645913768824, 53, 3, 7, 1822]:604 4510 35 304
[0.018507645913768824, 53, 3, 7, 1822]:646 4468 37 302
[0.03830028473375812, 84, 4, 2, 2000]:1098 4016 63 276
[0.03830028473375812, 84, 4, 2, 2000]:1332 3782 75 264
[0.018507645913768824, 53, 3, 7, 1822]:638 4476 43 296
[0.03830028473375812, 84, 4, 2, 2000]:1518 3596 79 260
[0.03830028473375812, 84, 4, 2, 2000]:1090 4024 65 274
[0.03830028473375812, 84, 4, 2, 2000]:1574 3541 97 241
[0.03830028473375812, 84, 4, 2, 2000]:1289 3825 73 265
[0.03830028473375812, 84, 4, 2, 2000]:1224 3890 72 267
[0.03830028473375812, 84, 4, 2, 2000]:1377 3737 79 260
[0.03830028473375812, 84, 4, 2, 2000]:1299 3816 77 261
[0.07708404394197842, 100, 1, 5, 2000]:4606 509 293 45
[0.07708404394197842, 100, 1, 5, 2000]:4599 515 303 36
[0.07708404394197842, 100, 1, 5, 2000]:4620 494 292 47
[0.07708404394197842, 100, 1, 5, 2000]:4583 532 301 37
[0.07708404394197842, 100, 1, 5, 2000]:4618 496 301 38
[0.07708404394197842, 100, 1, 5, 2000]:4610 504 303 36
[0.07708404394197842, 100, 1, 5, 2000]:4599 515 304 35
[0.07708404394197842, 100, 1, 5, 2000]:4597 517 305 33
[0.07708404394197842, 100, 1, 5, 2000]:4584 530 300 39
[0.07708404394197842, 100, 1, 5, 2000]:4539 575 294 45
[0.13206519347439216, 84, 5, 6, 200]:4982 133 307 31
[0.13206519347439216, 84, 5, 6, 200]:4989 125 314 25
[0.13206519347439216, 84, 5, 6, 200]:4921 194 299 39
[0.13206519347439216, 84, 5, 6, 200]:4948 166 309 30
[0.13206519347439216, 84, 5, 6, 200]:4980 134 317 22
[0.13206519347439216, 84, 5, 6, 200]:5006 108 314 25
[0.13206519347439216, 84, 5, 6, 200]:4973 141 315 24
[0.01, 100, 5, 2, 200]:293 4821 19 319
[0.01, 100, 5, 2, 200]:224 4890 12 327
[0.01, 100, 5, 2, 200]:255 4859 17 322
[0.13206519347439216, 84, 5, 6, 200]:4939 175 309 30
[0.01, 100, 5, 2, 200]:246 4868 10 329
[0.13206519347439216, 84, 5, 6, 200]:4973 141 314 25
[0.01, 100, 5, 2, 200]:205 4909 11 328
[0.13206519347439216, 84, 5, 6, 200]:4974 140 318 20
[0.01, 100, 5, 2, 200]:259 4855 20 319
[0.01, 100, 5, 2, 200]:283 4831 17 322
[0.01, 100, 5, 2, 200]:216 4898 10 329
[0.01, 100, 5, 2, 200]:280 4835 19 319
[0.01, 100, 5, 2, 200]:287 4828 11 327
[0.10843697566492057, 97, 1, 9, 200]:4705 409 307 32
[0.10843697566492057, 97, 1, 9, 200]:4707 408 310 28
[0.10843697566492057, 97, 1, 9, 200]:4702 412 301 38
[0.10843697566492057, 97, 1, 9, 200]:4741 373 300 39
[0.10843697566492057, 97, 1, 9, 200]:4711 403 306 33
[0.10843697566492057, 97, 1, 9, 200]:4728 386 299 40
[0.10843697566492057, 97, 1, 9, 200]:4690 425 296 42
[0.10843697566492057, 97, 1, 9, 200]:4709 405 313 26
[0.10843697566492057, 97, 1, 9, 200]:4706 408 306 32
[0.10843697566492057, 97, 1, 9, 200]:4673 441 305 34
[0.08438646004655995, 5, 4, 5, 722]:4824 290 291 48
[0.08438646004655995, 5, 4, 5, 722]:4858 256 296 43
[0.08438646004655995, 5, 4, 5, 722]:4834 280 292 47
[0.08438646004655995, 5, 4, 5, 722]:4843 271 287 52
[0.08438646004655995, 5, 4, 5, 722]:4841 273 293 46
[0.07470589134257481, 100, 4, 10, 200]:4552 563 267 71
[0.07470589134257481, 100, 4, 10, 200]:4709 405 279 60
[0.07470589134257481, 100, 4, 10, 200]:4706 408 268 71
[0.08438646004655995, 5, 4, 5, 722]:4835 279 288 51
[0.07470589134257481, 100, 4, 10, 200]:4643 471 280 59
[0.07470589134257481, 100, 4, 10, 200]:4668 446 274 65
[0.07470589134257481, 100, 4, 10, 200]:4638 476 279 60
[0.08438646004655995, 5, 4, 5, 722]:4819 295 290 49
[0.08438646004655995, 5, 4, 5, 722]:4846 268 292 46
[0.07470589134257481, 100, 4, 10, 200]:4730 384 280 58
[0.07470589134257481, 100, 4, 10, 200]:4603 511 272 67
[0.07470589134257481, 100, 4, 10, 200]:4718 397 280 58
[0.07470589134257481, 100, 4, 10, 200]:4695 419 283 56
[0.08438646004655995, 5, 4, 5, 722]:4832 283 287 51
[0.08438646004655995, 5, 4, 5, 722]:4849 266 290 48
[0.0702157902886876, 5, 5, 10, 2000]:4776 338 283 56
[0.0702157902886876, 5, 5, 10, 2000]:4705 410 274 64
[0.0702157902886876, 5, 5, 10, 2000]:4774 340 285 54
[0.0702157902886876, 5, 5, 10, 2000]:4816 298 290 49
[0.0702157902886876, 5, 5, 10, 2000]:4757 357 285 54
[0.0702157902886876, 5, 5, 10, 2000]:4785 329 276 63
[0.0702157902886876, 5, 5, 10, 2000]:4752 362 278 61
[0.0702157902886876, 5, 5, 10, 2000]:4779 335 284 54
[0.0702157902886876, 5, 5, 10, 2000]:4745 370 274 64
[0.0702157902886876, 5, 5, 10, 2000]:4729 385 281 58
[0.07906960910998971, 100, 3, 10, 200]:4707 407 284 55
[0.07906960910998971, 100, 3, 10, 200]:4757 357 285 54
[0.07906960910998971, 100, 3, 10, 200]:4737 377 279 60
[0.07906960910998971, 100, 3, 10, 200]:4676 439 271 67
[0.07906960910998971, 100, 3, 10, 200]:4749 365 289 50
[0.07906960910998971, 100, 3, 10, 200]:4733 382 286 52
[0.07906960910998971, 100, 3, 10, 200]:4737 377 279 60
[0.07906960910998971, 100, 3, 10, 200]:4755 359 287 51
[0.07906960910998971, 100, 3, 10, 200]:4727 387 273 66
[0.07906960910998971, 100, 3, 10, 200]:4714 400 286 53
[0.015077929373887178, 100, 1, 2, 200]:4149 966 282 56
[0.01, 100, 1, 2, 200]:4095 1019 286 53
[0.01, 100, 1, 2, 200]:4154 961 279 59
[0.015077929373887178, 100, 1, 2, 200]:4200 915 281 57
[0.015077929373887178, 100, 1, 2, 200]:4186 928 280 59
[0.01, 100, 1, 2, 200]:4128 986 267 72
[0.015077929373887178, 100, 1, 2, 200]:4166 948 277 62
[0.015077929373887178, 100, 1, 2, 200]:4149 965 280 58
[0.01, 100, 1, 2, 200]:4130 984 275 64
[0.015077929373887178, 100, 1, 2, 200]:4191 923 282 57
[0.015077929373887178, 100, 1, 2, 200]:4144 970 285 54
[0.01, 100, 1, 2, 200]:4119 995 278 60
[0.015077929373887178, 100, 1, 2, 200]:4135 979 270 69
[0.01, 100, 1, 2, 200]:4097 1017 276 63
[0.015077929373887178, 100, 1, 2, 200]:4163 951 288 51
[0.01, 100, 1, 2, 200]:4088 1027 280 58
[0.01, 100, 1, 2, 200]:4114 1000 285 54
[0.015077929373887178, 100, 1, 2, 200]:4185 929 273 66
[0.01, 100, 1, 2, 200]:4054 1060 267 72
[0.01, 100, 1, 2, 200]:4164 950 280 59
[0.01, 5, 4, 10, 200]:11 5103 0 339
[0.01, 5, 4, 10, 200]:17 5097 1 337
[0.01, 5, 4, 10, 200]:10 5105 0 338
[0.01, 5, 4, 10, 200]:15 5099 0 339
[0.01, 5, 4, 10, 200]:14 5101 1 337
[0.01, 5, 4, 10, 200]:10 5104 0 339
[0.01, 5, 4, 10, 200]:8 5106 0 339
[0.01, 5, 4, 10, 200]:11 5103 0 339
[0.01, 5, 4, 10, 200]:11 5103 0 339
[0.01, 5, 4, 10, 200]:9 5105 1 338
[0.07463486975778477, 100, 5, 2, 200]:4728 387 275 63
[0.07463486975778477, 100, 5, 2, 200]:4555 559 269 70
[0.07463486975778477, 100, 5, 2, 200]:4616 498 274 65
[0.07463486975778477, 100, 5, 2, 200]:4593 521 275 64
[0.07463486975778477, 100, 5, 2, 200]:4626 488 272 67
[0.07463486975778477, 100, 5, 2, 200]:4520 595 266 72
[0.07463486975778477, 100, 5, 2, 200]:4724 390 278 61
[0.07463486975778477, 100, 5, 2, 200]:4620 494 275 64
[0.07463486975778477, 100, 5, 2, 200]:4724 390 280 58
[0.07463486975778477, 100, 5, 2, 200]:4659 455 267 72
[0.01, 5, 3, 10, 2000]:12 5103 0 338
[0.01, 5, 3, 10, 2000]:9 5105 0 339
[0.01, 5, 3, 10, 2000]:18 5096 1 337
[0.01, 5, 3, 10, 2000]:9 5105 0 339
[0.01, 5, 3, 10, 2000]:12 5102 0 339
[0.01, 5, 3, 10, 2000]:10 5104 0 339
[0.01, 5, 3, 10, 2000]:9 5105 1 338
[0.01, 5, 3, 10, 2000]:9 5105 0 339
[0.01, 5, 3, 10, 2000]:14 5101 1 337
[0.01, 5, 3, 10, 2000]:15 5099 1 338
[0.04731047193518544, 5, 5, 10, 200]:63 5051 3 336
[0.04731047193518544, 5, 5, 10, 200]:78 5036 5 334
[0.04731047193518544, 5, 5, 10, 200]:77 5038 0 338
[0.04731047193518544, 5, 5, 10, 200]:78 5036 2 337
[0.04731047193518544, 5, 5, 10, 200]:81 5033 4 335
[0.04731047193518544, 5, 5, 10, 200]:65 5050 3 335
[0.04731047193518544, 5, 5, 10, 200]:97 5017 6 333
[0.04731047193518544, 5, 5, 10, 200]:71 5043 4 334
[0.04731047193518544, 5, 5, 10, 200]:55 5059 3 336
[0.04731047193518544, 5, 5, 10, 200]:65 5049 3 336
[0.025260655399361592, 8, 5, 9, 409]:34 5081 1 337
[0.025260655399361592, 8, 5, 9, 409]:48 5067 0 338
[0.025260655399361592, 8, 5, 9, 409]:37 5077 1 338
[0.025260655399361592, 8, 5, 9, 409]:53 5061 3 336
[0.025260655399361592, 8, 5, 9, 409]:43 5071 2 337
[0.025260655399361592, 8, 5, 9, 409]:47 5067 4 335
[0.025260655399361592, 8, 5, 9, 409]:33 5081 2 337
[0.025260655399361592, 8, 5, 9, 409]:42 5072 2 337
[0.025260655399361592, 8, 5, 9, 409]:46 5068 2 336
[0.025260655399361592, 8, 5, 9, 409]:49 5065 2 337
[0.03267534246185232, 100, 5, 10, 200]:599 4515 35 304
[0.03267534246185232, 100, 5, 10, 200]:628 4486 35 303
[0.03267534246185232, 100, 5, 10, 200]:568 4546 35 304
[0.03267534246185232, 100, 5, 10, 200]:562 4552 36 303
[0.03267534246185232, 100, 5, 10, 200]:569 4546 32 306
[0.03267534246185232, 100, 5, 10, 200]:554 4561 32 306
[0.03267534246185232, 100, 5, 10, 200]:595 4519 32 307
[0.03267534246185232, 100, 5, 10, 200]:509 4605 32 307
[0.03267534246185232, 100, 5, 10, 200]:559 4555 32 307
[0.03267534246185232, 100, 5, 10, 200]:594 4520 33 306
[0.99, 92, 5, 9, 799]:5114 0 339 0
[0.99, 92, 5, 9, 799]:5114 0 339 0
[0.99, 92, 5, 9, 799]:5115 0 338 0
[0.99, 92, 5, 9, 799]:5114 0 339 0
[0.99, 92, 5, 9, 799]:5115 0 338 0
[0.99, 92, 5, 9, 799]:5114 0 339 0
[0.99, 92, 5, 9, 799]:5114 0 339 0
[0.99, 92, 5, 9, 799]:5114 0 339 0
[0.99, 92, 5, 9, 799]:5114 0 339 0
[0.99, 92, 5, 9, 799]:5114 0 338 0
[0.99, 43, 4, 2, 949]:5114 0 339 0
[0.99, 43, 4, 2, 949]:5114 0 338 0
[0.99, 43, 4, 2, 949]:5114 0 339 0
[0.99, 43, 4, 2, 949]:5114 0 339 0
[0.99, 43, 4, 2, 949]:5114 0 339 0
[0.99, 43, 4, 2, 949]:5114 0 339 0
[0.99, 43, 4, 2, 949]:5115 0 338 0
[0.99, 43, 4, 2, 949]:5114 0 339 0
[0.99, 43, 4, 2, 949]:5115 0 338 0
[0.99, 43, 4, 2, 949]:5114 0 339 0
[0.99, 55, 4, 10, 2000]:5115 0 338 0
[0.99, 55, 4, 10, 2000]:5114 0 339 0
[0.99, 55, 4, 10, 2000]:5114 0 339 0
[0.99, 55, 4, 10, 2000]:5114 0 339 0
[0.99, 55, 4, 10, 2000]:5114 0 339 0
[0.99, 55, 4, 10, 2000]:5114 0 339 0
[0.99, 55, 4, 10, 2000]:5114 0 339 0
[0.99, 55, 4, 10, 2000]:5115 0 338 0
[0.99, 55, 4, 10, 2000]:5114 0 339 0
[0.99, 55, 4, 10, 2000]:5114 0 338 0
[0.03662999163772151, 5, 2, 10, 2000]:41 5073 2 337
[0.03662999163772151, 5, 2, 10, 2000]:40 5074 4 335
[0.03662999163772151, 5, 2, 10, 2000]:42 5072 1 338
[0.03662999163772151, 5, 2, 10, 2000]:30 5084 1 338
[0.03662999163772151, 5, 2, 10, 2000]:32 5083 0 338
[0.03662999163772151, 5, 2, 10, 2000]:34 5080 2 337
[0.03662999163772151, 5, 2, 10, 2000]:30 5084 2 337
[0.03662999163772151, 5, 2, 10, 2000]:50 5064 3 336
[0.03662999163772151, 5, 2, 10, 2000]:27 5088 1 337
[0.03662999163772151, 5, 2, 10, 2000]:40 5074 2 336
[0.03454091992247206, 10, 1, 8, 1724]:149 4966 6 332
[0.03454091992247206, 10, 1, 8, 1724]:131 4984 6 332
[0.03454091992247206, 10, 1, 8, 1724]:141 4973 10 329
[0.03454091992247206, 10, 1, 8, 1724]:111 5003 6 333
[0.03454091992247206, 10, 1, 8, 1724]:140 4974 7 331
[0.03454091992247206, 10, 1, 8, 1724]:122 4992 5 334
[0.03454091992247206, 10, 1, 8, 1724]:114 5000 11 328
[0.03454091992247206, 10, 1, 8, 1724]:103 5011 10 329
[0.03454091992247206, 10, 1, 8, 1724]:125 4989 5 334
[0.03454091992247206, 10, 1, 8, 1724]:139 4975 8 331
[0.03644858305800609, 100, 1, 8, 1719]:4312 803 288 50
[0.03644858305800609, 100, 1, 8, 1719]:4254 860 276 63
[0.03644858305800609, 100, 1, 8, 1719]:4336 778 284 55
[0.03644858305800609, 100, 1, 8, 1719]:4351 763 276 63
[0.03644858305800609, 100, 1, 8, 1719]:4340 774 287 52
[0.03644858305800609, 100, 1, 8, 1719]:4342 773 278 60
[0.03644858305800609, 100, 1, 8, 1719]:4337 777 279 60
[0.03644858305800609, 100, 1, 8, 1719]:4378 736 285 54
[0.03644858305800609, 100, 1, 8, 1719]:4296 818 288 51
[0.03644858305800609, 100, 1, 8, 1719]:4317 797 283 55
[0.07839917853922873, 5, 3, 10, 1399]:4855 259 296 43
[0.07839917853922873, 5, 3, 10, 1399]:4838 276 287 52
[0.07839917853922873, 5, 3, 10, 1399]:4839 275 290 48
[0.07839917853922873, 5, 3, 10, 1399]:4826 289 286 52
[0.07839917853922873, 5, 3, 10, 1399]:4829 285 292 47
[0.07839917853922873, 5, 3, 10, 1399]:4831 283 293 46
[0.07839917853922873, 5, 3, 10, 1399]:4818 296 290 49
[0.07735082997128807, 5, 4, 2, 2000]:4837 277 290 48
[0.07839917853922873, 5, 3, 10, 1399]:4823 291 291 48
[0.07735082997128807, 5, 4, 2, 2000]:4821 293 291 48
[0.07839917853922873, 5, 3, 10, 1399]:4845 270 287 51
[0.07735082997128807, 5, 4, 2, 2000]:4824 291 286 52
[0.07839917853922873, 5, 3, 10, 1399]:4831 283 287 52
[0.07735082997128807, 5, 4, 2, 2000]:4828 286 292 47
[0.07735082997128807, 5, 4, 2, 2000]:4855 259 296 43
[0.07735082997128807, 5, 4, 2, 2000]:4829 285 286 53
[0.07735082997128807, 5, 4, 2, 2000]:4842 273 287 51
[0.07735082997128807, 5, 4, 2, 2000]:4829 285 293 46
[0.07735082997128807, 5, 4, 2, 2000]:4836 278 287 52
[0.07735082997128807, 5, 4, 2, 2000]:4818 296 290 49
[0.07858174506332173, 5, 4, 10, 2000]:4846 269 288 50
[0.07858174506332173, 5, 4, 10, 2000]:4836 278 293 46
[0.07858174506332173, 5, 4, 10, 2000]:4818 296 290 49
[0.07858174506332173, 5, 4, 10, 2000]:4838 276 287 52
[0.07858174506332173, 5, 4, 10, 2000]:4830 284 292 47
[0.07858174506332173, 5, 4, 10, 2000]:4832 282 287 52
[0.07858174506332173, 5, 4, 10, 2000]:4838 276 291 47
[0.07858174506332173, 5, 4, 10, 2000]:4826 289 286 52
[0.07858174506332173, 5, 4, 10, 2000]:4823 291 291 48
[0.07858174506332173, 5, 4, 10, 2000]:4857 257 296 43
[0.07919977979514824, 5, 5, 2, 200]:4847 268 287 51
[0.07919977979514824, 5, 5, 2, 200]:4853 261 296 43
[0.07919977979514824, 5, 5, 2, 200]:4840 274 291 47
[0.07919977979514824, 5, 5, 2, 200]:4824 291 286 52
[0.07919977979514824, 5, 5, 2, 200]:4840 274 287 52
[0.07919977979514824, 5, 5, 2, 200]:4823 291 291 48
[0.07919977979514824, 5, 5, 2, 200]:4824 290 291 48
[0.07919977979514824, 5, 5, 2, 200]:4836 278 293 46
[0.07919977979514824, 5, 5, 2, 200]:4831 283 292 47
[0.07919977979514824, 5, 5, 2, 200]:4830 284 287 52
[0.017365340481421743, 100, 5, 5, 684]:375 4740 15 323
[0.017365340481421743, 100, 5, 5, 684]:346 4768 18 321
[0.017365340481421743, 100, 5, 5, 684]:351 4763 20 319
[0.017365340481421743, 100, 5, 5, 684]:350 4764 27 312
[0.017365340481421743, 100, 5, 5, 684]:366 4748 20 319
[0.017365340481421743, 100, 5, 5, 684]:340 4774 26 313
[0.017365340481421743, 100, 5, 5, 684]:345 4770 20 318
[0.017365340481421743, 100, 5, 5, 684]:414 4700 23 315
[0.017365340481421743, 100, 5, 5, 684]:346 4768 18 321
[0.017365340481421743, 100, 5, 5, 684]:337 4777 16 323
[0.01957701128148365, 100, 5, 7, 1140]:427 4688 16 322
[0.01957701128148365, 100, 5, 7, 1140]:385 4729 18 321
[0.01957701128148365, 100, 5, 7, 1140]:372 4743 21 317
[0.01957701128148365, 100, 5, 7, 1140]:393 4721 21 318
[0.01957701128148365, 100, 5, 7, 1140]:374 4740 20 319
[0.01957701128148365, 100, 5, 7, 1140]:379 4735 27 312
[0.01957701128148365, 100, 5, 7, 1140]:448 4666 24 314
[0.01957701128148365, 100, 5, 7, 1140]:386 4728 28 311
[0.01957701128148365, 100, 5, 7, 1140]:412 4702 22 317
[0.01957701128148365, 100, 5, 7, 1140]:380 4734 22 317
[0.07922032302674623, 44, 5, 3, 2000]:4761 353 285 54
[0.07922032302674623, 44, 5, 3, 2000]:4773 342 284 54
[0.07922032302674623, 44, 5, 3, 2000]:4770 344 283 56
[0.07922032302674623, 44, 5, 3, 2000]:4736 378 287 52
[0.07922032302674623, 44, 5, 3, 2000]:4603 512 269 69
[0.07922032302674623, 44, 5, 3, 2000]:4760 354 271 68
[0.07774458736376932, 100, 5, 2, 2000]:4581 534 269 69
[0.07922032302674623, 44, 5, 3, 2000]:4755 359 280 59
[0.07922032302674623, 44, 5, 3, 2000]:4749 365 284 54
[0.07774458736376932, 100, 5, 2, 2000]:4693 421 278 61
[0.07922032302674623, 44, 5, 3, 2000]:4709 405 282 57
[0.06237068286997999, 100, 5, 10, 2000]:4344 770 247 92
[0.07922032302674623, 44, 5, 3, 2000]:4709 405 279 60
[0.06237068286997999, 100, 5, 10, 2000]:4392 722 253 86
[0.07774458736376932, 100, 5, 2, 2000]:4712 402 276 63
[0.07774458736376932, 100, 5, 2, 2000]:4740 374 269 70
[0.06237068286997999, 100, 5, 10, 2000]:4411 703 264 75
[0.06237068286997999, 100, 5, 10, 2000]:4370 745 259 79
[0.07774458736376932, 100, 5, 2, 2000]:4737 377 284 54
[0.07774458736376932, 100, 5, 2, 2000]:4693 421 282 57
[0.07774458736376932, 100, 5, 2, 2000]:4722 392 284 55
[0.07774458736376932, 100, 5, 2, 2000]:4764 351 284 54
[0.07774458736376932, 100, 5, 2, 2000]:4757 357 284 55
[0.06237068286997999, 100, 5, 10, 2000]:4363 751 251 87
[0.06237068286997999, 100, 5, 10, 2000]:4383 731 262 77
[0.06237068286997999, 100, 5, 10, 2000]:4433 681 244 95
[0.06237068286997999, 100, 5, 10, 2000]:4425 689 264 75
[0.07774458736376932, 100, 5, 2, 2000]:4730 384 279 60
[0.06237068286997999, 100, 5, 10, 2000]:4413 702 255 83
[0.06237068286997999, 100, 5, 10, 2000]:4394 720 258 81
[0.10890947591187956, 5, 3, 2, 200]:5062 53 320 18
[0.10890947591187956, 5, 3, 2, 200]:5073 42 325 13
[0.10890947591187956, 5, 3, 2, 200]:5065 49 324 15
[0.09143905080843713, 5, 2, 2, 200]:4840 274 288 51
[0.09143905080843713, 5, 2, 2, 200]:4905 209 298 41
[0.10890947591187956, 5, 3, 2, 200]:5067 47 328 11
[0.10890947591187956, 5, 3, 2, 200]:5087 27 333 6
[0.10890947591187956, 5, 3, 2, 200]:5086 28 334 5
[0.10890947591187956, 5, 3, 2, 200]:5070 44 328 11
[0.10890947591187956, 5, 3, 2, 200]:5087 27 331 8
[0.09143905080843713, 5, 2, 2, 200]:5016 99 318 20
[0.09143905080843713, 5, 2, 2, 200]:4837 277 291 48
[0.09143905080843713, 5, 2, 2, 200]:4860 254 295 43
[0.09143905080843713, 5, 2, 2, 200]:4889 225 295 44
[0.09143905080843713, 5, 2, 2, 200]:4900 214 302 37
[0.09143905080843713, 5, 2, 2, 200]:4843 272 287 51
[0.10890947591187956, 5, 3, 2, 200]:5066 48 329 9
[0.09143905080843713, 5, 2, 2, 200]:4866 248 297 42
[0.10890947591187956, 5, 3, 2, 200]:5078 36 334 5
[0.09143905080843713, 5, 2, 2, 200]:4899 215 302 37
[0.10194734272379923, 6, 2, 8, 1222]:4915 199 303 36
[0.10194734272379923, 6, 2, 8, 1222]:5004 110 314 25
[0.10194734272379923, 6, 2, 8, 1222]:4920 194 306 33
[0.10194734272379923, 6, 2, 8, 1222]:4974 140 312 27
[0.10194734272379923, 6, 2, 8, 1222]:4934 181 300 38
[0.10194734272379923, 6, 2, 8, 1222]:4976 139 302 36
[0.10194734272379923, 6, 2, 8, 1222]:4857 257 290 49
[0.10194734272379923, 6, 2, 8, 1222]:4970 144 317 21
[0.10194734272379923, 6, 2, 8, 1222]:4969 145 315 24
[0.10194734272379923, 6, 2, 8, 1222]:4955 159 313 26
[0.06972227321754455, 100, 5, 10, 200]:4542 572 273 66
[0.06972227321754455, 100, 5, 10, 200]:4550 564 267 72
[0.06972227321754455, 100, 5, 10, 200]:4510 604 267 72
[0.06972227321754455, 100, 5, 10, 200]:4654 460 275 64
[0.06972227321754455, 100, 5, 10, 200]:4598 516 261 78
[0.06972227321754455, 100, 5, 10, 200]:4568 547 265 73
[0.06972227321754455, 100, 5, 10, 200]:4481 634 264 74
[0.06972227321754455, 100, 5, 10, 200]:4520 594 265 74
[0.06972227321754455, 100, 5, 10, 200]:4623 491 272 66
[0.06972227321754455, 100, 5, 10, 200]:4523 591 269 70
[0.0697840160265068, 5, 5, 10, 2000]:4542 573 265 73
[0.0697840160265068, 5, 5, 10, 2000]:4777 337 275 64
[0.0697840160265068, 5, 5, 10, 2000]:4767 347 283 55
[0.0697840160265068, 5, 5, 10, 2000]:4790 324 286 53
[0.0697840160265068, 5, 5, 10, 2000]:4765 349 281 58
[0.0697840160265068, 5, 5, 10, 2000]:4748 366 284 55
[0.0697840160265068, 5, 5, 10, 2000]:4766 349 275 63
[0.0697840160265068, 5, 5, 10, 2000]:4760 354 279 60
[0.0697840160265068, 5, 5, 10, 2000]:4748 366 286 53
[0.0697840160265068, 5, 5, 10, 2000]:4725 389 282 57
[0.0666137229710879, 12, 5, 10, 1894]:4510 604 257 82
[0.0666137229710879, 12, 5, 10, 1894]:4513 601 271 68
[0.0666137229710879, 12, 5, 10, 1894]:4507 607 267 72
[0.0666137229710879, 12, 5, 10, 1894]:4487 627 264 75
[0.0666137229710879, 12, 5, 10, 1894]:4526 588 248 91
[0.0666137229710879, 12, 5, 10, 1894]:4450 665 262 76
[0.0666137229710879, 12, 5, 10, 1894]:4500 615 256 82
[0.0666137229710879, 12, 5, 10, 1894]:4494 620 264 75
[0.0666137229710879, 12, 5, 10, 1894]:4484 630 261 78
[0.0666137229710879, 12, 5, 10, 1894]:4530 584 257 81
[0.0714386478319876, 5, 5, 10, 2000]:4823 291 291 48
[0.0714386478319876, 5, 5, 10, 2000]:4793 321 283 56
[0.0714386478319876, 5, 5, 10, 2000]:4807 307 289 50
[0.0714386478319876, 5, 5, 10, 2000]:4795 319 289 50
[0.07412237927423591, 5, 5, 10, 2000]:4822 292 292 47
[0.07412237927423591, 5, 5, 10, 2000]:4828 286 293 46
[0.07412237927423591, 5, 5, 10, 2000]:4815 299 291 48
[0.0714386478319876, 5, 5, 10, 2000]:4820 294 284 55
[0.0714386478319876, 5, 5, 10, 2000]:4801 314 281 57
[0.07412237927423591, 5, 5, 10, 2000]:4839 276 286 52
[0.07412237927423591, 5, 5, 10, 2000]:4813 301 290 49
[0.07412237927423591, 5, 5, 10, 2000]:4821 294 286 52
[0.07412237927423591, 5, 5, 10, 2000]:4848 266 294 45
[0.0714386478319876, 5, 5, 10, 2000]:4816 299 282 56
[0.07412237927423591, 5, 5, 10, 2000]:4832 282 287 52
[0.0714386478319876, 5, 5, 10, 2000]:4797 317 288 50
[0.07412237927423591, 5, 5, 10, 2000]:4826 288 286 53
[0.0714386478319876, 5, 5, 10, 2000]:4809 305 291 48
[0.07412237927423591, 5, 5, 10, 2000]:4829 285 290 48
[0.0714386478319876, 5, 5, 10, 2000]:4794 320 289 50
[0.06652632129095111, 78, 5, 10, 723]:4496 618 263 76
[0.06652632129095111, 78, 5, 10, 723]:4473 642 263 75
[0.06652632129095111, 78, 5, 10, 723]:4506 608 265 74
[0.06652632129095111, 78, 5, 10, 723]:4496 618 264 75
[0.06652632129095111, 78, 5, 10, 723]:4522 592 263 75
[0.06652632129095111, 78, 5, 10, 723]:4510 604 258 81
[0.06652632129095111, 78, 5, 10, 723]:4494 620 265 74
[0.06652632129095111, 78, 5, 10, 723]:4545 570 263 75
[0.06652632129095111, 78, 5, 10, 723]:4530 584 250 89
[0.06652632129095111, 78, 5, 10, 723]:4517 597 271 68
[0.062466221949897656, 5, 5, 2, 200]:4372 742 261 78
[0.062466221949897656, 5, 5, 2, 200]:4451 663 240 99
[0.062466221949897656, 5, 5, 2, 200]:4348 766 247 92
[0.062466221949897656, 5, 5, 2, 200]:4276 839 243 95
[0.062466221949897656, 5, 5, 2, 200]:4408 706 255 84
[0.062466221949897656, 5, 5, 2, 200]:4278 836 249 89
[0.062466221949897656, 5, 5, 2, 200]:4353 761 260 79
[0.062466221949897656, 5, 5, 2, 200]:4297 817 245 94
[0.062466221949897656, 5, 5, 2, 200]:4311 803 245 94
[0.062466221949897656, 5, 5, 2, 200]:4386 729 261 77
[0.06818523367623683, 5, 5, 10, 2000]:4594 521 256 82
[0.06818523367623683, 5, 5, 10, 2000]:4691 423 280 59
[0.06818523367623683, 5, 5, 10, 2000]:4528 586 269 70
[0.06818523367623683, 5, 5, 10, 2000]:4709 405 266 73
[0.06818523367623683, 5, 5, 10, 2000]:4495 620 262 76
[0.06818523367623683, 5, 5, 10, 2000]:4717 397 281 57
[0.06818523367623683, 5, 5, 10, 2000]:4751 363 283 56
[0.06818523367623683, 5, 5, 10, 2000]:4736 378 284 55
[0.06818523367623683, 5, 5, 10, 2000]:4562 552 267 72
[0.06818523367623683, 5, 5, 10, 2000]:4603 511 271 68
[0.06173646128358468, 56, 5, 2, 1815]:4381 734 261 77
[0.06173646128358468, 56, 5, 2, 1815]:4446 668 264 75
[0.06173646128358468, 56, 5, 2, 1815]:4393 721 261 78
[0.06173646128358468, 56, 5, 2, 1815]:4344 770 249 90
[0.06173646128358468, 56, 5, 2, 1815]:4443 671 245 94
[0.06173646128358468, 56, 5, 2, 1815]:4420 694 256 83
[0.06173646128358468, 56, 5, 2, 1815]:4413 701 262 77
[0.06173646128358468, 56, 5, 2, 1815]:4402 712 252 86
[0.06173646128358468, 56, 5, 2, 1815]:4455 659 267 72
[0.06173646128358468, 56, 5, 2, 1815]:4433 682 259 79
[0.06927516272002567, 5, 5, 10, 2000]:4770 344 275 64
[0.06927516272002567, 5, 5, 10, 2000]:4721 393 280 59
[0.06728911556708186, 5, 1, 10, 2000]:4487 628 263 75
[0.06927516272002567, 5, 5, 10, 2000]:4775 339 286 53
[0.06728911556708186, 5, 1, 10, 2000]:4515 599 267 72
[0.06728911556708186, 5, 1, 10, 2000]:4699 415 277 62
[0.06728911556708186, 5, 1, 10, 2000]:4544 571 254 84
[0.06927516272002567, 5, 5, 10, 2000]:4748 366 286 53
[0.06927516272002567, 5, 5, 10, 2000]:4699 415 277 62
[0.06728911556708186, 5, 1, 10, 2000]:4512 602 266 73
[0.06927516272002567, 5, 5, 10, 2000]:4770 344 283 55
[0.06728911556708186, 5, 1, 10, 2000]:4566 548 270 69
[0.06728911556708186, 5, 1, 10, 2000]:4695 419 263 76
[0.06728911556708186, 5, 1, 10, 2000]:4666 448 274 64
[0.06927516272002567, 5, 5, 10, 2000]:4709 405 275 64
[0.06728911556708186, 5, 1, 10, 2000]:4496 618 261 78
[0.06927516272002567, 5, 5, 10, 2000]:4696 418 280 59
[0.06927516272002567, 5, 5, 10, 2000]:4518 597 265 73
[0.06927516272002567, 5, 5, 10, 2000]:4733 382 271 67
[0.06728911556708186, 5, 1, 10, 2000]:4579 535 272 67
[0.0662978333099715, 19, 3, 10, 1779]:4561 553 253 86
[0.0662978333099715, 19, 3, 10, 1779]:4532 582 265 74
[0.0662978333099715, 19, 3, 10, 1779]:4523 591 265 74
[0.0662978333099715, 19, 3, 10, 1779]:4525 589 266 73
[0.0662978333099715, 19, 3, 10, 1779]:4553 562 262 76
[0.0662978333099715, 19, 3, 10, 1779]:4528 586 260 79
[0.0662978333099715, 19, 3, 10, 1779]:4515 599 263 76
[0.0662978333099715, 19, 3, 10, 1779]:4529 585 272 67
[0.0662978333099715, 19, 3, 10, 1779]:4500 615 265 73
[0.0662978333099715, 19, 3, 10, 1779]:4557 557 264 74
[0.06756012748949525, 5, 2, 10, 2000]:4700 414 278 61
[0.06756012748949525, 5, 2, 10, 2000]:4704 410 265 74
[0.06756012748949525, 5, 2, 10, 2000]:4490 625 264 74
[0.06756012748949525, 5, 2, 10, 2000]:4600 514 275 64
[0.06756012748949525, 5, 2, 10, 2000]:4553 562 254 84
[0.06756012748949525, 5, 2, 10, 2000]:4531 583 265 74
[0.06756012748949525, 5, 2, 10, 2000]:4562 552 272 67
[0.06756012748949525, 5, 2, 10, 2000]:4667 447 274 64
[0.06756012748949525, 5, 2, 10, 2000]:4565 549 270 69
[0.06756012748949525, 5, 2, 10, 2000]:4526 588 269 70
[0.09106922037165296, 79, 4, 10, 1883]:4814 300 288 51
[0.09106922037165296, 79, 4, 10, 1883]:4799 315 287 52
[0.09106922037165296, 79, 4, 10, 1883]:4790 324 279 60
[0.09106922037165296, 79, 4, 10, 1883]:4826 288 285 54
[0.09106922037165296, 79, 4, 10, 1883]:4806 309 280 58
[0.09106922037165296, 79, 4, 10, 1883]:4803 311 287 52
[0.09106922037165296, 79, 4, 10, 1883]:4806 308 290 49
[0.09106922037165296, 79, 4, 10, 1883]:4819 296 290 48
[0.10419150075318026, 100, 4, 10, 2000]:4846 268 297 42
[0.10419150075318026, 100, 4, 10, 2000]:4818 296 290 49
[0.10419150075318026, 100, 4, 10, 2000]:4824 290 286 53
[0.09106922037165296, 79, 4, 10, 1883]:4819 295 292 46
[0.10419150075318026, 100, 4, 10, 2000]:4827 287 292 47
[0.10419150075318026, 100, 4, 10, 2000]:4840 274 287 52
[0.10419150075318026, 100, 4, 10, 2000]:4831 283 295 43
[0.09106922037165296, 79, 4, 10, 1883]:4826 288 294 45
[0.10419150075318026, 100, 4, 10, 2000]:4830 284 294 45
[0.10419150075318026, 100, 4, 10, 2000]:4831 283 291 48
[0.10419150075318026, 100, 4, 10, 2000]:4835 280 290 48
[0.10419150075318026, 100, 4, 10, 2000]:4823 292 282 56
