[0.013286474048671204, 12, 2, 8, 1015]:742 4372 32 306
[0.3731827041616468, 37, 2, 9, 992]:5107 7 336 2
[0.026834123971849515, 84, 3, 10, 555]:4387 727 254 85
[0.013286474048671204, 12, 2, 8, 1015]:715 4400 30 308
[0.3731827041616468, 37, 2, 9, 992]:5108 6 336 3
[0.026834123971849515, 84, 3, 10, 555]:4396 718 259 80
[0.026834123971849515, 84, 3, 10, 555]:4313 801 232 107
[0.026834123971849515, 84, 3, 10, 555]:4414 701 253 85
[0.026834123971849515, 84, 3, 10, 555]:4390 725 250 88
[0.013286474048671204, 12, 2, 8, 1015]:773 4341 28 311
[0.026834123971849515, 84, 3, 10, 555]:4375 739 265 74
[0.3731827041616468, 37, 2, 9, 992]:5106 9 337 1
[0.026834123971849515, 84, 3, 10, 555]:4370 744 247 92
[0.3731827041616468, 37, 2, 9, 992]:5107 7 338 1
[0.013286474048671204, 12, 2, 8, 1015]:694 4420 26 313
[0.3731827041616468, 37, 2, 9, 992]:5109 6 337 1
[0.013286474048671204, 12, 2, 8, 1015]:689 4425 32 307
[0.026834123971849515, 84, 3, 10, 555]:4384 730 245 94
[0.026834123971849515, 84, 3, 10, 555]:4362 752 250 89
[0.3731827041616468, 37, 2, 9, 992]:5108 6 337 2
[0.3731827041616468, 37, 2, 9, 992]:5102 12 334 5
[0.013286474048671204, 12, 2, 8, 1015]:685 4430 33 305
