[0.6403952212302478, 87, 5, 7, 549]:5109 0 344 0
[0.6403952212302478, 87, 5, 7, 549]:5109 0 343 0
[0.08956919080446758, 94, 3, 4, 598]:5076 34 338 5
[0.6403952212302478, 87, 5, 7, 549]:5109 0 344 0
[0.08956919080446758, 94, 3, 4, 598]:5079 30 342 2
[0.6403952212302478, 87, 5, 7, 549]:5109 0 344 0
[0.6403952212302478, 87, 5, 7, 549]:5109 0 344 0
[0.6403952212302478, 87, 5, 7, 549]:5110 0 343 0
[0.08956919080446758, 94, 3, 4, 598]:5078 32 340 3
[0.08956919080446758, 94, 3, 4, 598]:5076 34 341 2
[0.6403952212302478, 87, 5, 7, 549]:5110 0 343 0
[0.6403952212302478, 87, 5, 7, 549]:5110 0 343 0
[0.6403952212302478, 87, 5, 7, 549]:5110 0 343 0
[0.08956919080446758, 94, 3, 4, 598]:5088 22 338 5
[0.08956919080446758, 94, 3, 4, 598]:5080 29 337 6
[0.08956919080446758, 94, 3, 4, 598]:5090 19 338 6
[0.6403952212302478, 87, 5, 7, 549]:5110 0 343 0
[0.08956919080446758, 94, 3, 4, 598]:5078 31 342 2
[0.08956919080446758, 94, 3, 4, 598]:5086 24 339 4
[0.08956919080446758, 94, 3, 4, 598]:5060 49 334 10
[0.1663244544657354, 61, 2, 8, 949]:5108 2 343 0
[0.1663244544657354, 61, 2, 8, 949]:5103 7 343 0
[0.1663244544657354, 61, 2, 8, 949]:5103 7 343 0
[0.1663244544657354, 61, 2, 8, 949]:5105 5 343 0
[0.1663244544657354, 61, 2, 8, 949]:5104 5 342 1
[0.1663244544657354, 61, 2, 8, 949]:5107 2 343 1
[0.1663244544657354, 61, 2, 8, 949]:5098 11 343 1
[0.1663244544657354, 61, 2, 8, 949]:5100 9 342 2
[0.1663244544657354, 61, 2, 8, 949]:5103 6 344 0
[0.1663244544657354, 61, 2, 8, 949]:5104 6 342 1
[0.010907540302878405, 51, 4, 3, 221]:4739 370 299 45
[0.010907540302878405, 51, 4, 3, 221]:4748 362 306 37
[0.010907540302878405, 51, 4, 3, 221]:4715 395 299 44
[0.010907540302878405, 51, 4, 3, 221]:4733 377 304 39
[0.010907540302878405, 51, 4, 3, 221]:4762 347 307 37
[0.010907540302878405, 51, 4, 3, 221]:4758 351 304 40
[0.010907540302878405, 51, 4, 3, 221]:4764 346 285 58
[0.010907540302878405, 51, 4, 3, 221]:4750 359 307 36
[0.010907540302878405, 51, 4, 3, 221]:4763 346 305 39
[0.010907540302878405, 51, 4, 3, 221]:4727 383 299 44
[0.43945234739714156, 10, 3, 3, 1849]:5109 0 344 0
[0.43945234739714156, 10, 3, 3, 1849]:5109 0 344 0
[0.43945234739714156, 10, 3, 3, 1849]:5109 0 344 0
[0.43945234739714156, 10, 3, 3, 1849]:5110 0 343 0
[0.43945234739714156, 10, 3, 3, 1849]:5110 0 343 0
[0.43945234739714156, 10, 3, 3, 1849]:5110 0 343 0
[0.43945234739714156, 10, 3, 3, 1849]:5109 0 343 0
[0.43945234739714156, 10, 3, 3, 1849]:5110 0 343 0
[0.43945234739714156, 10, 3, 3, 1849]:5110 0 343 0
[0.6263359971099289, 95, 3, 5, 1598]:5109 0 344 0
[0.6263359971099289, 95, 3, 5, 1598]:5110 0 343 0
[0.43945234739714156, 10, 3, 3, 1849]:5109 0 344 0
[0.6263359971099289, 95, 3, 5, 1598]:5110 0 343 0
[0.6263359971099289, 95, 3, 5, 1598]:5110 0 343 0
[0.6263359971099289, 95, 3, 5, 1598]:5109 0 344 0
[0.6263359971099289, 95, 3, 5, 1598]:5110 0 343 0
[0.6263359971099289, 95, 3, 5, 1598]:5109 0 344 0
[0.6263359971099289, 95, 3, 5, 1598]:5109 0 344 0
[0.6263359971099289, 95, 3, 5, 1598]:5110 0 343 0
[0.6263359971099289, 95, 3, 5, 1598]:5109 0 343 0
[0.10264208766179363, 51, 1, 3, 546]:5101 9 343 0
[0.10264208766179363, 51, 1, 3, 546]:5106 4 342 1
[0.10264208766179363, 51, 1, 3, 546]:5102 7 342 2
[0.10264208766179363, 51, 1, 3, 546]:5094 15 341 3
[0.10264208766179363, 51, 1, 3, 546]:5098 12 343 0
[0.10264208766179363, 51, 1, 3, 546]:5096 14 343 0
[0.10264208766179363, 51, 1, 3, 546]:5095 14 344 0
[0.10264208766179363, 51, 1, 3, 546]:5103 6 342 1
[0.10264208766179363, 51, 1, 3, 546]:5103 7 343 0
[0.10264208766179363, 51, 1, 3, 546]:5103 6 344 0
[0.01851484556952374, 66, 4, 8, 1096]:4827 283 309 34
[0.01851484556952374, 66, 4, 8, 1096]:4851 258 312 32
[0.01851484556952374, 66, 4, 8, 1096]:4838 271 313 30
[0.01851484556952374, 66, 4, 8, 1096]:4825 285 307 36
[0.01851484556952374, 66, 4, 8, 1096]:4837 273 294 49
[0.01851484556952374, 66, 4, 8, 1096]:4810 300 307 36
[0.01851484556952374, 66, 4, 8, 1096]:4816 293 308 36
[0.01851484556952374, 66, 4, 8, 1096]:4844 265 309 35
[0.01851484556952374, 66, 4, 8, 1096]:4851 258 316 28
[0.01851484556952374, 66, 4, 8, 1096]:4843 267 311 32
[0.030944747412035522, 16, 3, 5, 1745]:4736 374 302 41
[0.030944747412035522, 16, 3, 5, 1745]:4761 349 303 40
[0.030944747412035522, 16, 3, 5, 1745]:4749 360 307 37
[0.030944747412035522, 16, 3, 5, 1745]:4757 353 299 44
[0.030944747412035522, 16, 3, 5, 1745]:4796 313 317 26
[0.030944747412035522, 16, 3, 5, 1745]:4783 326 321 23
[0.030944747412035522, 16, 3, 5, 1745]:4818 291 308 36
[0.030944747412035522, 16, 3, 5, 1745]:4758 352 302 41
[0.030944747412035522, 16, 3, 5, 1745]:4821 288 309 35
[0.030944747412035522, 16, 3, 5, 1745]:4782 328 311 32
[0.024863452872717424, 16, 2, 3, 393]:4785 324 315 28
[0.024863452872717424, 16, 2, 3, 393]:4755 355 316 27
[0.024863452872717424, 16, 2, 3, 393]:4772 337 317 27
[0.024863452872717424, 16, 2, 3, 393]:4750 359 310 34
[0.024863452872717424, 16, 2, 3, 393]:4742 368 308 35
[0.024863452872717424, 16, 2, 3, 393]:4802 307 312 32
[0.024863452872717424, 16, 2, 3, 393]:4793 316 312 32
[0.024863452872717424, 16, 2, 3, 393]:4741 369 304 39
[0.012800757732519293, 5, 5, 10, 2000]:0 5109 0 343
[0.012800757732519293, 5, 5, 10, 2000]:0 5110 0 343
[0.012800757732519293, 5, 5, 10, 2000]:0 5110 0 343
[0.024863452872717424, 16, 2, 3, 393]:4792 318 309 34
[0.012800757732519293, 5, 5, 10, 2000]:0 5109 0 344
[0.012800757732519293, 5, 5, 10, 2000]:0 5110 0 343
[0.012800757732519293, 5, 5, 10, 2000]:0 5110 0 343
[0.012800757732519293, 5, 5, 10, 2000]:0 5109 0 344
[0.012800757732519293, 5, 5, 10, 2000]:0 5109 0 344
[0.024863452872717424, 16, 2, 3, 393]:4767 343 307 36
[0.012800757732519293, 5, 5, 10, 2000]:0 5109 0 344
[0.012800757732519293, 5, 5, 10, 2000]:0 5110 0 343
[0.01, 100, 1, 2, 2000]:5094 15 344 0
[0.01, 100, 1, 2, 2000]:5094 16 342 1
[0.01, 100, 1, 2, 2000]:5100 10 343 0
[0.01, 100, 1, 2, 2000]:5100 10 343 0
[0.01, 100, 1, 2, 2000]:5095 14 342 2
[0.01, 100, 1, 2, 2000]:5102 7 344 0
[0.01, 100, 1, 2, 2000]:5103 7 342 1
[0.01, 100, 1, 2, 2000]:5096 14 343 0
[0.01, 100, 1, 2, 2000]:5100 9 342 2
[0.01, 100, 1, 2, 2000]:5103 6 343 0
[0.017577330034714404, 42, 5, 2, 200]:4666 443 284 60
[0.017577330034714404, 42, 5, 2, 200]:4614 495 288 56
[0.017577330034714404, 42, 5, 2, 200]:4596 514 280 63
[0.017577330034714404, 42, 5, 2, 200]:4647 462 295 49
[0.017577330034714404, 42, 5, 2, 200]:4642 468 276 67
[0.017577330034714404, 42, 5, 2, 200]:4663 446 292 52
[0.017577330034714404, 42, 5, 2, 200]:4654 455 284 59
[0.017577330034714404, 42, 5, 2, 200]:4627 483 286 57
[0.017577330034714404, 42, 5, 2, 200]:4616 494 290 53
[0.017577330034714404, 42, 5, 2, 200]:4659 451 269 74
[0.01, 100, 5, 10, 2000]:4536 574 259 84
[0.01, 52, 5, 10, 2000]:4488 622 282 61
[0.01, 52, 5, 10, 2000]:4537 573 264 79
[0.01, 52, 5, 10, 2000]:4507 603 273 70
[0.01, 100, 5, 10, 2000]:4489 621 277 66
[0.01, 100, 5, 10, 2000]:4554 555 277 67
[0.01, 52, 5, 10, 2000]:4510 600 267 76
[0.01, 100, 5, 10, 2000]:4506 603 282 62
[0.01, 52, 5, 10, 2000]:4513 596 282 62
[0.01, 100, 5, 10, 2000]:4485 625 263 80
[0.01, 52, 5, 10, 2000]:4556 553 277 67
[0.01, 100, 5, 10, 2000]:4513 597 265 78
[0.01, 100, 5, 10, 2000]:4507 603 269 74
[0.01, 100, 5, 10, 2000]:4525 584 274 70
[0.01, 100, 5, 10, 2000]:4525 584 285 58
[0.01, 100, 5, 10, 2000]:4520 589 287 57
[0.01, 52, 5, 10, 2000]:4484 626 265 78
[0.01, 52, 5, 10, 2000]:4524 585 273 71
[0.01, 52, 5, 10, 2000]:4537 572 287 56
[0.01, 52, 5, 10, 2000]:4511 598 277 67
[0.01, 100, 5, 2, 200]:4508 601 272 72
[0.01, 100, 5, 2, 200]:4449 661 272 71
[0.01, 100, 5, 2, 200]:4538 571 274 70
[0.01, 100, 5, 2, 200]:4504 605 275 68
[0.01, 100, 5, 2, 200]:4494 616 264 79
[0.01, 100, 5, 2, 200]:4495 615 268 75
[0.01, 100, 5, 2, 200]:4476 633 276 68
[0.01, 100, 5, 2, 200]:4515 595 263 80
[0.01, 100, 5, 2, 200]:4464 646 260 83
[0.01, 100, 5, 2, 200]:4508 601 285 59
[0.02052697267835173, 100, 5, 3, 486]:4683 427 292 51
[0.02052697267835173, 100, 5, 3, 486]:4696 413 300 43
[0.02052697267835173, 100, 5, 3, 486]:4678 432 298 45
[0.02052697267835173, 100, 5, 3, 486]:4667 443 286 57
[0.02052697267835173, 100, 5, 3, 486]:4714 395 295 49
[0.02052697267835173, 100, 5, 3, 486]:4692 417 293 51
[0.02052697267835173, 100, 5, 3, 486]:4682 428 289 54
[0.02052697267835173, 100, 5, 3, 486]:4705 404 303 41
[0.02052697267835173, 100, 5, 3, 486]:4720 390 279 64
[0.02052697267835173, 100, 5, 3, 486]:4721 388 292 52
[0.01469902626439234, 78, 5, 3, 1747]:4619 490 294 50
[0.01469902626439234, 78, 5, 3, 1747]:4604 505 287 57
[0.01469902626439234, 78, 5, 3, 1747]:4578 532 275 68
[0.01469902626439234, 78, 5, 3, 1747]:4608 502 271 72
[0.01469902626439234, 78, 5, 3, 1747]:4642 467 290 54
[0.01469902626439234, 78, 5, 3, 1747]:4623 486 292 51
[0.01469902626439234, 78, 5, 3, 1747]:4595 515 281 62
[0.01469902626439234, 78, 5, 3, 1747]:4612 497 283 61
[0.01469902626439234, 78, 5, 3, 1747]:4581 529 291 52
[0.01469902626439234, 78, 5, 3, 1747]:4634 476 270 73
[0.0370943787068311, 5, 5, 10, 200]:93 5017 1 342
[0.0370943787068311, 5, 5, 10, 200]:151 4959 2 341
[0.0370943787068311, 5, 5, 10, 200]:110 4999 2 342
[0.0370943787068311, 5, 5, 10, 200]:130 4979 1 342
[0.0370943787068311, 5, 5, 10, 200]:72 5037 0 344
[0.0370943787068311, 5, 5, 10, 200]:72 5038 0 343
[0.0370943787068311, 5, 5, 10, 200]:84 5025 2 342
[0.0370943787068311, 5, 5, 10, 200]:119 4991 3 340
[0.0370943787068311, 5, 5, 10, 200]:123 4987 0 343
[0.0370943787068311, 5, 5, 10, 200]:91 5018 4 340
[0.042811238852181695, 35, 5, 10, 200]:4895 214 306 38
[0.042811238852181695, 35, 5, 10, 200]:4898 211 313 30
[0.042811238852181695, 35, 5, 10, 200]:4926 184 310 33
[0.042811238852181695, 35, 5, 10, 200]:4885 225 309 34
[0.042811238852181695, 35, 5, 10, 200]:4904 205 309 35
[0.042811238852181695, 35, 5, 10, 200]:4860 249 312 32
[0.042811238852181695, 35, 5, 10, 200]:4888 221 320 24
[0.042811238852181695, 35, 5, 10, 200]:4877 233 312 31
[0.042811238852181695, 35, 5, 10, 200]:4895 215 310 33
[0.042811238852181695, 35, 5, 10, 200]:4894 216 316 27
[0.05564840087814601, 8, 5, 5, 729]:3193 1916 161 182
[0.05564840087814601, 8, 5, 5, 729]:3173 1937 144 199
[0.05564840087814601, 8, 5, 5, 729]:3084 2026 131 212
[0.05564840087814601, 8, 5, 5, 729]:3192 1918 142 201
[0.05564840087814601, 8, 5, 5, 729]:3149 1960 162 182
[0.05564840087814601, 8, 5, 5, 729]:3191 1919 144 199
[0.05564840087814601, 8, 5, 5, 729]:3189 1920 134 210
[0.05564840087814601, 8, 5, 5, 729]:3142 1967 135 209
[0.05564840087814601, 8, 5, 5, 729]:3170 1940 135 208
[0.05564840087814601, 8, 5, 5, 729]:3289 1820 155 189
[0.05309329727088513, 5, 5, 2, 200]:1900 3210 68 275
[0.05309329727088513, 5, 5, 2, 200]:1958 3152 71 272
[0.05309329727088513, 5, 5, 2, 200]:1881 3228 63 281
[0.05309329727088513, 5, 5, 2, 200]:1904 3206 79 264
[0.05309329727088513, 5, 5, 2, 200]:1854 3256 63 280
[0.05309329727088513, 5, 5, 2, 200]:1979 3130 76 268
[0.05309329727088513, 5, 5, 2, 200]:1870 3240 64 279
[0.05309329727088513, 5, 5, 2, 200]:1906 3203 70 274
[0.05309329727088513, 5, 5, 2, 200]:1866 3243 65 279
[0.05309329727088513, 5, 5, 2, 200]:1805 3304 70 273
[0.06588674736567748, 5, 5, 2, 401]:3715 1395 180 163
[0.06588674736567748, 5, 5, 2, 401]:3685 1424 189 155
[0.06588674736567748, 5, 5, 2, 401]:3703 1406 169 175
[0.06588674736567748, 5, 5, 2, 401]:3677 1433 184 159
[0.06588674736567748, 5, 5, 2, 401]:3675 1434 183 160
[0.06588674736567748, 5, 5, 2, 401]:3711 1399 174 169
[0.06588674736567748, 5, 5, 2, 401]:3706 1404 174 169
[0.06588674736567748, 5, 5, 2, 401]:3762 1347 198 146
[0.06588674736567748, 5, 5, 2, 401]:3732 1377 175 169
[0.06588674736567748, 5, 5, 2, 401]:3635 1475 178 165
[0.07536674674073192, 5, 5, 4, 2000]:4450 660 234 109
[0.07536674674073192, 5, 5, 4, 2000]:4452 657 236 108
[0.07536674674073192, 5, 5, 4, 2000]:4426 684 247 96
[0.07536674674073192, 5, 5, 4, 2000]:4441 668 245 98
[0.07536674674073192, 5, 5, 4, 2000]:4490 620 244 99
[0.07536674674073192, 5, 5, 4, 2000]:4445 664 257 87
[0.07536674674073192, 5, 5, 4, 2000]:4506 603 248 96
[0.07536674674073192, 5, 5, 4, 2000]:4449 661 239 104
[0.07536674674073192, 5, 5, 4, 2000]:4470 640 252 91
[0.07536674674073192, 5, 5, 4, 2000]:4420 689 259 85
[0.10531190490137828, 5, 5, 10, 1171]:5055 55 324 19
[0.10531190490137828, 5, 5, 10, 1171]:5051 59 313 30
[0.10531190490137828, 5, 5, 10, 1171]:5048 61 319 25
[0.10531190490137828, 5, 5, 10, 1171]:5018 92 320 23
[0.10531190490137828, 5, 5, 10, 1171]:5030 79 320 24
[0.10531190490137828, 5, 5, 10, 1171]:5044 66 324 19
[0.10531190490137828, 5, 5, 10, 1171]:5031 79 324 19
[0.10531190490137828, 5, 5, 10, 1171]:5044 65 319 25
[0.10531190490137828, 5, 5, 10, 1171]:5022 87 329 15
[0.10531190490137828, 5, 5, 10, 1171]:5023 86 322 21
[0.09084466563343281, 5, 5, 6, 1677]:4963 146 305 39
[0.09084466563343281, 5, 5, 6, 1677]:4956 153 307 37
[0.09084466563343281, 5, 5, 6, 1677]:4976 134 302 41
[0.09084466563343281, 5, 5, 6, 1677]:4957 153 307 36
[0.09084466563343281, 5, 5, 6, 1677]:4937 172 318 26
[0.09084466563343281, 5, 5, 6, 1677]:4954 155 310 34
[0.09084466563343281, 5, 5, 6, 1677]:4966 144 301 42
[0.09027255237375276, 5, 5, 2, 2000]:4965 145 305 38
[0.09084466563343281, 5, 5, 6, 1677]:4939 170 310 33
[0.09084466563343281, 5, 5, 6, 1677]:4936 174 309 34
[0.09027255237375276, 5, 5, 2, 2000]:4967 143 301 42
[0.09027255237375276, 5, 5, 2, 2000]:4964 146 300 43
[0.09084466563343281, 5, 5, 6, 1677]:4969 141 304 39
[0.09027255237375276, 5, 5, 2, 2000]:4951 158 300 44
[0.09027255237375276, 5, 5, 2, 2000]:4954 155 308 36
[0.09027255237375276, 5, 5, 2, 2000]:4955 155 306 37
[0.09027255237375276, 5, 5, 2, 2000]:4945 164 306 38
[0.09027255237375276, 5, 5, 2, 2000]:4930 180 309 34
[0.09027255237375276, 5, 5, 2, 2000]:4926 183 308 35
[0.09027255237375276, 5, 5, 2, 2000]:4939 170 319 25
[0.99, 5, 1, 3, 551]:5109 0 344 0
[0.99, 5, 1, 3, 551]:5109 0 344 0
[0.99, 5, 1, 3, 551]:5109 0 343 0
[0.99, 5, 1, 3, 551]:5110 0 343 0
[0.99, 5, 1, 3, 551]:5110 0 343 0
[0.99, 5, 1, 3, 551]:5109 0 344 0
[0.99, 5, 1, 3, 551]:5110 0 343 0
[0.99, 5, 1, 3, 551]:5109 0 344 0
[0.99, 5, 1, 3, 551]:5110 0 343 0
[0.99, 5, 1, 3, 551]:5110 0 343 0
[0.062145071346404124, 5, 5, 9, 2000]:3348 1762 145 198
[0.062145071346404124, 5, 5, 9, 2000]:3356 1754 164 179
[0.062145071346404124, 5, 5, 9, 2000]:3364 1746 159 184
[0.062145071346404124, 5, 5, 9, 2000]:3344 1766 164 179
[0.062145071346404124, 5, 5, 9, 2000]:3280 1830 137 206
[0.062145071346404124, 5, 5, 9, 2000]:3353 1756 158 185
[0.062145071346404124, 5, 5, 9, 2000]:3388 1721 168 176
[0.062145071346404124, 5, 5, 9, 2000]:3295 1814 161 183
[0.062145071346404124, 5, 5, 9, 2000]:3326 1783 140 204
[0.062145071346404124, 5, 5, 9, 2000]:3301 1808 141 203
[0.99, 22, 2, 10, 2000]:5109 0 344 0
[0.99, 22, 2, 10, 2000]:5109 0 344 0
[0.99, 22, 2, 10, 2000]:5109 0 343 0
[0.99, 22, 2, 10, 2000]:5110 0 343 0
[0.99, 22, 2, 10, 2000]:5110 0 343 0
[0.99, 22, 2, 10, 2000]:5110 0 343 0
[0.99, 22, 2, 10, 2000]:5110 0 343 0
[0.99, 22, 2, 10, 2000]:5109 0 344 0
[0.99, 22, 2, 10, 2000]:5109 0 344 0
[0.99, 22, 2, 10, 2000]:5110 0 343 0
[0.0570463048124625, 5, 1, 9, 594]:2659 2450 123 221
[0.0570463048124625, 5, 1, 9, 594]:2608 2501 96 248
[0.0570463048124625, 5, 1, 9, 594]:2523 2587 97 246
[0.0570463048124625, 5, 1, 9, 594]:2616 2494 112 231
[0.0570463048124625, 5, 1, 9, 594]:2522 2588 114 229
[0.0570463048124625, 5, 1, 9, 594]:2592 2518 100 243
[0.0570463048124625, 5, 1, 9, 594]:2486 2624 92 251
[0.0570463048124625, 5, 1, 9, 594]:2635 2474 115 229
[0.048366518144995506, 5, 1, 5, 1988]:1320 3790 44 299
[0.048366518144995506, 5, 1, 5, 1988]:1277 3833 39 304
[0.055448323151074785, 5, 2, 6, 2000]:2313 2796 96 248
[0.055448323151074785, 5, 2, 6, 2000]:2333 2777 85 258
[0.055448323151074785, 5, 2, 6, 2000]:2298 2811 94 249
[0.048366518144995506, 5, 1, 5, 1988]:1334 3776 51 292
[0.055448323151074785, 5, 2, 6, 2000]:2275 2834 93 251
[0.048366518144995506, 5, 1, 5, 1988]:1373 3736 51 293
[0.048366518144995506, 5, 1, 5, 1988]:1273 3836 35 309
[0.048366518144995506, 5, 1, 5, 1988]:1358 3751 45 298
[0.055448323151074785, 5, 2, 6, 2000]:2247 2863 81 262
[0.055448323151074785, 5, 2, 6, 2000]:2346 2764 94 249
[0.048366518144995506, 5, 1, 5, 1988]:1377 3732 38 306
[0.055448323151074785, 5, 2, 6, 2000]:2364 2745 99 245
[0.048366518144995506, 5, 1, 5, 1988]:1289 3821 37 306
[0.048366518144995506, 5, 1, 5, 1988]:1299 3811 33 310
[0.055448323151074785, 5, 2, 6, 2000]:2251 2859 101 242
[0.048366518144995506, 5, 1, 5, 1988]:1321 3788 36 308
[0.055448323151074785, 5, 2, 6, 2000]:2295 2815 81 262
[0.0570463048124625, 5, 1, 9, 594]:2558 2551 114 229
[0.055448323151074785, 5, 2, 6, 2000]:2323 2786 88 256
[0.0570463048124625, 5, 1, 9, 594]:2574 2535 107 237
[0.07060931242624441, 5, 5, 10, 200]:4128 982 218 125
[0.07060931242624441, 5, 5, 10, 200]:4159 951 210 133
[0.07060931242624441, 5, 5, 10, 200]:4034 1075 224 120
[0.07060931242624441, 5, 5, 10, 200]:4058 1052 213 130
[0.07060931242624441, 5, 5, 10, 200]:4028 1081 204 139
[0.07060931242624441, 5, 5, 10, 200]:4082 1028 209 134
[0.07060931242624441, 5, 5, 10, 200]:4104 1005 228 116
[0.07060931242624441, 5, 5, 10, 200]:4105 1004 211 133
[0.07060931242624441, 5, 5, 10, 200]:4153 956 205 139
[0.07060931242624441, 5, 5, 10, 200]:4087 1023 208 135
[0.07037667857550288, 5, 5, 10, 1820]:4026 1083 209 134
[0.07037667857550288, 5, 5, 10, 1820]:4038 1072 206 137
[0.07037667857550288, 5, 5, 10, 1820]:4109 1000 208 136
[0.07037667857550288, 5, 5, 10, 1820]:4047 1062 227 117
[0.07037667857550288, 5, 5, 10, 1820]:4075 1034 225 119
[0.07037667857550288, 5, 5, 10, 1820]:4095 1015 212 131
[0.07037667857550288, 5, 5, 10, 1820]:4109 1001 218 125
[0.07037667857550288, 5, 5, 10, 1820]:4096 1014 209 134
[0.07037667857550288, 5, 5, 10, 1820]:4138 971 200 144
[0.07037667857550288, 5, 5, 10, 1820]:4055 1055 206 137
[0.27431465272027283, 100, 5, 6, 1988]:5110 0 343 0
[0.27431465272027283, 100, 5, 6, 1988]:5109 0 343 0
[0.27431465272027283, 100, 5, 6, 1988]:5109 0 344 0
[0.27431465272027283, 100, 5, 6, 1988]:5109 1 343 0
[0.27431465272027283, 100, 5, 6, 1988]:5110 0 343 0
[0.27431465272027283, 100, 5, 6, 1988]:5110 0 343 0
[0.27431465272027283, 100, 5, 6, 1988]:5109 0 344 0
[0.27431465272027283, 100, 5, 6, 1988]:5109 0 344 0
[0.27431465272027283, 100, 5, 6, 1988]:5108 1 344 0
[0.27431465272027283, 100, 5, 6, 1988]:5110 0 343 0
[0.06955931824559759, 5, 4, 2, 200]:3983 1127 199 144
[0.06955931824559759, 5, 4, 2, 200]:4085 1024 205 139
[0.06955931824559759, 5, 4, 2, 200]:3978 1132 205 138
[0.06955931824559759, 5, 4, 2, 200]:4059 1050 195 149
[0.06955931824559759, 5, 4, 2, 200]:4013 1097 202 141
[0.06955931824559759, 5, 4, 2, 200]:4086 1024 209 134
[0.06955931824559759, 5, 4, 2, 200]:4042 1068 217 126
[0.06955931824559759, 5, 4, 2, 200]:4000 1109 205 138
[0.06955931824559759, 5, 4, 2, 200]:3913 1196 214 130
[0.06955931824559759, 5, 4, 2, 200]:4041 1068 224 120
[0.06702315218683084, 21, 5, 2, 200]:4979 130 320 24
[0.06702315218683084, 21, 5, 2, 200]:4993 117 321 22
[0.06702315218683084, 21, 5, 2, 200]:4992 117 327 17
[0.06702315218683084, 21, 5, 2, 200]:4991 119 331 12
[0.06702315218683084, 21, 5, 2, 200]:4991 119 327 16
[0.06702315218683084, 21, 5, 2, 200]:4988 121 323 20
[0.06702315218683084, 21, 5, 2, 200]:5006 103 330 14
[0.06702315218683084, 21, 5, 2, 200]:5003 106 321 23
[0.06702315218683084, 21, 5, 2, 200]:5008 102 320 23
[0.06702315218683084, 21, 5, 2, 200]:4997 113 324 19
[0.06849410897286015, 38, 5, 9, 2000]:5017 93 322 21
[0.06849410897286015, 38, 5, 9, 2000]:5002 107 325 18
[0.06849410897286015, 38, 5, 9, 2000]:5022 87 323 21
[0.06849410897286015, 38, 5, 9, 2000]:4975 134 324 20
[0.06849410897286015, 38, 5, 9, 2000]:5024 86 322 21
[0.06849410897286015, 38, 5, 9, 2000]:5011 99 330 13
[0.06849410897286015, 38, 5, 9, 2000]:4998 112 328 15
[0.06849410897286015, 38, 5, 9, 2000]:5020 89 331 13
[0.06849410897286015, 38, 5, 9, 2000]:5008 102 327 16
[0.06849410897286015, 38, 5, 9, 2000]:5008 101 335 9
[0.01, 23, 4, 9, 1159]:4673 437 284 59
[0.01, 23, 4, 9, 1159]:4706 403 299 45
[0.01, 23, 4, 9, 1159]:4725 385 297 46
[0.01, 23, 4, 9, 1159]:4701 409 301 42
[0.01, 23, 4, 9, 1159]:4700 410 284 59
[0.01, 23, 4, 9, 1159]:4721 388 298 46
[0.01, 23, 4, 9, 1159]:4724 385 300 43
[0.01, 23, 4, 9, 1159]:4709 400 301 43
[0.01, 23, 4, 9, 1159]:4719 390 300 44
[0.01, 23, 4, 9, 1159]:4727 383 274 69
[0.01, 23, 2, 10, 1641]:4845 264 314 30
[0.01, 23, 2, 10, 1641]:4862 248 321 22
[0.01, 23, 2, 10, 1641]:4883 226 317 27
[0.01, 23, 2, 10, 1641]:4894 215 314 30
[0.01, 23, 2, 10, 1641]:4867 242 325 19
[0.01, 23, 2, 10, 1641]:4878 232 304 39
[0.01, 23, 2, 10, 1641]:4871 238 319 24
[0.01, 23, 2, 10, 1641]:4844 266 313 30
[0.01, 23, 2, 10, 1641]:4860 250 315 28
[0.01, 23, 2, 10, 1641]:4869 241 317 26
[0.01, 29, 5, 10, 2000]:4487 623 263 80
[0.01, 29, 5, 10, 2000]:4539 570 277 67
[0.01, 29, 5, 10, 2000]:4554 555 276 68
[0.01, 29, 5, 10, 2000]:4509 600 283 61
[0.01, 29, 5, 10, 2000]:4543 567 258 85
[0.01, 29, 5, 10, 2000]:4512 598 272 71
[0.01, 29, 5, 10, 2000]:4526 583 285 58
[0.01, 29, 5, 10, 2000]:4486 624 276 67
[0.01, 29, 5, 10, 2000]:4513 597 266 77
[0.01, 29, 5, 10, 2000]:4516 593 284 60
[0.046050341265849795, 74, 5, 10, 221]:4905 205 312 31
[0.046050341265849795, 74, 5, 10, 221]:4925 184 315 29
[0.046050341265849795, 74, 5, 10, 221]:4920 190 309 34
[0.046050341265849795, 74, 5, 10, 221]:4900 209 317 27
[0.046050341265849795, 74, 5, 10, 221]:4914 196 316 27
[0.046050341265849795, 74, 5, 10, 221]:4899 211 312 31
[0.046050341265849795, 74, 5, 10, 221]:4899 211 311 32
[0.046050341265849795, 74, 5, 10, 221]:4886 223 311 33
[0.046050341265849795, 74, 5, 10, 221]:4923 186 314 29
[0.046050341265849795, 74, 5, 10, 221]:4921 188 316 28
[0.03667609728324492, 68, 5, 10, 2000]:4837 272 311 33
[0.03553905933124635, 77, 5, 10, 2000]:4852 258 309 34
[0.03667609728324492, 68, 5, 10, 2000]:4869 241 301 42
[0.03667609728324492, 68, 5, 10, 2000]:4869 240 315 29
[0.03667609728324492, 68, 5, 10, 2000]:4848 262 309 34
[0.03553905933124635, 77, 5, 10, 2000]:4844 266 306 37
[0.03553905933124635, 77, 5, 10, 2000]:4855 255 298 45
[0.03667609728324492, 68, 5, 10, 2000]:4874 235 309 34
[0.03667609728324492, 68, 5, 10, 2000]:4872 237 308 36
[0.03667609728324492, 68, 5, 10, 2000]:4858 252 306 37
[0.03667609728324492, 68, 5, 10, 2000]:4876 233 309 35
[0.03667609728324492, 68, 5, 10, 2000]:4844 266 305 38
[0.03553905933124635, 77, 5, 10, 2000]:4867 242 306 37
[0.03553905933124635, 77, 5, 10, 2000]:4858 251 304 40
[0.03553905933124635, 77, 5, 10, 2000]:4844 266 309 34
[0.03553905933124635, 77, 5, 10, 2000]:4866 243 310 34
[0.03553905933124635, 77, 5, 10, 2000]:4844 266 304 39
[0.03667609728324492, 68, 5, 10, 2000]:4871 239 309 34
[0.03553905933124635, 77, 5, 10, 2000]:4830 279 307 37
[0.03553905933124635, 77, 5, 10, 2000]:4860 249 311 33
[0.07676701908782664, 5, 2, 9, 2000]:4511 598 270 74
[0.08334960529331027, 5, 1, 10, 2000]:4812 297 292 51
[0.08334960529331027, 5, 1, 10, 2000]:4840 269 288 56
[0.07676701908782664, 5, 2, 9, 2000]:4508 602 245 98
[0.08334960529331027, 5, 1, 10, 2000]:4830 279 288 56
[0.07676701908782664, 5, 2, 9, 2000]:4560 549 257 87
[0.09066226353435738, 5, 1, 6, 2000]:4958 152 307 36
[0.08334960529331027, 5, 1, 10, 2000]:4795 314 296 48
[0.09066226353435738, 5, 1, 6, 2000]:4956 153 309 35
[0.09066226353435738, 5, 1, 6, 2000]:4942 167 318 26
[0.07676701908782664, 5, 2, 9, 2000]:4564 546 251 92
[0.08334960529331027, 5, 1, 10, 2000]:4805 305 295 48
[0.07676701908782664, 5, 2, 9, 2000]:4572 537 248 96
[0.07676701908782664, 5, 2, 9, 2000]:4521 589 263 80
[0.09066226353435738, 5, 1, 6, 2000]:4948 161 307 37
[0.07676701908782664, 5, 2, 9, 2000]:4505 605 252 91
[0.08334960529331027, 5, 1, 10, 2000]:4823 287 281 62
[0.08334960529331027, 5, 1, 10, 2000]:4845 265 287 56
[0.09066226353435738, 5, 1, 6, 2000]:4957 152 302 42
[0.09066226353435738, 5, 1, 6, 2000]:4971 139 301 42
[0.08334960529331027, 5, 1, 10, 2000]:4840 270 287 56
[0.08334960529331027, 5, 1, 10, 2000]:4838 272 283 60
[0.09066226353435738, 5, 1, 6, 2000]:4979 131 300 43
[0.09066226353435738, 5, 1, 6, 2000]:4933 176 311 32
[0.09066226353435738, 5, 1, 6, 2000]:4968 142 306 37
[0.07676701908782664, 5, 2, 9, 2000]:4543 566 264 80
[0.07676701908782664, 5, 2, 9, 2000]:4560 550 250 93
[0.09066226353435738, 5, 1, 6, 2000]:4935 175 309 34
[0.07676701908782664, 5, 2, 9, 2000]:4497 612 249 94
[0.08334960529331027, 5, 1, 10, 2000]:4826 283 292 52
[0.033717206761448223, 92, 1, 2, 1430]:5100 10 342 1
[0.033717206761448223, 92, 1, 2, 1430]:5102 7 344 0
[0.033717206761448223, 92, 1, 2, 1430]:5103 6 344 0
[0.033717206761448223, 92, 1, 2, 1430]:5104 5 343 0
[0.033717206761448223, 92, 1, 2, 1430]:5106 4 343 0
[0.033717206761448223, 92, 1, 2, 1430]:5098 12 343 0
[0.033717206761448223, 92, 1, 2, 1430]:5100 10 343 0
[0.033717206761448223, 92, 1, 2, 1430]:5096 13 342 2
[0.033717206761448223, 92, 1, 2, 1430]:5099 11 343 0
[0.03723233182683542, 100, 1, 10, 1815]:5006 103 327 17
[0.033717206761448223, 92, 1, 2, 1430]:5094 15 344 0
[0.03723233182683542, 100, 1, 10, 1815]:5033 77 335 8
[0.03723233182683542, 100, 1, 10, 1815]:5024 86 329 14
[0.03723233182683542, 100, 1, 10, 1815]:5026 84 328 15
[0.03723233182683542, 100, 1, 10, 1815]:5020 89 331 12
[0.03723233182683542, 100, 1, 10, 1815]:5020 90 334 9
[0.03723233182683542, 100, 1, 10, 1815]:5022 88 331 12
[0.03723233182683542, 100, 1, 10, 1815]:5033 76 334 10
[0.03723233182683542, 100, 1, 10, 1815]:5027 82 335 9
[0.03723233182683542, 100, 1, 10, 1815]:5038 71 330 14
[0.029779737938569396, 100, 1, 2, 1959]:5102 8 343 0
[0.029779737938569396, 100, 1, 2, 1959]:5095 14 344 0
[0.029779737938569396, 100, 1, 2, 1959]:5098 11 342 2
[0.029779737938569396, 100, 1, 2, 1959]:5105 5 343 0
[0.029779737938569396, 100, 1, 2, 1959]:5098 12 343 0
[0.029779737938569396, 100, 1, 2, 1959]:5103 6 343 0
[0.029779737938569396, 100, 1, 2, 1959]:5103 6 344 0
[0.029779737938569396, 100, 1, 2, 1959]:5100 9 344 0
[0.029779737938569396, 100, 1, 2, 1959]:5100 10 343 0
[0.029779737938569396, 100, 1, 2, 1959]:5098 12 343 0
[0.06839525696293251, 5, 3, 10, 200]:3967 1143 197 146
[0.06839525696293251, 5, 3, 10, 200]:3879 1230 197 146
[0.06839525696293251, 5, 3, 10, 200]:3879 1231 188 155
[0.06839525696293251, 5, 3, 10, 200]:3989 1120 215 129
[0.06839525696293251, 5, 3, 10, 200]:3999 1110 203 141
[0.06839525696293251, 5, 3, 10, 200]:3865 1244 206 138
[0.06839525696293251, 5, 3, 10, 200]:3884 1226 198 145
[0.06839525696293251, 5, 3, 10, 200]:3928 1181 185 159
[0.06839525696293251, 5, 3, 10, 200]:3916 1194 203 140
[0.06839525696293251, 5, 3, 10, 200]:3931 1179 202 141
[0.06814424463034235, 5, 3, 10, 1693]:3883 1227 190 153
[0.06814424463034235, 5, 3, 10, 1693]:3903 1207 197 146
[0.06814424463034235, 5, 3, 10, 1693]:3897 1213 190 153
[0.06814424463034235, 5, 3, 10, 1693]:3844 1266 199 144
[0.06814424463034235, 5, 3, 10, 1693]:3932 1177 212 132
[0.06814424463034235, 5, 3, 10, 1693]:3868 1241 209 135
[0.06814424463034235, 5, 3, 10, 1693]:3851 1258 192 151
[0.06814424463034235, 5, 3, 10, 1693]:3898 1212 200 143
[0.06814424463034235, 5, 3, 10, 1693]:3929 1180 184 160
[0.06814424463034235, 5, 3, 10, 1693]:3935 1174 193 151
[0.0686357779964197, 5, 4, 10, 2000]:3970 1139 194 150
[0.0686357779964197, 5, 4, 10, 2000]:3908 1201 211 133
[0.0686357779964197, 5, 4, 10, 2000]:3930 1179 200 143
[0.0686357779964197, 5, 4, 10, 2000]:3908 1202 191 152
[0.0686357779964197, 5, 4, 10, 2000]:3984 1125 186 158
[0.0686357779964197, 5, 4, 10, 2000]:3935 1175 195 148
[0.0686357779964197, 5, 4, 10, 2000]:3974 1135 219 125
[0.0686357779964197, 5, 4, 10, 2000]:3869 1241 197 146
[0.0686357779964197, 5, 4, 10, 2000]:3955 1155 204 139
[0.0686357779964197, 5, 4, 10, 2000]:3940 1170 199 144
[0.01, 5, 5, 2, 200]:0 5110 0 343
[0.01, 5, 5, 2, 200]:0 5110 0 343
[0.01, 5, 5, 2, 200]:0 5109 0 344
[0.01, 5, 5, 2, 200]:0 5110 0 343
[0.01, 5, 5, 2, 200]:0 5109 0 344
[0.01, 5, 5, 2, 200]:0 5109 0 344
[0.01, 5, 5, 2, 200]:0 5110 0 343
[0.01, 5, 5, 2, 200]:0 5110 0 343
[0.01, 5, 5, 2, 200]:0 5109 0 343
[0.01, 5, 5, 2, 200]:0 5109 0 344
[0.01, 5, 5, 2, 2000]:0 5110 0 343
[0.01, 5, 5, 2, 2000]:0 5110 0 343
[0.01, 5, 5, 2, 2000]:0 5110 0 343
[0.01, 5, 5, 2, 2000]:0 5109 0 344
[0.01, 5, 5, 2, 2000]:0 5109 0 344
[0.01, 5, 5, 2, 2000]:0 5109 0 343
[0.01, 5, 5, 2, 2000]:0 5109 0 344
[0.01, 5, 5, 2, 2000]:0 5109 0 344
[0.01, 5, 5, 2, 2000]:0 5110 0 343
[0.01, 5, 5, 2, 2000]:0 5110 0 343
[0.01, 19, 5, 2, 1945]:4302 808 266 77
[0.01, 19, 5, 2, 1945]:4330 780 246 97
[0.01, 19, 5, 2, 1945]:4342 767 272 72
[0.01, 19, 5, 2, 1945]:4296 814 249 94
[0.01, 19, 5, 2, 1945]:4308 801 267 77
[0.01, 19, 5, 2, 1945]:4386 723 264 80
[0.01, 19, 5, 2, 1945]:4346 764 245 98
[0.01, 19, 5, 2, 1945]:4359 750 273 70
[0.01, 19, 5, 2, 1945]:4349 760 264 80
[0.01, 19, 5, 2, 1945]:4325 785 255 88
[0.017266716749268055, 100, 5, 10, 200]:4680 429 287 57
[0.017266716749268055, 100, 5, 10, 200]:4638 472 275 68
[0.017266716749268055, 100, 5, 10, 200]:4662 448 271 72
[0.017266716749268055, 100, 5, 10, 200]:4642 467 288 56
[0.017266716749268055, 100, 5, 10, 200]:4617 493 277 66
[0.014780749225201777, 100, 5, 10, 200]:4551 559 285 58
[0.017266716749268055, 100, 5, 10, 200]:4617 492 289 55
[0.014780749225201777, 100, 5, 10, 200]:4596 513 286 58
[0.017266716749268055, 100, 5, 10, 200]:4623 487 286 57
[0.014780749225201777, 100, 5, 10, 200]:4559 551 272 71
[0.017266716749268055, 100, 5, 10, 200]:4620 490 291 52
[0.017266716749268055, 100, 5, 10, 200]:4644 465 291 53
[0.017266716749268055, 100, 5, 10, 200]:4645 464 293 50
[0.014780749225201777, 100, 5, 10, 200]:4575 535 269 74
[0.014780749225201777, 100, 5, 10, 200]:4589 520 292 52
[0.014780749225201777, 100, 5, 10, 200]:4569 541 277 66
[0.014780749225201777, 100, 5, 10, 200]:4612 497 276 68
[0.014780749225201777, 100, 5, 10, 200]:4579 530 282 62
[0.014780749225201777, 100, 5, 10, 200]:4599 511 260 83
[0.014780749225201777, 100, 5, 10, 200]:4592 517 288 55
[0.01559332219013115, 100, 5, 10, 1654]:4602 508 288 55
[0.01559332219013115, 100, 5, 10, 1654]:4633 476 290 54
[0.01559332219013115, 100, 5, 10, 1654]:4657 452 288 56
[0.01559332219013115, 100, 5, 10, 1654]:4610 499 290 54
[0.01559332219013115, 100, 5, 10, 1654]:4620 490 278 65
[0.01559332219013115, 100, 5, 10, 1654]:4641 469 273 70
[0.01559332219013115, 100, 5, 10, 1654]:4640 469 285 59
[0.01559332219013115, 100, 5, 10, 1654]:4636 473 291 52
[0.01559332219013115, 100, 5, 10, 1654]:4594 516 277 66
[0.01559332219013115, 100, 5, 10, 1654]:4619 491 287 56
