[0.062489530279998665, 13, 2, 8, 545]:4420 694 258 81
[0.062489530279998665, 13, 2, 8, 545]:4434 681 243 95
[0.062489530279998665, 13, 2, 8, 545]:4408 706 251 87
[0.062489530279998665, 13, 2, 8, 545]:4415 700 262 76
[0.062489530279998665, 13, 2, 8, 545]:4481 633 257 82
[0.062489530279998665, 13, 2, 8, 545]:4459 655 261 78
[0.062489530279998665, 13, 2, 8, 545]:4413 701 250 89
[0.062489530279998665, 13, 2, 8, 545]:4425 690 257 81
[0.062489530279998665, 13, 2, 8, 545]:4476 639 263 75
[0.062489530279998665, 13, 2, 8, 545]:4462 653 256 82
[0.0837870144857317, 75, 4, 9, 385]:4773 342 284 54
[0.0837870144857317, 75, 4, 9, 385]:4773 341 285 54
[0.0837870144857317, 75, 4, 9, 385]:4726 389 283 55
[0.0837870144857317, 75, 4, 9, 385]:4762 353 280 58
[0.0837870144857317, 75, 4, 9, 385]:4766 349 284 54
[0.0837870144857317, 75, 4, 9, 385]:4801 313 282 57
[0.0837870144857317, 75, 4, 9, 385]:4741 373 291 48
[0.0837870144857317, 75, 4, 9, 385]:4775 339 279 59
[0.0837870144857317, 75, 4, 9, 385]:4765 350 284 54
[0.0837870144857317, 75, 4, 9, 385]:4746 368 292 47
[0.7547299945865751, 40, 3, 5, 1083]:5115 0 338 0
[0.7547299945865751, 40, 3, 5, 1083]:5114 0 339 0
[0.7547299945865751, 40, 3, 5, 1083]:5114 0 339 0
[0.7547299945865751, 40, 3, 5, 1083]:5114 0 338 0
[0.7547299945865751, 40, 3, 5, 1083]:5115 0 338 0
[0.7547299945865751, 40, 3, 5, 1083]:5115 0 338 0
[0.7547299945865751, 40, 3, 5, 1083]:5115 0 338 0
[0.7547299945865751, 40, 3, 5, 1083]:5114 0 339 0
[0.7547299945865751, 40, 3, 5, 1083]:5115 0 338 0
[0.7547299945865751, 40, 3, 5, 1083]:5114 0 339 0
[0.016126531164964424, 21, 2, 4, 234]:252 4863 16 322
[0.016126531164964424, 21, 2, 4, 234]:235 4879 19 320
[0.016126531164964424, 21, 2, 4, 234]:233 4881 15 323
[0.016126531164964424, 21, 2, 4, 234]:227 4888 12 326
[0.016126531164964424, 21, 2, 4, 234]:227 4887 13 326
[0.016126531164964424, 21, 2, 4, 234]:251 4864 15 323
[0.016126531164964424, 21, 2, 4, 234]:225 4890 20 318
[0.016126531164964424, 21, 2, 4, 234]:249 4865 21 318
[0.016126531164964424, 21, 2, 4, 234]:239 4876 14 324
[0.016126531164964424, 21, 2, 4, 234]:217 4897 16 323
[0.01964088304644902, 12, 3, 2, 1232]:70 5045 6 332
[0.01964088304644902, 12, 3, 2, 1232]:68 5047 4 334
[0.01964088304644902, 12, 3, 2, 1232]:53 5061 4 335
[0.01964088304644902, 12, 3, 2, 1232]:57 5058 1 337
[0.01964088304644902, 12, 3, 2, 1232]:69 5046 5 333
[0.01964088304644902, 12, 3, 2, 1232]:71 5043 3 336
[0.01964088304644902, 12, 3, 2, 1232]:72 5042 3 335
[0.01964088304644902, 12, 3, 2, 1232]:68 5046 5 334
[0.01964088304644902, 12, 3, 2, 1232]:70 5044 4 335
[0.01964088304644902, 12, 3, 2, 1232]:105 5010 6 332
[0.876050873280423, 49, 2, 9, 1878]:5114 0 339 0
[0.876050873280423, 49, 2, 9, 1878]:5114 0 339 0
[0.876050873280423, 49, 2, 9, 1878]:5115 0 338 0
[0.876050873280423, 49, 2, 9, 1878]:5114 0 339 0
[0.876050873280423, 49, 2, 9, 1878]:5115 0 338 0
[0.876050873280423, 49, 2, 9, 1878]:5115 0 338 0
[0.876050873280423, 49, 2, 9, 1878]:5114 0 338 0
[0.876050873280423, 49, 2, 9, 1878]:5115 0 338 0
[0.876050873280423, 49, 2, 9, 1878]:5115 0 338 0
[0.876050873280423, 49, 2, 9, 1878]:5114 0 339 0
[0.297011903889105, 86, 4, 4, 226]:5115 0 338 0
[0.297011903889105, 86, 4, 4, 226]:5114 0 339 0
[0.297011903889105, 86, 4, 4, 226]:5115 0 338 0
[0.297011903889105, 86, 4, 4, 226]:5114 0 338 0
[0.297011903889105, 86, 4, 4, 226]:5115 0 338 0
[0.297011903889105, 86, 4, 4, 226]:5114 0 339 0
[0.297011903889105, 86, 4, 4, 226]:5114 0 339 0
[0.297011903889105, 86, 4, 4, 226]:5114 0 339 0
[0.297011903889105, 86, 4, 4, 226]:5115 0 338 0
[0.297011903889105, 86, 4, 4, 226]:5115 0 338 0
[0.012106372603795146, 62, 2, 6, 879]:929 4185 53 285
[0.012106372603795146, 62, 2, 6, 879]:1007 4108 61 277
[0.012106372603795146, 62, 2, 6, 879]:1023 4091 62 277
[0.012106372603795146, 62, 2, 6, 879]:995 4120 56 282
[0.012106372603795146, 62, 2, 6, 879]:1061 4054 57 281
[0.012106372603795146, 62, 2, 6, 879]:800 4314 46 293
[0.012106372603795146, 62, 2, 6, 879]:1079 4036 60 278
[0.012106372603795146, 62, 2, 6, 879]:1038 4077 55 283
[0.012106372603795146, 62, 2, 6, 879]:984 4130 61 278
[0.012106372603795146, 62, 2, 6, 879]:1048 4066 58 281
[0.045973369579054686, 26, 1, 9, 1680]:1662 3453 102 236
[0.045973369579054686, 26, 1, 9, 1680]:1520 3595 86 252
[0.045973369579054686, 26, 1, 9, 1680]:1318 3797 74 264
[0.045973369579054686, 26, 1, 9, 1680]:1348 3767 80 258
[0.045973369579054686, 26, 1, 9, 1680]:1319 3795 68 271
[0.045973369579054686, 26, 1, 9, 1680]:1712 3403 103 235
[0.045973369579054686, 26, 1, 9, 1680]:1141 3973 60 279
[0.045973369579054686, 26, 1, 9, 1680]:1509 3605 87 251
[0.045973369579054686, 26, 1, 9, 1680]:1560 3554 96 243
[0.045973369579054686, 26, 1, 9, 1680]:1511 3603 90 249
[0.06554637585356654, 35, 3, 10, 200]:4489 625 255 84
[0.06554637585356654, 35, 3, 10, 200]:4513 602 266 72
[0.06554637585356654, 35, 3, 10, 200]:4473 641 252 86
[0.06554637585356654, 35, 3, 10, 200]:4503 611 265 74
[0.06554637585356654, 35, 3, 10, 200]:4484 630 262 77
[0.06554637585356654, 35, 3, 10, 200]:4481 634 268 70
[0.06554637585356654, 35, 3, 10, 200]:4509 606 258 80
[0.06554637585356654, 35, 3, 10, 200]:4528 587 265 73
[0.06554637585356654, 35, 3, 10, 200]:4534 580 262 77
[0.06554637585356654, 35, 3, 10, 200]:4482 633 249 89
[0.1302356891693207, 26, 1, 2, 744]:5012 103 323 15
[0.1302356891693207, 26, 1, 2, 744]:5011 103 319 20
[0.1302356891693207, 26, 1, 2, 744]:5022 92 322 17
[0.1302356891693207, 26, 1, 2, 744]:5024 91 321 17
[0.1302356891693207, 26, 1, 2, 744]:5011 104 324 14
[0.1302356891693207, 26, 1, 2, 744]:5002 112 317 22
[0.1302356891693207, 26, 1, 2, 744]:5014 100 321 18
[0.1302356891693207, 26, 1, 2, 744]:5015 99 319 19
[0.1302356891693207, 26, 1, 2, 744]:5020 95 322 16
[0.1302356891693207, 26, 1, 2, 744]:5010 105 316 22
[0.26865064074653766, 30, 1, 6, 954]:5106 9 336 2
[0.26865064074653766, 30, 1, 6, 954]:5103 12 336 2
[0.26865064074653766, 30, 1, 6, 954]:5105 9 337 2
[0.26865064074653766, 30, 1, 6, 954]:5098 17 337 1
[0.26865064074653766, 30, 1, 6, 954]:5105 9 335 4
[0.26865064074653766, 30, 1, 6, 954]:5093 21 338 1
[0.26865064074653766, 30, 1, 6, 954]:5100 14 336 3
[0.26865064074653766, 30, 1, 6, 954]:5106 9 336 2
[0.26865064074653766, 30, 1, 6, 954]:5093 21 336 2
[0.26865064074653766, 30, 1, 6, 954]:5104 11 338 0
[0.01, 11, 3, 6, 787]:49 5065 3 335
[0.01, 11, 3, 6, 787]:41 5073 4 335
[0.01, 11, 3, 6, 787]:43 5072 2 336
[0.01, 11, 3, 6, 787]:42 5073 1 337
[0.01, 11, 3, 6, 787]:48 5067 3 335
[0.01, 11, 3, 6, 787]:44 5071 1 337
[0.01, 11, 3, 6, 787]:39 5075 2 337
[0.01, 11, 3, 6, 787]:68 5047 2 336
[0.01, 11, 3, 6, 787]:53 5061 5 334
[0.01, 11, 3, 6, 787]:47 5067 2 337
[0.07312093276775823, 5, 5, 5, 2000]:4839 276 284 54
[0.07312093276775823, 5, 5, 5, 2000]:4828 287 285 53
[0.07312093276775823, 5, 5, 5, 2000]:4803 311 290 49
[0.07312093276775823, 5, 5, 5, 2000]:4808 306 294 45
[0.07312093276775823, 5, 5, 5, 2000]:4807 308 286 52
[0.07312093276775823, 5, 5, 5, 2000]:4829 285 282 56
[0.07312093276775823, 5, 5, 5, 2000]:4825 290 285 53
[0.07312093276775823, 5, 5, 5, 2000]:4847 268 289 49
[0.07312093276775823, 5, 5, 5, 2000]:4830 284 286 53
[0.07312093276775823, 5, 5, 5, 2000]:4819 295 289 50
[0.07262210373740131, 100, 1, 2, 2000]:4566 549 290 48
[0.07262210373740131, 100, 1, 2, 2000]:4607 508 307 31
[0.07262210373740131, 100, 1, 2, 2000]:4593 522 301 37
[0.07262210373740131, 100, 1, 2, 2000]:4606 509 315 23
[0.07262210373740131, 100, 1, 2, 2000]:4618 496 298 41
[0.07262210373740131, 100, 1, 2, 2000]:4598 516 297 41
[0.07262210373740131, 100, 1, 2, 2000]:4613 501 304 35
[0.07262210373740131, 100, 1, 2, 2000]:4557 557 299 40
[0.07262210373740131, 100, 1, 2, 2000]:4599 515 301 38
[0.07262210373740131, 100, 1, 2, 2000]:4613 502 310 28
[0.06122322695134938, 5, 5, 7, 200]:4025 1090 231 107
[0.06122322695134938, 5, 5, 7, 200]:4331 784 235 103
[0.06122322695134938, 5, 5, 7, 200]:4370 744 248 91
[0.08239172120768616, 5, 5, 10, 270]:4838 276 287 52
[0.06122322695134938, 5, 5, 7, 200]:4291 824 240 98
[0.06122322695134938, 5, 5, 7, 200]:4255 859 252 87
[0.06122322695134938, 5, 5, 7, 200]:4298 816 246 93
[0.06122322695134938, 5, 5, 7, 200]:4272 842 241 98
[0.08239172120768616, 5, 5, 10, 270]:4847 268 284 54
[0.06122322695134938, 5, 5, 7, 200]:4345 770 254 84
[0.06122322695134938, 5, 5, 7, 200]:3522 1592 208 130
[0.06122322695134938, 5, 5, 7, 200]:4341 774 254 84
[0.08239172120768616, 5, 5, 10, 270]:4837 277 283 55
[0.08239172120768616, 5, 5, 10, 270]:4847 267 293 46
[0.08239172120768616, 5, 5, 10, 270]:4816 299 287 51
[0.08239172120768616, 5, 5, 10, 270]:4837 278 287 51
[0.08239172120768616, 5, 5, 10, 270]:4811 303 295 44
[0.08239172120768616, 5, 5, 10, 270]:4837 278 286 52
[0.08239172120768616, 5, 5, 10, 270]:4858 257 289 49
[0.08239172120768616, 5, 5, 10, 270]:4834 280 289 50
[0.01, 100, 5, 2, 200]:305 4810 14 324
[0.01, 100, 5, 2, 200]:328 4786 22 317
[0.01, 100, 5, 2, 200]:292 4822 11 328
[0.01, 100, 5, 2, 200]:287 4828 13 325
[0.01, 100, 5, 2, 200]:292 4823 19 319
[0.01, 100, 5, 2, 200]:314 4800 23 316
[0.01, 100, 5, 2, 200]:299 4815 12 327
[0.01, 100, 5, 2, 200]:298 4817 17 321
[0.01, 100, 5, 2, 200]:278 4837 10 328
[0.01, 100, 5, 2, 200]:284 4830 13 325
[0.01, 100, 5, 10, 200]:275 4839 13 325
[0.01, 100, 5, 10, 200]:289 4826 16 322
[0.01, 100, 5, 10, 200]:273 4842 10 328
[0.01, 100, 5, 10, 200]:273 4841 12 327
[0.01, 100, 5, 10, 200]:319 4795 21 318
[0.01, 100, 5, 10, 200]:287 4828 19 319
[0.01, 100, 5, 10, 200]:284 4830 10 329
[0.01, 100, 5, 10, 200]:319 4795 23 316
[0.01, 100, 5, 10, 200]:307 4808 15 323
[0.01, 100, 5, 10, 200]:281 4834 13 325
[0.07784563750546412, 25, 2, 8, 2000]:4748 366 283 56
[0.07784563750546412, 25, 2, 8, 2000]:4695 420 278 60
[0.07784563750546412, 25, 2, 8, 2000]:4664 451 274 64
[0.07784563750546412, 25, 2, 8, 2000]:4703 411 281 58
[0.07784563750546412, 25, 2, 8, 2000]:4769 346 284 54
[0.07784563750546412, 25, 2, 8, 2000]:4703 411 270 68
[0.07784563750546412, 25, 2, 8, 2000]:4726 388 274 65
[0.07784563750546412, 25, 2, 8, 2000]:4626 489 279 59
[0.07784563750546412, 25, 2, 8, 2000]:4706 409 284 54
[0.07784563750546412, 25, 2, 8, 2000]:4761 353 287 52
[0.06648732355028446, 100, 1, 10, 2000]:4491 624 287 51
[0.06648732355028446, 100, 1, 10, 2000]:4530 585 294 44
[0.06648732355028446, 100, 1, 10, 2000]:4531 583 297 42
[0.06648732355028446, 100, 1, 10, 2000]:4519 596 293 45
[0.06648732355028446, 100, 1, 10, 2000]:4523 591 289 50
[0.06648732355028446, 100, 1, 10, 2000]:4524 591 301 37
[0.06648732355028446, 100, 1, 10, 2000]:4465 649 292 47
[0.06648732355028446, 100, 1, 10, 2000]:4534 580 287 52
[0.06648732355028446, 100, 1, 10, 2000]:4484 630 283 55
[0.06648732355028446, 100, 1, 10, 2000]:4514 601 298 40
[0.05343420913361495, 100, 5, 10, 252]:3037 2077 175 163
[0.05343420913361495, 100, 5, 10, 252]:3179 1936 189 149
[0.05343420913361495, 100, 5, 10, 252]:3702 1412 212 127
[0.05343420913361495, 100, 5, 10, 252]:3583 1531 202 137
[0.05343420913361495, 100, 5, 10, 252]:3719 1396 221 117
[0.05343420913361495, 100, 5, 10, 252]:3048 2067 169 169
[0.05343420913361495, 100, 5, 10, 252]:3718 1396 217 122
[0.05343420913361495, 100, 5, 10, 252]:3601 1513 194 145
[0.05343420913361495, 100, 5, 10, 252]:3656 1459 193 145
[0.05343420913361495, 100, 5, 10, 252]:3622 1493 214 124
[0.07521854815452518, 5, 3, 10, 2000]:4832 282 283 55
[0.07521854815452518, 5, 3, 10, 2000]:4837 277 293 46
[0.07521854815452518, 5, 3, 10, 2000]:4833 282 286 52
[0.07521854815452518, 5, 3, 10, 2000]:4825 289 289 50
[0.07521854815452518, 5, 3, 10, 2000]:4810 305 287 51
[0.07521854815452518, 5, 3, 10, 2000]:4841 274 284 54
[0.07521854815452518, 5, 3, 10, 2000]:4827 288 286 52
[0.07521854815452518, 5, 3, 10, 2000]:4850 265 289 49
[0.07521854815452518, 5, 3, 10, 2000]:4809 305 295 44
[0.07521854815452518, 5, 3, 10, 2000]:4833 281 286 53
[0.07024449221664951, 56, 5, 10, 2000]:4475 639 252 86
[0.07024449221664951, 56, 5, 10, 2000]:4504 611 257 81
[0.07024449221664951, 56, 5, 10, 2000]:4529 586 265 73
[0.07024449221664951, 56, 5, 10, 2000]:4537 578 266 72
[0.07024449221664951, 56, 5, 10, 2000]:4520 594 262 77
[0.07024449221664951, 56, 5, 10, 2000]:4544 570 259 80
[0.07024449221664951, 56, 5, 10, 2000]:4490 624 261 78
[0.07024449221664951, 56, 5, 10, 2000]:4497 618 248 90
[0.07024449221664951, 56, 5, 10, 2000]:4482 633 264 74
[0.07024449221664951, 56, 5, 10, 2000]:4519 595 267 72
[0.08034914556356293, 40, 5, 2, 200]:4726 388 269 70
[0.08034914556356293, 40, 5, 2, 200]:4746 369 281 57
[0.08034914556356293, 40, 5, 2, 200]:4690 424 281 58
[0.08034914556356293, 40, 5, 2, 200]:4701 414 277 61
[0.08034914556356293, 40, 5, 2, 200]:4656 459 274 64
[0.08034914556356293, 40, 5, 2, 200]:4697 418 277 61
[0.08034914556356293, 40, 5, 2, 200]:4726 388 281 58
[0.08034914556356293, 40, 5, 2, 200]:4689 425 267 71
[0.08034914556356293, 40, 5, 2, 200]:4650 465 271 67
[0.08034914556356293, 40, 5, 2, 200]:4720 394 288 51
[0.08224388138769292, 41, 5, 10, 200]:4720 394 285 54
[0.08224388138769292, 41, 5, 10, 200]:4700 415 277 61
[0.08224388138769292, 41, 5, 10, 200]:4756 359 282 56
[0.07247199020651764, 37, 4, 10, 200]:4499 616 266 72
[0.07247199020651764, 37, 4, 10, 200]:4546 569 265 73
[0.08224388138769292, 41, 5, 10, 200]:4727 387 280 59
[0.07247199020651764, 37, 4, 10, 200]:4525 590 261 77
[0.07247199020651764, 37, 4, 10, 200]:4581 533 265 74
[0.08224388138769292, 41, 5, 10, 200]:4736 379 280 58
[0.07247199020651764, 37, 4, 10, 200]:4584 531 264 74
[0.08224388138769292, 41, 5, 10, 200]:4717 397 287 52
[0.08224388138769292, 41, 5, 10, 200]:4745 369 273 65
[0.08224388138769292, 41, 5, 10, 200]:4752 363 284 54
[0.07247199020651764, 37, 4, 10, 200]:4550 564 260 79
[0.08224388138769292, 41, 5, 10, 200]:4722 393 278 60
[0.07247199020651764, 37, 4, 10, 200]:4545 570 267 71
[0.07247199020651764, 37, 4, 10, 200]:4563 551 270 69
[0.08224388138769292, 41, 5, 10, 200]:4788 326 279 60
[0.07247199020651764, 37, 4, 10, 200]:4515 599 257 81
[0.07247199020651764, 37, 4, 10, 200]:4519 595 266 73
[0.06748755415726426, 5, 3, 2, 2000]:4492 623 260 78
[0.06748755415726426, 5, 3, 2, 2000]:4531 584 251 87
[0.06748755415726426, 5, 3, 2, 2000]:4489 625 262 77
[0.06748755415726426, 5, 3, 2, 2000]:4504 610 252 86
[0.06748755415726426, 5, 3, 2, 2000]:4541 574 268 70
[0.06748755415726426, 5, 3, 2, 2000]:4543 571 257 82
[0.06748755415726426, 5, 3, 2, 2000]:4486 629 264 74
[0.06748755415726426, 5, 3, 2, 2000]:4518 596 254 85
[0.06748755415726426, 5, 3, 2, 2000]:4524 591 257 81
[0.06748755415726426, 5, 3, 2, 2000]:4527 587 262 77
[0.021493969503854325, 100, 5, 10, 1386]:494 4621 29 309
[0.021493969503854325, 100, 5, 10, 1386]:458 4656 27 311
[0.021493969503854325, 100, 5, 10, 1386]:454 4661 25 313
[0.021493969503854325, 100, 5, 10, 1386]:456 4659 21 317
[0.021493969503854325, 100, 5, 10, 1386]:438 4676 19 320
[0.021493969503854325, 100, 5, 10, 1386]:457 4658 18 320
[0.021493969503854325, 100, 5, 10, 1386]:467 4647 21 318
[0.021493969503854325, 100, 5, 10, 1386]:484 4630 27 312
[0.021493969503854325, 100, 5, 10, 1386]:444 4670 30 309
[0.021493969503854325, 100, 5, 10, 1386]:460 4655 24 314
[0.023354163145176403, 100, 3, 2, 2000]:743 4371 42 297
[0.023354163145176403, 100, 3, 2, 2000]:717 4398 36 302
[0.023354163145176403, 100, 3, 2, 2000]:680 4435 33 305
[0.023354163145176403, 100, 3, 2, 2000]:773 4341 43 296
[0.023354163145176403, 100, 3, 2, 2000]:819 4296 51 287
[0.023354163145176403, 100, 3, 2, 2000]:688 4426 38 301
[0.023354163145176403, 100, 3, 2, 2000]:748 4367 46 292
[0.023354163145176403, 100, 3, 2, 2000]:703 4411 43 295
[0.023354163145176403, 100, 3, 2, 2000]:835 4280 51 287
[0.023354163145176403, 100, 3, 2, 2000]:768 4346 42 297
[0.06532779741590285, 5, 3, 10, 2000]:4457 658 251 87
[0.01, 100, 1, 2, 200]:4142 973 265 73
[0.06532779741590285, 5, 3, 10, 2000]:4440 675 262 76
[0.06532779741590285, 5, 3, 10, 2000]:4470 645 245 93
[0.01, 100, 1, 2, 200]:4150 965 293 45
[0.06532779741590285, 5, 3, 10, 2000]:4451 664 257 81
[0.01, 100, 1, 2, 200]:4147 968 278 60
[0.01, 100, 1, 2, 200]:4159 956 283 55
[0.01, 100, 1, 2, 200]:4149 965 270 68
[0.06532779741590285, 5, 3, 10, 2000]:4442 672 260 79
[0.06532779741590285, 5, 3, 10, 2000]:4427 687 248 90
[0.06532779741590285, 5, 3, 10, 2000]:4464 650 253 86
[0.01, 100, 1, 2, 200]:4155 959 282 57
[0.06532779741590285, 5, 3, 10, 2000]:4400 714 247 92
[0.06532779741590285, 5, 3, 10, 2000]:4453 662 263 75
[0.01, 100, 1, 2, 200]:4137 977 272 67
[0.01, 100, 1, 2, 200]:4118 996 265 74
[0.01, 100, 1, 2, 200]:4098 1016 286 53
[0.06532779741590285, 5, 3, 10, 2000]:4442 672 256 83
[0.01, 100, 1, 2, 200]:4164 951 280 58
[0.01, 100, 1, 8, 1700]:4066 1049 270 68
[0.01, 100, 1, 8, 1700]:4060 1055 274 64
[0.01, 100, 1, 8, 1700]:4055 1059 258 80
[0.01, 100, 1, 8, 1700]:4050 1065 258 80
[0.01, 100, 1, 8, 1700]:4102 1013 280 58
[0.01, 100, 1, 8, 1700]:3998 1116 277 62
[0.01, 100, 1, 8, 1700]:4090 1024 273 66
[0.01, 100, 1, 8, 1700]:4056 1058 260 79
[0.01, 100, 1, 8, 1700]:4068 1046 260 79
[0.01, 100, 1, 8, 1700]:4072 1043 272 66
[0.07314396197734972, 5, 3, 2, 200]:4807 308 286 52
[0.07314396197734972, 5, 3, 2, 200]:4832 283 285 53
[0.07314396197734972, 5, 3, 2, 200]:4804 310 291 48
[0.07314396197734972, 5, 3, 2, 200]:4827 287 282 56
[0.07314396197734972, 5, 3, 2, 200]:4840 275 284 54
[0.07314396197734972, 5, 3, 2, 200]:4825 290 286 52
[0.07314396197734972, 5, 3, 2, 200]:4821 293 289 50
[0.07314396197734972, 5, 3, 2, 200]:4807 307 294 45
[0.07314396197734972, 5, 3, 2, 200]:4829 285 285 54
[0.07314396197734972, 5, 3, 2, 200]:4845 270 289 49
[0.07356646659294357, 5, 4, 2, 2000]:4831 283 286 53
[0.07356646659294357, 5, 4, 2, 2000]:4806 308 294 45
[0.07356646659294357, 5, 4, 2, 2000]:4839 276 284 54
[0.07356646659294357, 5, 4, 2, 2000]:4809 306 286 52
[0.07356646659294357, 5, 4, 2, 2000]:4831 284 285 53
[0.07356646659294357, 5, 4, 2, 2000]:4847 268 289 49
[0.07356646659294357, 5, 4, 2, 2000]:4824 291 286 52
[0.07356646659294357, 5, 4, 2, 2000]:4821 293 289 50
[0.07356646659294357, 5, 4, 2, 2000]:4822 292 291 48
[0.07356646659294357, 5, 4, 2, 2000]:4831 283 282 56
[0.012877678367132873, 5, 5, 10, 2000]:8 5106 0 338
[0.012877678367132873, 5, 5, 10, 2000]:10 5105 1 337
[0.012877678367132873, 5, 5, 10, 2000]:11 5104 1 337
[0.012877678367132873, 5, 5, 10, 2000]:7 5108 0 338
[0.012877678367132873, 5, 5, 10, 2000]:9 5105 0 339
[0.012877678367132873, 5, 5, 10, 2000]:4 5111 0 338
[0.012877678367132873, 5, 5, 10, 2000]:8 5106 1 338
[0.012877678367132873, 5, 5, 10, 2000]:5 5110 0 338
[0.012877678367132873, 5, 5, 10, 2000]:13 5101 0 339
[0.012877678367132873, 5, 5, 10, 2000]:12 5102 0 339
[0.12485966773044885, 5, 5, 10, 2000]:5114 0 338 0
[0.12485966773044885, 5, 5, 10, 2000]:5108 6 339 0
[0.12485966773044885, 5, 5, 10, 2000]:5099 16 334 4
[0.12485966773044885, 5, 5, 10, 2000]:5113 1 339 0
[0.12485966773044885, 5, 5, 10, 2000]:5114 0 339 0
[0.12485966773044885, 5, 5, 10, 2000]:5104 11 337 1
[0.12485966773044885, 5, 5, 10, 2000]:5105 9 338 1
[0.12485966773044885, 5, 5, 10, 2000]:5115 0 338 0
[0.12485966773044885, 5, 5, 10, 2000]:5114 1 337 1
[0.12485966773044885, 5, 5, 10, 2000]:5113 2 337 1
[0.04328729415823812, 34, 4, 3, 1889]:986 4129 62 276
[0.04328729415823812, 34, 4, 3, 1889]:1066 4049 64 274
[0.04328729415823812, 34, 4, 3, 1889]:849 4265 48 290
[0.04328729415823812, 34, 4, 3, 1889]:1054 4060 58 281
[0.04328729415823812, 34, 4, 3, 1889]:874 4240 48 291
[0.04328729415823812, 34, 4, 3, 1889]:967 4148 56 282
[0.04328729415823812, 34, 4, 3, 1889]:1168 3947 71 267
[0.04328729415823812, 34, 4, 3, 1889]:1081 4033 59 280
[0.04328729415823812, 34, 4, 3, 1889]:820 4294 39 300
[0.04328729415823812, 34, 4, 3, 1889]:831 4284 45 293
[0.055330752313203425, 60, 4, 2, 2000]:3828 1286 221 118
[0.055330752313203425, 60, 4, 2, 2000]:3874 1240 223 116
[0.055330752313203425, 60, 4, 2, 2000]:3906 1209 230 108
[0.055330752313203425, 60, 4, 2, 2000]:3828 1287 219 119
[0.055330752313203425, 60, 4, 2, 2000]:3531 1583 199 139
[0.055330752313203425, 60, 4, 2, 2000]:3843 1272 224 114
[0.055330752313203425, 60, 4, 2, 2000]:3886 1228 201 138
[0.055330752313203425, 60, 4, 2, 2000]:3873 1241 226 113
[0.055330752313203425, 60, 4, 2, 2000]:3731 1384 214 124
[0.055330752313203425, 60, 4, 2, 2000]:3795 1320 195 143
[0.031050187793805882, 100, 1, 2, 200]:4360 754 284 55
[0.031050187793805882, 100, 1, 2, 200]:4352 763 289 49
[0.031050187793805882, 100, 1, 2, 200]:4313 801 294 45
[0.031050187793805882, 100, 1, 2, 200]:4382 732 291 48
[0.031050187793805882, 100, 1, 2, 200]:4360 755 288 50
[0.031050187793805882, 100, 1, 2, 200]:4385 730 291 47
[0.031050187793805882, 100, 1, 2, 200]:4382 732 278 60
[0.031050187793805882, 100, 1, 2, 200]:4372 743 301 37
[0.031050187793805882, 100, 1, 2, 200]:4355 760 281 57
[0.031050187793805882, 100, 1, 2, 200]:4367 747 277 62
[0.025879014394209875, 6, 1, 9, 2000]:29 5085 2 337
[0.025879014394209875, 6, 1, 9, 2000]:23 5091 2 336
[0.025879014394209875, 6, 1, 9, 2000]:34 5081 1 337
[0.025879014394209875, 6, 1, 9, 2000]:23 5091 1 338
[0.025879014394209875, 6, 1, 9, 2000]:33 5082 1 337
[0.025879014394209875, 6, 1, 9, 2000]:50 5065 1 337
[0.025879014394209875, 6, 1, 9, 2000]:35 5080 3 335
[0.025879014394209875, 6, 1, 9, 2000]:30 5085 1 337
[0.025879014394209875, 6, 1, 9, 2000]:49 5065 4 335
[0.025879014394209875, 6, 1, 9, 2000]:31 5083 2 337
[0.03123773025153578, 100, 2, 7, 2000]:3409 1706 194 144
[0.03123773025153578, 100, 2, 7, 2000]:3444 1671 212 126
[0.03123773025153578, 100, 2, 7, 2000]:3444 1670 184 154
[0.03123773025153578, 100, 2, 7, 2000]:3507 1608 204 134
[0.03123773025153578, 100, 2, 7, 2000]:3466 1649 199 139
[0.03123773025153578, 100, 2, 7, 2000]:3490 1624 191 148
[0.03123773025153578, 100, 2, 7, 2000]:3448 1666 193 146
[0.03123773025153578, 100, 2, 7, 2000]:3472 1642 203 136
[0.03123773025153578, 100, 2, 7, 2000]:3442 1672 207 132
[0.03123773025153578, 100, 2, 7, 2000]:3469 1646 184 154
[0.053595628750711194, 11, 3, 2, 2000]:1796 3318 102 236
[0.053595628750711194, 11, 3, 2, 2000]:1785 3330 78 260
[0.053595628750711194, 11, 3, 2, 2000]:1858 3257 102 236
[0.053595628750711194, 11, 3, 2, 2000]:1865 3250 93 245
[0.053595628750711194, 11, 3, 2, 2000]:1701 3413 80 259
[0.053595628750711194, 11, 3, 2, 2000]:1772 3342 91 248
[0.053595628750711194, 11, 3, 2, 2000]:1719 3396 82 256
[0.053595628750711194, 11, 3, 2, 2000]:2012 3102 99 240
[0.053595628750711194, 11, 3, 2, 2000]:1831 3283 92 247
[0.053595628750711194, 11, 3, 2, 2000]:1819 3296 101 237
[0.0490664265814352, 100, 2, 2, 2000]:4028 1087 236 102
[0.0490664265814352, 100, 2, 2, 2000]:4036 1079 240 98
[0.0490664265814352, 100, 2, 2, 2000]:4012 1103 240 98
[0.060321512969444095, 100, 2, 2, 2000]:4352 763 265 73
[0.060321512969444095, 100, 2, 2, 2000]:4366 748 249 89
[0.060321512969444095, 100, 2, 2, 2000]:4344 770 256 83
[0.060321512969444095, 100, 2, 2, 2000]:4307 808 258 80
[0.060321512969444095, 100, 2, 2, 2000]:4290 824 260 79
[0.0490664265814352, 100, 2, 2, 2000]:4087 1027 242 97
[0.060321512969444095, 100, 2, 2, 2000]:4343 772 259 79
[0.0490664265814352, 100, 2, 2, 2000]:3987 1128 239 99
[0.060321512969444095, 100, 2, 2, 2000]:4385 729 257 82
[0.060321512969444095, 100, 2, 2, 2000]:4366 748 258 81
[0.0490664265814352, 100, 2, 2, 2000]:4036 1078 223 115
[0.0490664265814352, 100, 2, 2, 2000]:4096 1018 231 108
[0.0490664265814352, 100, 2, 2, 2000]:4009 1105 244 95
[0.060321512969444095, 100, 2, 2, 2000]:4361 754 264 74
[0.0490664265814352, 100, 2, 2, 2000]:4085 1029 243 96
[0.060321512969444095, 100, 2, 2, 2000]:4353 762 260 78
[0.0490664265814352, 100, 2, 2, 2000]:4105 1010 241 97
[0.02872892875721403, 5, 5, 4, 200]:19 5096 1 337
[0.02872892875721403, 5, 5, 4, 200]:26 5088 2 337
[0.02872892875721403, 5, 5, 4, 200]:26 5089 1 337
[0.02872892875721403, 5, 5, 4, 200]:25 5090 3 335
[0.02872892875721403, 5, 5, 4, 200]:25 5090 1 337
[0.02872892875721403, 5, 5, 4, 200]:18 5096 1 337
[0.02872892875721403, 5, 5, 4, 200]:33 5081 3 336
[0.02872892875721403, 5, 5, 4, 200]:14 5100 1 338
[0.02872892875721403, 5, 5, 4, 200]:25 5090 1 337
[0.02872892875721403, 5, 5, 4, 200]:20 5094 0 339
[0.029400932259081802, 45, 5, 3, 2000]:541 4574 25 313
[0.029400932259081802, 45, 5, 3, 2000]:581 4534 36 302
[0.029400932259081802, 45, 5, 3, 2000]:561 4554 30 308
[0.029400932259081802, 45, 5, 3, 2000]:584 4531 34 304
[0.032981593711276826, 100, 5, 2, 2000]:662 4453 39 299
[0.029400932259081802, 45, 5, 3, 2000]:559 4556 26 312
[0.032981593711276826, 100, 5, 2, 2000]:613 4502 30 308
[0.032981593711276826, 100, 5, 2, 2000]:660 4455 40 298
[0.032981593711276826, 100, 5, 2, 2000]:619 4495 39 299
[0.032981593711276826, 100, 5, 2, 2000]:595 4520 28 310
[0.029400932259081802, 45, 5, 3, 2000]:564 4550 35 303
[0.032981593711276826, 100, 5, 2, 2000]:645 4470 37 301
[0.032981593711276826, 100, 5, 2, 2000]:617 4497 34 305
[0.032981593711276826, 100, 5, 2, 2000]:644 4470 37 302
[0.032981593711276826, 100, 5, 2, 2000]:615 4499 31 308
[0.029400932259081802, 45, 5, 3, 2000]:565 4549 33 306
[0.032981593711276826, 100, 5, 2, 2000]:570 4544 24 315
[0.029400932259081802, 45, 5, 3, 2000]:571 4543 27 312
[0.029400932259081802, 45, 5, 3, 2000]:585 4529 33 306
[0.029400932259081802, 45, 5, 3, 2000]:541 4573 24 315
[0.036420078320460535, 5, 3, 6, 200]:31 5083 2 337
[0.036420078320460535, 5, 3, 6, 200]:31 5083 1 338
[0.036420078320460535, 5, 3, 6, 200]:35 5080 1 337
[0.036420078320460535, 5, 3, 6, 200]:33 5082 1 337
[0.036420078320460535, 5, 3, 6, 200]:36 5079 1 337
[0.036420078320460535, 5, 3, 6, 200]:41 5074 3 335
[0.036420078320460535, 5, 3, 6, 200]:35 5079 2 337
[0.036420078320460535, 5, 3, 6, 200]:50 5064 4 335
[0.036420078320460535, 5, 3, 6, 200]:59 5056 1 337
[0.036420078320460535, 5, 3, 6, 200]:31 5083 1 337
[0.03276591396180623, 5, 3, 2, 2000]:40 5075 1 337
[0.03276591396180623, 5, 3, 2, 2000]:30 5085 1 337
[0.03276591396180623, 5, 3, 2, 2000]:28 5086 1 338
[0.03276591396180623, 5, 3, 2, 2000]:27 5088 1 337
[0.03276591396180623, 5, 3, 2, 2000]:33 5081 2 337
[0.03276591396180623, 5, 3, 2, 2000]:45 5069 4 335
[0.03276591396180623, 5, 3, 2, 2000]:22 5092 1 337
[0.03276591396180623, 5, 3, 2, 2000]:31 5084 0 338
[0.03276591396180623, 5, 3, 2, 2000]:20 5094 1 338
[0.03276591396180623, 5, 3, 2, 2000]:31 5084 3 335
[0.03415864270399829, 100, 3, 5, 2000]:2295 2820 142 196
[0.03415864270399829, 100, 3, 5, 2000]:2620 2495 155 183
[0.03415864270399829, 100, 3, 5, 2000]:2923 2192 176 162
[0.03415864270399829, 100, 3, 5, 2000]:2213 2901 123 215
[0.03415864270399829, 100, 3, 5, 2000]:2228 2887 123 215
[0.03415864270399829, 100, 3, 5, 2000]:2508 2606 144 195
[0.03415864270399829, 100, 3, 5, 2000]:2496 2618 133 206
[0.03415864270399829, 100, 3, 5, 2000]:2826 2288 170 169
[0.03415864270399829, 100, 3, 5, 2000]:2293 2821 128 211
[0.03415864270399829, 100, 3, 5, 2000]:2765 2350 142 196
[0.99, 100, 5, 3, 200]:5114 0 339 0
[0.99, 100, 5, 3, 200]:5114 0 338 0
[0.99, 100, 5, 3, 200]:5115 0 338 0
[0.99, 100, 5, 3, 200]:5114 0 339 0
[0.99, 100, 5, 3, 200]:5115 0 338 0
[0.99, 100, 5, 3, 200]:5114 0 339 0
[0.99, 100, 5, 3, 200]:5114 0 339 0
[0.99, 100, 5, 3, 200]:5115 0 338 0
[0.99, 100, 5, 3, 200]:5115 0 338 0
[0.99, 100, 5, 3, 200]:5115 0 338 0
[0.6128583518396674, 100, 5, 9, 200]:5114 0 338 0
[0.6128583518396674, 100, 5, 9, 200]:5115 0 338 0
[0.6128583518396674, 100, 5, 9, 200]:5115 0 338 0
[0.6128583518396674, 100, 5, 9, 200]:5115 0 338 0
[0.6128583518396674, 100, 5, 9, 200]:5114 0 339 0
[0.6128583518396674, 100, 5, 9, 200]:5114 0 339 0
[0.6128583518396674, 100, 5, 9, 200]:5115 0 338 0
[0.6128583518396674, 100, 5, 9, 200]:5114 0 339 0
[0.6128583518396674, 100, 5, 9, 200]:5115 0 338 0
[0.6128583518396674, 100, 5, 9, 200]:5114 0 339 0
[0.7765452874403364, 5, 5, 5, 2000]:5115 0 338 0
[0.7765452874403364, 5, 5, 5, 2000]:5115 0 338 0
[0.7765452874403364, 5, 5, 5, 2000]:5115 0 338 0
[0.7765452874403364, 5, 5, 5, 2000]:5114 0 339 0
[0.7765452874403364, 5, 5, 5, 2000]:5114 0 339 0
[0.7765452874403364, 5, 5, 5, 2000]:5114 0 338 0
[0.7765452874403364, 5, 5, 5, 2000]:5114 0 339 0
[0.7765452874403364, 5, 5, 5, 2000]:5115 0 338 0
[0.7765452874403364, 5, 5, 5, 2000]:5115 0 338 0
[0.7765452874403364, 5, 5, 5, 2000]:5114 0 339 0
[0.06956443867033381, 5, 2, 4, 2000]:4775 340 281 57
[0.06956443867033381, 5, 2, 4, 2000]:4728 386 281 58
[0.06956443867033381, 5, 2, 4, 2000]:4703 412 281 57
[0.06956443867033381, 5, 2, 4, 2000]:4791 323 278 60
[0.06956443867033381, 5, 2, 4, 2000]:4815 300 286 52
[0.06956443867033381, 5, 2, 4, 2000]:4686 428 283 56
[0.06954369931936356, 5, 2, 7, 2000]:4502 613 265 73
[0.06956443867033381, 5, 2, 4, 2000]:4695 420 270 68
[0.06954369931936356, 5, 2, 7, 2000]:4749 365 271 68
[0.06956443867033381, 5, 2, 4, 2000]:4753 361 282 57
[0.06954369931936356, 5, 2, 7, 2000]:4755 360 275 63
[0.06954369931936356, 5, 2, 7, 2000]:4766 348 285 54
[0.06956443867033381, 5, 2, 4, 2000]:4491 624 264 74
[0.06954369931936356, 5, 2, 7, 2000]:4563 552 263 75
[0.06954369931936356, 5, 2, 7, 2000]:4794 320 279 59
[0.06954369931936356, 5, 2, 7, 2000]:4568 547 271 67
[0.06954369931936356, 5, 2, 7, 2000]:4725 389 278 61
[0.06954369931936356, 5, 2, 7, 2000]:4759 356 280 58
[0.06954369931936356, 5, 2, 7, 2000]:4681 433 283 56
[0.06956443867033381, 5, 2, 4, 2000]:4633 481 268 71
[0.07001491648907916, 100, 4, 3, 2000]:4538 576 268 71
[0.07001491648907916, 100, 4, 3, 2000]:4533 582 266 72
[0.07001491648907916, 100, 4, 3, 2000]:4597 518 260 78
[0.07001491648907916, 100, 4, 3, 2000]:4479 636 265 73
[0.07001491648907916, 100, 4, 3, 2000]:4531 584 266 72
[0.07001491648907916, 100, 4, 3, 2000]:4504 611 257 81
[0.07001491648907916, 100, 4, 3, 2000]:4507 607 266 73
[0.07001491648907916, 100, 4, 3, 2000]:4541 573 259 80
[0.07001491648907916, 100, 4, 3, 2000]:4491 623 255 83
[0.07001491648907916, 100, 4, 3, 2000]:4588 526 268 71
[0.013543695565202222, 100, 4, 10, 2000]:476 4638 29 309
[0.013543695565202222, 100, 4, 10, 2000]:474 4641 26 312
[0.013543695565202222, 100, 4, 10, 2000]:456 4659 18 320
[0.013543695565202222, 100, 4, 10, 2000]:464 4651 25 313
[0.013543695565202222, 100, 4, 10, 2000]:476 4638 25 314
[0.013543695565202222, 100, 4, 10, 2000]:455 4659 19 320
[0.013543695565202222, 100, 4, 10, 2000]:479 4636 29 309
[0.013543695565202222, 100, 4, 10, 2000]:475 4640 24 314
[0.013543695565202222, 100, 4, 10, 2000]:477 4637 27 312
[0.013543695565202222, 100, 4, 10, 2000]:456 4658 30 309
[0.012864909308166639, 100, 4, 10, 2000]:451 4663 26 312
[0.012864909308166639, 100, 4, 10, 2000]:458 4657 23 315
[0.012864909308166639, 100, 4, 10, 2000]:477 4638 26 312
[0.012864909308166639, 100, 4, 10, 2000]:440 4675 25 313
[0.012864909308166639, 100, 4, 10, 2000]:448 4666 30 309
[0.012864909308166639, 100, 4, 10, 2000]:433 4682 17 321
[0.012864909308166639, 100, 4, 10, 2000]:468 4646 26 313
[0.012864909308166639, 100, 4, 10, 2000]:460 4654 22 317
[0.012864909308166639, 100, 4, 10, 2000]:462 4653 22 316
[0.012864909308166639, 100, 4, 10, 2000]:437 4677 18 321
[0.013597209702304233, 100, 3, 9, 2000]:604 4510 37 301
[0.013597209702304233, 100, 3, 9, 2000]:622 4493 41 297
[0.013597209702304233, 100, 3, 9, 2000]:570 4545 28 310
[0.013597209702304233, 100, 3, 9, 2000]:607 4508 36 302
[0.013597209702304233, 100, 3, 9, 2000]:602 4512 32 307
[0.013597209702304233, 100, 3, 9, 2000]:569 4545 26 313
[0.013597209702304233, 100, 3, 9, 2000]:601 4514 33 305
[0.013597209702304233, 100, 3, 9, 2000]:652 4462 38 301
[0.013597209702304233, 100, 3, 9, 2000]:610 4505 36 302
[0.013597209702304233, 100, 3, 9, 2000]:617 4497 35 304
