[0.8804928585179325, 36, 5, 7, 229]:5115 0 338 0
[0.8804928585179325, 36, 5, 7, 229]:5115 0 338 0
[0.8804928585179325, 36, 5, 7, 229]:5115 0 338 0
[0.8804928585179325, 36, 5, 7, 229]:5115 0 338 0
[0.8804928585179325, 36, 5, 7, 229]:5114 0 339 0
[0.8804928585179325, 36, 5, 7, 229]:5115 0 338 0
[0.8804928585179325, 36, 5, 7, 229]:5114 0 339 0
[0.8804928585179325, 36, 5, 7, 229]:5114 0 339 0
[0.8804928585179325, 36, 5, 7, 229]:5114 0 339 0
[0.8804928585179325, 36, 5, 7, 229]:5114 0 338 0
[0.01196819933639471, 14, 4, 5, 1129]:65 5049 5 334
[0.01196819933639471, 14, 4, 5, 1129]:94 5021 6 332
[0.01196819933639471, 14, 4, 5, 1129]:67 5047 4 335
[0.01196819933639471, 14, 4, 5, 1129]:63 5052 2 336
[0.01196819933639471, 14, 4, 5, 1129]:63 5052 5 333
[0.01196819933639471, 14, 4, 5, 1129]:59 5055 6 333
[0.01196819933639471, 14, 4, 5, 1129]:69 5045 4 334
[0.01196819933639471, 14, 4, 5, 1129]:72 5042 2 337
[0.01196819933639471, 14, 4, 5, 1129]:77 5038 4 334
[0.01196819933639471, 14, 4, 5, 1129]:57 5058 2 336
[0.014554896081118528, 11, 4, 8, 1635]:50 5064 2 337
[0.014554896081118528, 11, 4, 8, 1635]:78 5037 5 333
[0.014554896081118528, 11, 4, 8, 1635]:55 5060 2 336
[0.014554896081118528, 11, 4, 8, 1635]:57 5057 4 335
[0.014554896081118528, 11, 4, 8, 1635]:43 5071 4 335
[0.014554896081118528, 11, 4, 8, 1635]:48 5066 4 334
[0.014554896081118528, 11, 4, 8, 1635]:48 5067 1 337
[0.014554896081118528, 11, 4, 8, 1635]:44 5071 1 337
[0.014554896081118528, 11, 4, 8, 1635]:55 5059 3 336
[0.014554896081118528, 11, 4, 8, 1635]:42 5073 3 335
[0.0641967192742517, 72, 5, 8, 980]:4990 124 330 9
[0.0641967192742517, 72, 5, 8, 980]:4962 153 330 8
[0.0641967192742517, 72, 5, 8, 980]:4974 140 333 5
[0.0641967192742517, 72, 5, 8, 980]:5020 94 332 7
[0.0641967192742517, 72, 5, 8, 980]:4974 141 330 8
[0.0641967192742517, 72, 5, 8, 980]:5011 104 332 6
[0.0641967192742517, 72, 5, 8, 980]:5000 114 331 8
[0.0641967192742517, 72, 5, 8, 980]:5005 110 331 7
[0.0641967192742517, 72, 5, 8, 980]:5024 91 329 9
[0.0641967192742517, 72, 5, 8, 980]:5029 85 332 7
[0.5119117974113939, 94, 3, 9, 1267]:5114 0 339 0
[0.5119117974113939, 94, 3, 9, 1267]:5115 0 338 0
[0.5119117974113939, 94, 3, 9, 1267]:5115 0 338 0
[0.5119117974113939, 94, 3, 9, 1267]:5115 0 338 0
[0.5119117974113939, 94, 3, 9, 1267]:5114 0 339 0
[0.5119117974113939, 94, 3, 9, 1267]:5114 0 339 0
[0.4849249146053242, 15, 3, 3, 1816]:5114 0 339 0
[0.5119117974113939, 94, 3, 9, 1267]:5115 0 338 0
[0.5119117974113939, 94, 3, 9, 1267]:5114 0 339 0
[0.4849249146053242, 15, 3, 3, 1816]:5114 0 339 0
[0.4849249146053242, 15, 3, 3, 1816]:5114 0 338 0
[0.4849249146053242, 15, 3, 3, 1816]:5115 0 338 0
[0.4849249146053242, 15, 3, 3, 1816]:5115 0 338 0
[0.4849249146053242, 15, 3, 3, 1816]:5115 0 338 0
[0.4849249146053242, 15, 3, 3, 1816]:5114 0 339 0
[0.4849249146053242, 15, 3, 3, 1816]:5114 0 339 0
[0.5119117974113939, 94, 3, 9, 1267]:5115 0 338 0
[0.4849249146053242, 15, 3, 3, 1816]:5115 0 338 0
[0.4849249146053242, 15, 3, 3, 1816]:5115 0 338 0
[0.5119117974113939, 94, 3, 9, 1267]:5114 0 338 0
[0.05864081589227643, 55, 1, 10, 1375]:291 4823 22 317
[0.05864081589227643, 55, 1, 10, 1375]:415 4700 29 309
[0.05864081589227643, 55, 1, 10, 1375]:314 4800 18 320
[0.05864081589227643, 55, 1, 10, 1375]:329 4786 20 318
[0.05864081589227643, 55, 1, 10, 1375]:364 4751 18 320
[0.05864081589227643, 55, 1, 10, 1375]:366 4749 21 317
[0.05864081589227643, 55, 1, 10, 1375]:355 4760 26 312
[0.05864081589227643, 55, 1, 10, 1375]:349 4765 22 317
[0.05864081589227643, 55, 1, 10, 1375]:301 4813 18 321
[0.03624634405505264, 97, 5, 3, 1792]:172 4942 11 328
[0.5609494135747699, 42, 4, 9, 1781]:5115 0 338 0
[0.05864081589227643, 55, 1, 10, 1375]:322 4792 19 320
[0.03624634405505264, 97, 5, 3, 1792]:211 4904 12 326
[0.03624634405505264, 97, 5, 3, 1792]:216 4898 14 325
[0.5609494135747699, 42, 4, 9, 1781]:5114 0 339 0
[0.03624634405505264, 97, 5, 3, 1792]:209 4906 8 330
[0.5609494135747699, 42, 4, 9, 1781]:5115 0 338 0
[0.5609494135747699, 42, 4, 9, 1781]:5114 0 339 0
[0.03624634405505264, 97, 5, 3, 1792]:172 4942 7 331
[0.5609494135747699, 42, 4, 9, 1781]:5114 0 338 0
[0.03624634405505264, 97, 5, 3, 1792]:202 4913 12 326
[0.5609494135747699, 42, 4, 9, 1781]:5115 0 338 0
[0.03624634405505264, 97, 5, 3, 1792]:176 4939 9 329
[0.5609494135747699, 42, 4, 9, 1781]:5114 0 339 0
[0.03624634405505264, 97, 5, 3, 1792]:191 4923 13 326
[0.5609494135747699, 42, 4, 9, 1781]:5115 0 338 0
[0.5609494135747699, 42, 4, 9, 1781]:5114 0 339 0
[0.03624634405505264, 97, 5, 3, 1792]:186 4928 16 323
[0.5609494135747699, 42, 4, 9, 1781]:5115 0 338 0
[0.03624634405505264, 97, 5, 3, 1792]:206 4909 15 323
[0.03310526639877325, 73, 1, 9, 237]:243 4871 16 323
[0.03310526639877325, 73, 1, 9, 237]:199 4915 12 327
[0.03310526639877325, 73, 1, 9, 237]:216 4899 10 328
[0.03310526639877325, 73, 1, 9, 237]:236 4879 8 330
[0.03310526639877325, 73, 1, 9, 237]:258 4857 17 321
[0.03310526639877325, 73, 1, 9, 237]:205 4909 7 331
[0.03310526639877325, 73, 1, 9, 237]:229 4886 14 324
[0.03310526639877325, 73, 1, 9, 237]:211 4903 17 322
[0.03310526639877325, 73, 1, 9, 237]:217 4897 13 326
[0.03310526639877325, 73, 1, 9, 237]:231 4884 15 323
[0.01687838507148499, 71, 2, 2, 1287]:152 4962 9 330
[0.01687838507148499, 71, 2, 2, 1287]:198 4917 13 325
[0.01687838507148499, 71, 2, 2, 1287]:168 4946 6 332
[0.01687838507148499, 71, 2, 2, 1287]:197 4918 12 326
[0.01687838507148499, 71, 2, 2, 1287]:196 4919 13 325
[0.01687838507148499, 71, 2, 2, 1287]:167 4948 8 330
[0.01687838507148499, 71, 2, 2, 1287]:180 4934 10 329
[0.01687838507148499, 71, 2, 2, 1287]:193 4922 7 331
[0.01687838507148499, 71, 2, 2, 1287]:186 4928 9 330
[0.01687838507148499, 71, 2, 2, 1287]:182 4932 16 323
[0.026540601755559314, 100, 4, 2, 2000]:194 4921 7 331
[0.026540601755559314, 100, 4, 2, 2000]:178 4936 16 323
[0.026540601755559314, 100, 4, 2, 2000]:172 4942 7 331
[0.026540601755559314, 100, 4, 2, 2000]:183 4931 8 331
[0.026540601755559314, 100, 4, 2, 2000]:195 4920 10 328
[0.026540601755559314, 100, 4, 2, 2000]:149 4965 9 330
[0.026540601755559314, 100, 4, 2, 2000]:185 4930 12 326
[0.026540601755559314, 100, 4, 2, 2000]:177 4937 9 330
[0.026540601755559314, 100, 4, 2, 2000]:199 4916 12 326
[0.026540601755559314, 100, 4, 2, 2000]:157 4958 8 330
[0.023441949072284262, 6, 5, 2, 224]:29 5085 2 337
[0.023441949072284262, 6, 5, 2, 224]:32 5083 0 338
[0.023441949072284262, 6, 5, 2, 224]:29 5086 3 335
[0.023441949072284262, 6, 5, 2, 224]:25 5090 1 337
[0.023441949072284262, 6, 5, 2, 224]:23 5091 1 338
[0.023441949072284262, 6, 5, 2, 224]:26 5089 1 337
[0.023441949072284262, 6, 5, 2, 224]:32 5083 1 337
[0.023441949072284262, 6, 5, 2, 224]:22 5092 1 337
[0.023441949072284262, 6, 5, 2, 224]:44 5070 3 336
[0.023441949072284262, 6, 5, 2, 224]:31 5083 3 336
[0.01, 23, 1, 10, 1805]:160 4955 7 331
[0.01, 23, 1, 10, 1805]:198 4917 13 325
[0.01, 23, 1, 10, 1805]:181 4933 8 331
[0.01, 23, 1, 10, 1805]:191 4924 12 326
[0.01, 23, 1, 10, 1805]:153 4961 9 330
[0.01, 23, 1, 10, 1805]:193 4922 13 325
[0.01, 23, 1, 10, 1805]:166 4948 6 332
[0.01, 23, 1, 10, 1805]:174 4940 16 323
[0.01, 23, 1, 10, 1805]:189 4926 7 331
[0.01, 23, 1, 10, 1805]:179 4935 10 329
[0.0451860875645837, 100, 1, 2, 2000]:269 4846 13 325
[0.0451860875645837, 100, 1, 2, 2000]:269 4845 14 325
[0.0451860875645837, 100, 1, 2, 2000]:282 4833 18 320
[0.0451860875645837, 100, 1, 2, 2000]:265 4850 15 323
[0.0451860875645837, 100, 1, 2, 2000]:271 4843 15 324
[0.0451860875645837, 100, 1, 2, 2000]:279 4836 11 327
[0.0451860875645837, 100, 1, 2, 2000]:241 4873 12 327
[0.0451860875645837, 100, 1, 2, 2000]:248 4866 19 320
[0.0451860875645837, 100, 1, 2, 2000]:270 4845 16 322
[0.0451860875645837, 100, 1, 2, 2000]:271 4843 14 324
[0.013634379729627657, 5, 1, 10, 200]:16 5099 1 337
[0.013634379729627657, 5, 1, 10, 200]:13 5101 1 338
[0.013634379729627657, 5, 1, 10, 200]:19 5096 3 335
[0.013634379729627657, 5, 1, 10, 200]:14 5100 0 339
[0.013634379729627657, 5, 1, 10, 200]:23 5091 2 337
[0.013634379729627657, 5, 1, 10, 200]:11 5103 0 338
[0.013634379729627657, 5, 1, 10, 200]:18 5097 1 337
[0.013634379729627657, 5, 1, 10, 200]:16 5099 0 338
[0.013634379729627657, 5, 1, 10, 200]:17 5098 1 337
[0.013634379729627657, 5, 1, 10, 200]:21 5093 2 337
[0.01, 100, 5, 10, 2000]:128 4986 4 334
[0.01, 100, 5, 10, 2000]:108 5006 8 331
[0.01, 100, 5, 10, 2000]:134 4980 12 327
[0.01, 100, 5, 10, 2000]:150 4965 10 328
[0.01, 100, 5, 10, 2000]:155 4960 8 330
[0.01, 100, 5, 10, 2000]:129 4986 7 331
[0.01, 100, 5, 10, 2000]:140 4975 4 334
[0.01, 100, 5, 10, 2000]:129 4985 8 331
[0.01, 100, 5, 10, 2000]:164 4951 11 327
[0.01, 100, 5, 10, 2000]:125 4989 6 333
[0.11732080578451537, 80, 1, 10, 1863]:5090 25 335 3
[0.11732080578451537, 80, 1, 10, 1863]:5086 29 336 2
[0.11732080578451537, 80, 1, 10, 1863]:5092 22 335 4
[0.11732080578451537, 80, 1, 10, 1863]:5090 25 335 3
[0.11732080578451537, 80, 1, 10, 1863]:5093 22 334 4
[0.11732080578451537, 80, 1, 10, 1863]:5089 25 336 3
[0.11732080578451537, 80, 1, 10, 1863]:5089 25 337 2
[0.11732080578451537, 80, 1, 10, 1863]:5096 18 336 3
[0.11732080578451537, 80, 1, 10, 1863]:5093 22 337 1
[0.11732080578451537, 80, 1, 10, 1863]:5089 25 338 0
[0.030223029004555802, 5, 5, 10, 200]:30 5085 3 335
[0.030223029004555802, 5, 5, 10, 200]:25 5090 1 337
[0.030223029004555802, 5, 5, 10, 200]:30 5084 2 337
[0.030223029004555802, 5, 5, 10, 200]:43 5071 3 336
[0.030223029004555802, 5, 5, 10, 200]:30 5084 3 336
[0.030223029004555802, 5, 5, 10, 200]:23 5091 2 337
[0.030223029004555802, 5, 5, 10, 200]:18 5096 2 336
[0.030223029004555802, 5, 5, 10, 200]:28 5087 1 337
[0.030223029004555802, 5, 5, 10, 200]:28 5087 0 338
[0.030223029004555802, 5, 5, 10, 200]:34 5081 1 337
[0.03626731197198395, 5, 3, 10, 200]:36 5079 3 335
[0.03626731197198395, 5, 3, 10, 200]:39 5076 1 337
[0.03626731197198395, 5, 3, 10, 200]:31 5084 1 337
[0.03626731197198395, 5, 3, 10, 200]:59 5056 4 334
[0.03626731197198395, 5, 3, 10, 200]:32 5083 1 337
[0.03626731197198395, 5, 3, 10, 200]:34 5080 3 336
[0.03626731197198395, 5, 3, 10, 200]:38 5076 2 337
[0.03626731197198395, 5, 3, 10, 200]:41 5073 3 336
[0.03626731197198395, 5, 3, 10, 200]:35 5079 2 336
[0.03626731197198395, 5, 3, 10, 200]:52 5062 3 336
[0.022508191727244567, 5, 1, 10, 1665]:35 5079 3 336
[0.022508191727244567, 5, 1, 10, 1665]:18 5096 2 336
[0.022508191727244567, 5, 1, 10, 1665]:26 5088 2 337
[0.022508191727244567, 5, 1, 10, 1665]:25 5090 0 338
[0.022508191727244567, 5, 1, 10, 1665]:24 5091 1 337
[0.022508191727244567, 5, 1, 10, 1665]:21 5094 1 337
[0.022508191727244567, 5, 1, 10, 1665]:25 5090 1 337
[0.022508191727244567, 5, 1, 10, 1665]:16 5098 2 337
[0.022508191727244567, 5, 1, 10, 1665]:26 5088 2 337
[0.022508191727244567, 5, 1, 10, 1665]:25 5090 3 335
[0.01, 100, 3, 10, 200]:185 4930 12 326
[0.02058820614318752, 100, 3, 10, 200]:171 4943 16 323
[0.01, 100, 3, 10, 200]:169 4945 7 332
[0.01, 100, 3, 10, 200]:183 4932 10 328
[0.02058820614318752, 100, 3, 10, 200]:191 4924 12 326
[0.01, 100, 3, 10, 200]:181 4934 7 331
[0.01, 100, 3, 10, 200]:155 4959 6 332
[0.01, 100, 3, 10, 200]:181 4934 11 327
[0.01, 100, 3, 10, 200]:146 4968 9 330
[0.02058820614318752, 100, 3, 10, 200]:176 4938 8 331
[0.02058820614318752, 100, 3, 10, 200]:167 4947 6 332
[0.01, 100, 3, 10, 200]:165 4949 16 323
[0.01, 100, 3, 10, 200]:162 4952 9 330
[0.02058820614318752, 100, 3, 10, 200]:175 4939 9 330
[0.01, 100, 3, 10, 200]:146 4969 7 331
[0.02058820614318752, 100, 3, 10, 200]:197 4918 12 326
[0.02058820614318752, 100, 3, 10, 200]:150 4964 9 330
[0.02058820614318752, 100, 3, 10, 200]:153 4962 7 331
[0.02058820614318752, 100, 3, 10, 200]:190 4925 7 331
[0.02058820614318752, 100, 3, 10, 200]:192 4923 11 327
[0.017811533349223654, 100, 5, 2, 2000]:155 4959 13 326
[0.017811533349223654, 100, 5, 2, 2000]:168 4947 9 329
[0.017811533349223654, 100, 5, 2, 2000]:135 4980 7 331
[0.017811533349223654, 100, 5, 2, 2000]:141 4973 5 333
[0.017811533349223654, 100, 5, 2, 2000]:167 4948 5 333
[0.017811533349223654, 100, 5, 2, 2000]:153 4961 8 331
[0.017811533349223654, 100, 5, 2, 2000]:172 4943 12 326
[0.017811533349223654, 100, 5, 2, 2000]:179 4936 12 326
[0.017811533349223654, 100, 5, 2, 2000]:150 4964 7 332
[0.017811533349223654, 100, 5, 2, 2000]:128 4986 9 330
[0.0166267701631237, 14, 4, 7, 1029]:67 5048 2 336
[0.0166267701631237, 14, 4, 7, 1029]:85 5029 4 335
[0.0166267701631237, 14, 4, 7, 1029]:76 5039 2 336
[0.0166267701631237, 14, 4, 7, 1029]:77 5037 6 333
[0.0166267701631237, 14, 4, 7, 1029]:76 5039 6 332
[0.0166267701631237, 14, 4, 7, 1029]:95 5020 5 333
[0.0166267701631237, 14, 4, 7, 1029]:78 5036 6 333
[0.0166267701631237, 14, 4, 7, 1029]:107 5008 6 332
[0.0166267701631237, 14, 4, 7, 1029]:77 5037 5 334
[0.0166267701631237, 14, 4, 7, 1029]:80 5034 4 334
[0.027648330025527995, 5, 2, 2, 2000]:30 5085 0 338
[0.027648330025527995, 5, 2, 2, 2000]:32 5082 3 336
[0.027648330025527995, 5, 2, 2, 2000]:43 5071 3 336
[0.027648330025527995, 5, 2, 2, 2000]:29 5085 2 337
[0.027648330025527995, 5, 2, 2, 2000]:28 5087 3 335
[0.027648330025527995, 5, 2, 2, 2000]:20 5094 2 337
[0.027648330025527995, 5, 2, 2, 2000]:25 5090 1 337
[0.027648330025527995, 5, 2, 2, 2000]:23 5091 2 336
[0.027648330025527995, 5, 2, 2, 2000]:27 5088 1 337
[0.027648330025527995, 5, 2, 2, 2000]:31 5084 1 337
[0.9896416461351596, 79, 1, 2, 990]:5114 1 337 1
[0.9896416461351596, 79, 1, 2, 990]:5111 3 339 0
[0.9896416461351596, 79, 1, 2, 990]:5115 0 337 1
[0.9896416461351596, 79, 1, 2, 990]:5113 2 338 0
[0.9896416461351596, 79, 1, 2, 990]:5114 1 337 1
[0.9896416461351596, 79, 1, 2, 990]:5112 2 338 0
[0.9896416461351596, 79, 1, 2, 990]:5112 2 338 1
[0.9896416461351596, 79, 1, 2, 990]:5114 0 339 0
[0.9896416461351596, 79, 1, 2, 990]:5114 1 338 0
[0.9896416461351596, 79, 1, 2, 990]:5113 1 339 0
[0.1731414465361152, 14, 4, 10, 218]:5114 0 339 0
[0.1731414465361152, 14, 4, 10, 218]:5114 0 339 0
[0.1731414465361152, 14, 4, 10, 218]:5115 0 338 0
[0.1731414465361152, 14, 4, 10, 218]:5115 0 338 0
[0.1731414465361152, 14, 4, 10, 218]:5114 0 339 0
[0.1731414465361152, 14, 4, 10, 218]:5115 0 338 0
[0.1731414465361152, 14, 4, 10, 218]:5114 0 339 0
[0.1731414465361152, 14, 4, 10, 218]:5114 0 338 0
[0.1731414465361152, 14, 4, 10, 218]:5115 0 338 0
[0.6418255437234529, 13, 3, 9, 323]:5114 0 339 0
[0.1731414465361152, 14, 4, 10, 218]:5115 0 338 0
[0.6418255437234529, 13, 3, 9, 323]:5115 0 338 0
[0.6418255437234529, 13, 3, 9, 323]:5115 0 338 0
[0.6418255437234529, 13, 3, 9, 323]:5114 0 339 0
[0.6418255437234529, 13, 3, 9, 323]:5114 0 339 0
[0.6418255437234529, 13, 3, 9, 323]:5115 0 338 0
[0.6418255437234529, 13, 3, 9, 323]:5115 0 338 0
[0.6418255437234529, 13, 3, 9, 323]:5114 0 339 0
[0.6418255437234529, 13, 3, 9, 323]:5114 0 338 0
[0.6418255437234529, 13, 3, 9, 323]:5115 0 338 0
[0.05239849248793637, 70, 1, 3, 1144]:312 4802 17 321
[0.05239849248793637, 70, 1, 3, 1144]:265 4849 21 318
[0.05239849248793637, 70, 1, 3, 1144]:344 4771 17 321
[0.05239849248793637, 70, 1, 3, 1144]:318 4796 19 320
[0.05239849248793637, 70, 1, 3, 1144]:315 4800 22 316
[0.05239849248793637, 70, 1, 3, 1144]:305 4810 19 319
[0.05239849248793637, 70, 1, 3, 1144]:255 4859 15 324
[0.05239849248793637, 70, 1, 3, 1144]:275 4840 17 321
[0.05239849248793637, 70, 1, 3, 1144]:306 4809 16 322
[0.05239849248793637, 70, 1, 3, 1144]:280 4834 15 324
[0.011481649246379138, 88, 1, 2, 223]:209 4906 13 325
[0.011481649246379138, 88, 1, 2, 223]:168 4946 9 330
[0.011481649246379138, 88, 1, 2, 223]:181 4933 7 331
[0.011481649246379138, 88, 1, 2, 223]:201 4913 11 328
[0.011481649246379138, 88, 1, 2, 223]:187 4927 16 323
[0.011481649246379138, 88, 1, 2, 223]:187 4927 11 328
[0.011481649246379138, 88, 1, 2, 223]:209 4906 13 325
[0.011481649246379138, 88, 1, 2, 223]:188 4927 8 330
[0.011481649246379138, 88, 1, 2, 223]:202 4913 13 325
[0.011481649246379138, 88, 1, 2, 223]:197 4918 9 329
[0.013261174192436965, 92, 5, 3, 661]:138 4976 7 332
[0.013261174192436965, 92, 5, 3, 661]:157 4958 4 334
[0.013261174192436965, 92, 5, 3, 661]:129 4986 7 331
[0.013261174192436965, 92, 5, 3, 661]:123 4991 9 330
[0.013261174192436965, 92, 5, 3, 661]:167 4948 12 326
[0.013261174192436965, 92, 5, 3, 661]:165 4950 11 327
[0.013261174192436965, 92, 5, 3, 661]:157 4958 8 330
[0.013261174192436965, 92, 5, 3, 661]:145 4969 8 331
[0.013261174192436965, 92, 5, 3, 661]:138 4976 12 327
[0.013261174192436965, 92, 5, 3, 661]:136 4978 5 333
[0.033335090707392524, 74, 4, 2, 2000]:204 4911 12 326
[0.033335090707392524, 74, 4, 2, 2000]:218 4897 13 325
[0.033335090707392524, 74, 4, 2, 2000]:210 4905 14 324
[0.033335090707392524, 74, 4, 2, 2000]:209 4906 7 331
[0.033335090707392524, 74, 4, 2, 2000]:173 4941 7 331
[0.033335090707392524, 74, 4, 2, 2000]:171 4943 9 330
[0.033335090707392524, 74, 4, 2, 2000]:194 4920 13 326
[0.033335090707392524, 74, 4, 2, 2000]:220 4894 14 325
[0.033335090707392524, 74, 4, 2, 2000]:184 4930 16 323
[0.033335090707392524, 74, 4, 2, 2000]:174 4941 9 329
[0.28124084281622663, 90, 1, 9, 369]:5115 0 337 1
[0.28124084281622663, 90, 1, 9, 369]:5114 0 338 1
[0.28124084281622663, 90, 1, 9, 369]:5113 1 339 0
[0.28124084281622663, 90, 1, 9, 369]:5115 0 338 0
[0.28124084281622663, 90, 1, 9, 369]:5113 1 339 0
[0.28124084281622663, 90, 1, 9, 369]:5114 1 338 0
[0.28124084281622663, 90, 1, 9, 369]:5114 1 338 0
[0.28124084281622663, 90, 1, 9, 369]:5114 0 338 1
[0.28124084281622663, 90, 1, 9, 369]:5112 3 337 1
[0.28124084281622663, 90, 1, 9, 369]:5113 1 338 0
[0.2706331354683766, 79, 5, 6, 1814]:5114 0 339 0
[0.2706331354683766, 79, 5, 6, 1814]:5114 0 339 0
[0.2706331354683766, 79, 5, 6, 1814]:5115 0 338 0
[0.2706331354683766, 79, 5, 6, 1814]:5114 0 338 0
[0.2706331354683766, 79, 5, 6, 1814]:5115 0 338 0
[0.2706331354683766, 79, 5, 6, 1814]:5114 0 339 0
[0.2706331354683766, 79, 5, 6, 1814]:5115 0 338 0
[0.2706331354683766, 79, 5, 6, 1814]:5115 0 338 0
[0.2706331354683766, 79, 5, 6, 1814]:5114 0 339 0
[0.2706331354683766, 79, 5, 6, 1814]:5115 0 338 0
[0.24814592947259498, 67, 1, 9, 1976]:5114 1 338 0
[0.24814592947259498, 67, 1, 9, 1976]:5115 0 337 1
[0.24814592947259498, 67, 1, 9, 1976]:5112 2 338 1
[0.24814592947259498, 67, 1, 9, 1976]:5112 3 337 1
[0.24814592947259498, 67, 1, 9, 1976]:5108 6 339 0
[0.24814592947259498, 67, 1, 9, 1976]:5112 2 339 0
[0.24814592947259498, 67, 1, 9, 1976]:5110 5 338 0
[0.24814592947259498, 67, 1, 9, 1976]:5112 3 338 0
[0.24814592947259498, 67, 1, 9, 1976]:5113 1 338 1
[0.24814592947259498, 67, 1, 9, 1976]:5113 1 338 0
[0.01855465248544651, 47, 1, 9, 250]:188 4926 16 323
[0.01855465248544651, 47, 1, 9, 250]:237 4877 15 324
[0.01855465248544651, 47, 1, 9, 250]:229 4886 15 323
[0.01855465248544651, 47, 1, 9, 250]:174 4940 11 328
[0.01855465248544651, 47, 1, 9, 250]:199 4915 13 326
[0.01855465248544651, 47, 1, 9, 250]:191 4923 7 331
[0.01855465248544651, 47, 1, 9, 250]:216 4899 8 330
[0.01855465248544651, 47, 1, 9, 250]:207 4908 13 325
[0.01855465248544651, 47, 1, 9, 250]:198 4917 9 329
[0.01855465248544651, 47, 1, 9, 250]:220 4895 14 324
[0.03865145245900532, 5, 1, 10, 2000]:39 5076 4 334
[0.03865145245900532, 5, 1, 10, 2000]:36 5078 2 336
[0.03865145245900532, 5, 1, 10, 2000]:45 5070 2 336
[0.03865145245900532, 5, 1, 10, 2000]:35 5080 1 337
[0.03865145245900532, 5, 1, 10, 2000]:71 5044 4 334
[0.03865145245900532, 5, 1, 10, 2000]:54 5060 4 335
[0.03865145245900532, 5, 1, 10, 2000]:46 5068 2 337
[0.03865145245900532, 5, 1, 10, 2000]:41 5073 3 336
[0.03865145245900532, 5, 1, 10, 2000]:40 5074 3 336
[0.03865145245900532, 5, 1, 10, 2000]:36 5079 1 337
[0.0453249099889852, 68, 3, 9, 1927]:260 4854 16 323
[0.0453249099889852, 68, 3, 9, 1927]:214 4900 19 320
[0.0453249099889852, 68, 3, 9, 1927]:196 4918 13 326
[0.0453249099889852, 68, 3, 9, 1927]:216 4898 12 326
[0.0453249099889852, 68, 3, 9, 1927]:224 4891 15 323
[0.0453249099889852, 68, 3, 9, 1927]:264 4851 17 321
[0.0453249099889852, 68, 3, 9, 1927]:216 4899 11 327
[0.0453249099889852, 68, 3, 9, 1927]:259 4856 10 328
[0.0453249099889852, 68, 3, 9, 1927]:225 4890 14 324
[0.0453249099889852, 68, 3, 9, 1927]:220 4894 14 325
[0.012256304013491731, 21, 2, 10, 1813]:189 4926 11 327
[0.012256304013491731, 21, 2, 10, 1813]:183 4932 7 331
[0.012256304013491731, 21, 2, 10, 1813]:149 4965 9 330
[0.012256304013491731, 21, 2, 10, 1813]:173 4942 10 328
[0.012256304013491731, 21, 2, 10, 1813]:168 4946 7 332
[0.012256304013491731, 21, 2, 10, 1813]:166 4948 15 324
[0.012256304013491731, 21, 2, 10, 1813]:170 4944 9 330
[0.012256304013491731, 21, 2, 10, 1813]:191 4924 12 326
[0.012256304013491731, 21, 2, 10, 1813]:151 4964 7 331
[0.012256304013491731, 21, 2, 10, 1813]:158 4956 6 332
[0.04135754301007866, 100, 2, 2, 2000]:233 4882 9 329
[0.027595351666083207, 100, 1, 10, 2000]:205 4909 17 322
[0.027595351666083207, 100, 1, 10, 2000]:211 4904 10 328
[0.027595351666083207, 100, 1, 10, 2000]:200 4914 7 331
[0.027595351666083207, 100, 1, 10, 2000]:246 4868 15 324
[0.027595351666083207, 100, 1, 10, 2000]:221 4894 15 323
[0.04135754301007866, 100, 2, 2, 2000]:225 4890 14 324
[0.04135754301007866, 100, 2, 2, 2000]:225 4890 14 324
[0.027595351666083207, 100, 1, 10, 2000]:217 4898 14 324
[0.04135754301007866, 100, 2, 2, 2000]:206 4908 7 331
[0.04135754301007866, 100, 2, 2, 2000]:211 4903 19 320
[0.04135754301007866, 100, 2, 2, 2000]:217 4897 13 326
[0.04135754301007866, 100, 2, 2, 2000]:217 4898 11 327
[0.04135754301007866, 100, 2, 2, 2000]:262 4853 17 321
[0.027595351666083207, 100, 1, 10, 2000]:251 4864 16 322
[0.04135754301007866, 100, 2, 2, 2000]:247 4867 15 324
[0.04135754301007866, 100, 2, 2, 2000]:190 4924 12 327
[0.027595351666083207, 100, 1, 10, 2000]:211 4903 13 326
[0.027595351666083207, 100, 1, 10, 2000]:182 4932 9 330
[0.027595351666083207, 100, 1, 10, 2000]:223 4892 8 330
[0.07103178581414482, 8, 1, 5, 817]:5106 8 338 1
[0.07103178581414482, 8, 1, 5, 817]:5094 20 338 1
[0.07103178581414482, 8, 1, 5, 817]:5097 17 337 2
[0.07103178581414482, 8, 1, 5, 817]:5091 24 336 2
[0.07103178581414482, 8, 1, 5, 817]:5096 19 336 2
[0.07103178581414482, 8, 1, 5, 817]:5109 6 338 0
[0.07103178581414482, 8, 1, 5, 817]:5091 23 338 0
[0.07103178581414482, 8, 1, 5, 817]:5094 21 335 3
[0.043195098903503565, 42, 5, 5, 516]:216 4899 15 323
[0.07103178581414482, 8, 1, 5, 817]:5092 23 335 3
[0.043195098903503565, 42, 5, 5, 516]:206 4908 19 320
[0.043195098903503565, 42, 5, 5, 516]:178 4936 11 328
[0.07103178581414482, 8, 1, 5, 817]:5107 7 338 1
[0.043195098903503565, 42, 5, 5, 516]:244 4871 17 321
[0.043195098903503565, 42, 5, 5, 516]:230 4884 15 324
[0.043195098903503565, 42, 5, 5, 516]:205 4909 15 324
[0.043195098903503565, 42, 5, 5, 516]:212 4903 14 324
[0.043195098903503565, 42, 5, 5, 516]:225 4890 9 329
[0.043195098903503565, 42, 5, 5, 516]:195 4920 9 329
[0.043195098903503565, 42, 5, 5, 516]:186 4928 8 330
[0.04082369938670243, 10, 4, 2, 1016]:105 5009 6 333
[0.04082369938670243, 10, 4, 2, 1016]:106 5008 4 334
[0.04082369938670243, 10, 4, 2, 1016]:104 5010 7 332
[0.04082369938670243, 10, 4, 2, 1016]:104 5011 2 336
[0.04082369938670243, 10, 4, 2, 1016]:133 4982 8 330
[0.04082369938670243, 10, 4, 2, 1016]:120 4995 7 331
[0.04082369938670243, 10, 4, 2, 1016]:118 4996 10 329
[0.04082369938670243, 10, 4, 2, 1016]:106 5009 5 333
[0.04082369938670243, 10, 4, 2, 1016]:111 5004 8 330
[0.04082369938670243, 10, 4, 2, 1016]:117 4997 5 334
[0.02500918313178364, 5, 1, 2, 200]:29 5085 2 337
[0.02500918313178364, 5, 1, 2, 200]:29 5086 3 335
[0.02500918313178364, 5, 1, 2, 200]:26 5089 1 337
[0.02500918313178364, 5, 1, 2, 200]:36 5079 1 337
[0.02500918313178364, 5, 1, 2, 200]:38 5076 3 336
[0.02500918313178364, 5, 1, 2, 200]:20 5094 1 338
[0.02500918313178364, 5, 1, 2, 200]:20 5094 2 336
[0.02500918313178364, 5, 1, 2, 200]:29 5085 2 337
[0.02500918313178364, 5, 1, 2, 200]:29 5086 0 338
[0.02500918313178364, 5, 1, 2, 200]:22 5093 1 337
[0.056008365252298506, 28, 1, 8, 1102]:309 4806 19 319
[0.056008365252298506, 28, 1, 8, 1102]:326 4788 19 320
[0.056008365252298506, 28, 1, 8, 1102]:307 4808 16 322
[0.056008365252298506, 28, 1, 8, 1102]:346 4769 25 313
[0.056008365252298506, 28, 1, 8, 1102]:300 4815 18 320
[0.056008365252298506, 28, 1, 8, 1102]:313 4801 17 321
[0.056008365252298506, 28, 1, 8, 1102]:291 4823 17 322
[0.056008365252298506, 28, 1, 8, 1102]:364 4751 19 319
[0.056008365252298506, 28, 1, 8, 1102]:284 4830 22 317
[0.056008365252298506, 28, 1, 8, 1102]:322 4792 18 321
[0.010771164091716237, 30, 5, 10, 1951]:151 4964 8 330
[0.010771164091716237, 30, 5, 10, 1951]:114 5000 9 330
[0.010771164091716237, 30, 5, 10, 1951]:142 4973 4 334
[0.010771164091716237, 30, 5, 10, 1951]:132 4982 12 327
[0.010771164091716237, 30, 5, 10, 1951]:131 4983 8 331
[0.010771164091716237, 30, 5, 10, 1951]:157 4958 10 328
[0.010771164091716237, 30, 5, 10, 1951]:128 4987 7 331
[0.010771164091716237, 30, 5, 10, 1951]:129 4985 4 334
[0.010771164091716237, 30, 5, 10, 1951]:132 4982 6 333
[0.010771164091716237, 30, 5, 10, 1951]:162 4953 12 326
[0.04900973127018398, 100, 1, 2, 200]:255 4859 15 324
[0.04900973127018398, 100, 1, 2, 200]:278 4836 15 323
[0.04900973127018398, 100, 1, 2, 200]:273 4841 15 324
[0.04900973127018398, 100, 1, 2, 200]:272 4843 16 322
[0.04900973127018398, 100, 1, 2, 200]:317 4797 18 321
[0.04900973127018398, 100, 1, 2, 200]:264 4850 21 318
[0.04900973127018398, 100, 1, 2, 200]:272 4843 13 325
[0.04900973127018398, 100, 1, 2, 200]:322 4793 15 323
[0.04900973127018398, 100, 1, 2, 200]:268 4847 14 324
[0.04900973127018398, 100, 1, 2, 200]:282 4833 17 321
[0.019566752653156917, 12, 5, 10, 327]:55 5059 4 334
[0.019566752653156917, 12, 5, 10, 327]:57 5057 4 335
[0.019566752653156917, 12, 5, 10, 327]:70 5044 2 337
[0.019566752653156917, 12, 5, 10, 327]:64 5051 4 334
[0.019566752653156917, 12, 5, 10, 327]:56 5059 5 333
[0.019566752653156917, 12, 5, 10, 327]:53 5062 1 337
[0.019566752653156917, 12, 5, 10, 327]:60 5055 1 337
[0.019566752653156917, 12, 5, 10, 327]:85 5030 5 333
[0.019566752653156917, 12, 5, 10, 327]:70 5044 6 333
[0.019566752653156917, 12, 5, 10, 327]:59 5055 3 336
[0.015377457031232203, 100, 1, 10, 1726]:222 4893 14 324
[0.015377457031232203, 100, 1, 10, 1726]:187 4927 10 329
[0.015377457031232203, 100, 1, 10, 1726]:217 4897 13 326
[0.015377457031232203, 100, 1, 10, 1726]:180 4934 7 331
[0.015377457031232203, 100, 1, 10, 1726]:189 4926 9 329
[0.015377457031232203, 100, 1, 10, 1726]:206 4909 14 324
[0.015377457031232203, 100, 1, 10, 1726]:189 4925 16 323
[0.015377457031232203, 100, 1, 10, 1726]:169 4945 9 330
[0.015377457031232203, 100, 1, 10, 1726]:216 4899 8 330
[0.015377457031232203, 100, 1, 10, 1726]:206 4909 14 324
[0.09070565428159999, 9, 1, 3, 250]:5113 2 338 0
[0.09070565428159999, 9, 1, 3, 250]:5107 7 338 0
[0.09070565428159999, 9, 1, 3, 250]:5105 9 339 0
[0.09070565428159999, 9, 1, 3, 250]:5113 1 339 0
[0.09070565428159999, 9, 1, 3, 250]:5105 10 337 1
[0.09070565428159999, 9, 1, 3, 250]:5113 2 338 0
[0.09070565428159999, 9, 1, 3, 250]:5113 2 337 1
[0.09070565428159999, 9, 1, 3, 250]:5113 1 338 1
[0.09070565428159999, 9, 1, 3, 250]:5108 7 338 0
[0.09070565428159999, 9, 1, 3, 250]:5111 3 339 0
[0.020105955955679565, 5, 1, 2, 2000]:32 5082 3 336
[0.020105955955679565, 5, 1, 2, 2000]:24 5091 3 335
[0.020105955955679565, 5, 1, 2, 2000]:19 5096 1 337
[0.020105955955679565, 5, 1, 2, 2000]:26 5088 2 337
[0.020105955955679565, 5, 1, 2, 2000]:24 5090 2 337
[0.020105955955679565, 5, 1, 2, 2000]:15 5099 1 338
[0.020105955955679565, 5, 1, 2, 2000]:17 5097 2 336
[0.020105955955679565, 5, 1, 2, 2000]:19 5096 1 337
[0.020105955955679565, 5, 1, 2, 2000]:23 5092 0 338
[0.020105955955679565, 5, 1, 2, 2000]:20 5095 1 337
[0.02983083136974543, 85, 1, 2, 1442]:249 4866 16 322
[0.02983083136974543, 85, 1, 2, 1442]:182 4932 11 328
[0.02983083136974543, 85, 1, 2, 1442]:208 4906 17 322
[0.02983083136974543, 85, 1, 2, 1442]:247 4867 15 324
[0.02983083136974543, 85, 1, 2, 1442]:201 4913 7 331
[0.02983083136974543, 85, 1, 2, 1442]:221 4894 11 327
[0.02983083136974543, 85, 1, 2, 1442]:214 4900 13 326
[0.02983083136974543, 85, 1, 2, 1442]:220 4895 14 324
[0.02983083136974543, 85, 1, 2, 1442]:224 4891 15 323
[0.02983083136974543, 85, 1, 2, 1442]:230 4885 9 329
[0.3869615326436571, 94, 1, 7, 1068]:5113 1 339 0
[0.3869615326436571, 94, 1, 7, 1068]:5113 1 339 0
[0.3869615326436571, 94, 1, 7, 1068]:5114 0 339 0
[0.3869615326436571, 94, 1, 7, 1068]:5113 1 338 0
[0.3869615326436571, 94, 1, 7, 1068]:5115 0 338 0
[0.3869615326436571, 94, 1, 7, 1068]:5114 1 338 0
[0.3869615326436571, 94, 1, 7, 1068]:5114 0 339 0
[0.3869615326436571, 94, 1, 7, 1068]:5114 1 337 1
[0.3869615326436571, 94, 1, 7, 1068]:5115 0 338 0
[0.3869615326436571, 94, 1, 7, 1068]:5115 0 338 0
[0.14138815670602886, 90, 4, 2, 1198]:5115 0 338 0
[0.36807678549246703, 89, 5, 10, 1744]:5115 0 338 0
[0.14138815670602886, 90, 4, 2, 1198]:5113 1 338 1
[0.14138815670602886, 90, 4, 2, 1198]:5114 0 339 0
[0.14138815670602886, 90, 4, 2, 1198]:5109 6 337 1
[0.36807678549246703, 89, 5, 10, 1744]:5114 0 339 0
[0.14138815670602886, 90, 4, 2, 1198]:5113 1 338 0
[0.14138815670602886, 90, 4, 2, 1198]:5111 3 338 1
[0.14138815670602886, 90, 4, 2, 1198]:5109 6 337 1
[0.14138815670602886, 90, 4, 2, 1198]:5114 1 338 0
[0.14138815670602886, 90, 4, 2, 1198]:5113 1 339 0
[0.36807678549246703, 89, 5, 10, 1744]:5114 0 338 0
[0.14138815670602886, 90, 4, 2, 1198]:5114 1 338 0
[0.36807678549246703, 89, 5, 10, 1744]:5114 0 339 0
[0.36807678549246703, 89, 5, 10, 1744]:5115 0 338 0
[0.36807678549246703, 89, 5, 10, 1744]:5114 0 339 0
[0.36807678549246703, 89, 5, 10, 1744]:5114 0 339 0
[0.36807678549246703, 89, 5, 10, 1744]:5115 0 338 0
[0.36807678549246703, 89, 5, 10, 1744]:5115 0 338 0
[0.36807678549246703, 89, 5, 10, 1744]:5115 0 338 0
[0.20537162270312712, 17, 3, 2, 1685]:5115 0 338 0
[0.20537162270312712, 17, 3, 2, 1685]:5114 0 339 0
[0.20537162270312712, 17, 3, 2, 1685]:5114 0 338 0
[0.20537162270312712, 17, 3, 2, 1685]:5115 0 338 0
[0.20537162270312712, 17, 3, 2, 1685]:5114 0 339 0
[0.20537162270312712, 17, 3, 2, 1685]:5114 0 339 0
[0.20537162270312712, 17, 3, 2, 1685]:5115 0 338 0
[0.20537162270312712, 17, 3, 2, 1685]:5115 0 338 0
[0.20537162270312712, 17, 3, 2, 1685]:5114 0 339 0
[0.20537162270312712, 17, 3, 2, 1685]:5115 0 338 0
[0.04904149217896094, 94, 5, 9, 1828]:224 4891 17 321
[0.04904149217896094, 94, 5, 9, 1828]:246 4868 15 324
[0.04904149217896094, 94, 5, 9, 1828]:230 4884 17 322
[0.04904149217896094, 94, 5, 9, 1828]:210 4905 11 327
[0.04904149217896094, 94, 5, 9, 1828]:266 4849 18 320
[0.021592503124051022, 100, 5, 7, 2000]:150 4964 5 333
[0.021592503124051022, 100, 5, 7, 2000]:161 4953 8 331
[0.04904149217896094, 94, 5, 9, 1828]:196 4918 13 326
[0.04904149217896094, 94, 5, 9, 1828]:213 4901 19 320
[0.04904149217896094, 94, 5, 9, 1828]:238 4877 15 323
[0.04904149217896094, 94, 5, 9, 1828]:218 4896 12 326
[0.021592503124051022, 100, 5, 7, 2000]:178 4937 12 326
[0.021592503124051022, 100, 5, 7, 2000]:173 4942 5 333
[0.021592503124051022, 100, 5, 7, 2000]:158 4956 8 331
[0.021592503124051022, 100, 5, 7, 2000]:160 4954 13 326
[0.04904149217896094, 94, 5, 9, 1828]:255 4860 10 328
[0.021592503124051022, 100, 5, 7, 2000]:143 4972 8 330
[0.021592503124051022, 100, 5, 7, 2000]:175 4940 9 329
[0.021592503124051022, 100, 5, 7, 2000]:182 4933 12 326
[0.021592503124051022, 100, 5, 7, 2000]:135 4979 9 330
