[0.013286474048671204, 12, 2, 8, 1015]:1893 3222 92 246
[0.013286474048671204, 12, 2, 8, 1015]:1850 3264 89 250
[0.026834123971849515, 84, 3, 10, 555]:4931 183 317 22
[0.026834123971849515, 84, 3, 10, 555]:4932 182 319 20
[0.026834123971849515, 84, 3, 10, 555]:4953 161 314 25
[0.026834123971849515, 84, 3, 10, 555]:4936 178 309 30
[0.3731827041616468, 37, 2, 9, 992]:5114 0 339 0
[0.026834123971849515, 84, 3, 10, 555]:4922 192 315 23
[0.013286474048671204, 12, 2, 8, 1015]:1858 3256 104 235
[0.3731827041616468, 37, 2, 9, 992]:5114 0 339 0
[0.013286474048671204, 12, 2, 8, 1015]:1826 3288 90 248
[0.3731827041616468, 37, 2, 9, 992]:5115 0 338 0
[0.3731827041616468, 37, 2, 9, 992]:5114 0 339 0
[0.026834123971849515, 84, 3, 10, 555]:4940 175 315 23
[0.026834123971849515, 84, 3, 10, 555]:4935 180 306 32
[0.3731827041616468, 37, 2, 9, 992]:5115 0 338 0
[0.3731827041616468, 37, 2, 9, 992]:5114 0 339 0
[0.3731827041616468, 37, 2, 9, 992]:5114 0 339 0
[0.013286474048671204, 12, 2, 8, 1015]:1851 3264 102 236
[0.013286474048671204, 12, 2, 8, 1015]:1886 3228 98 241
[0.3731827041616468, 37, 2, 9, 992]:5114 0 338 0
[0.013286474048671204, 12, 2, 8, 1015]:1877 3237 87 252
[0.026834123971849515, 84, 3, 10, 555]:4930 184 312 27
[0.3731827041616468, 37, 2, 9, 992]:5114 0 339 0
[0.3731827041616468, 37, 2, 9, 992]:5114 0 339 0
[0.013286474048671204, 12, 2, 8, 1015]:1775 3339 94 245
[0.013286474048671204, 12, 2, 8, 1015]:1881 3233 93 246
[0.013286474048671204, 12, 2, 8, 1015]:1812 3302 90 249
[0.026834123971849515, 84, 3, 10, 555]:4951 163 321 18
[0.026834123971849515, 84, 3, 10, 555]:4901 213 320 19
[0.04566463236196597, 76, 3, 6, 331]:5050 65 327 11
[0.04566463236196597, 76, 3, 6, 331]:5042 72 328 10
[0.04566463236196597, 76, 3, 6, 331]:5054 60 329 10
[0.04566463236196597, 76, 3, 6, 331]:5033 81 328 11
[0.04566463236196597, 76, 3, 6, 331]:5033 81 335 4
[0.04566463236196597, 76, 3, 6, 331]:5047 67 330 9
[0.04566463236196597, 76, 3, 6, 331]:5066 48 328 11
[0.04566463236196597, 76, 3, 6, 331]:5044 70 331 8
[0.04566463236196597, 76, 3, 6, 331]:5038 76 328 11
[0.04566463236196597, 76, 3, 6, 331]:5045 70 330 8
[0.10267776106300358, 15, 5, 5, 705]:5078 36 330 9
[0.10267776106300358, 15, 5, 5, 705]:5076 39 330 8
[0.10267776106300358, 15, 5, 5, 705]:5076 39 330 8
[0.10267776106300358, 15, 5, 5, 705]:5068 46 328 11
[0.10267776106300358, 15, 5, 5, 705]:5066 48 329 9
[0.10267776106300358, 15, 5, 5, 705]:5062 52 334 5
[0.10267776106300358, 15, 5, 5, 705]:5085 29 330 9
[0.10267776106300358, 15, 5, 5, 705]:5078 36 334 5
[0.10267776106300358, 15, 5, 5, 705]:5066 48 332 7
[0.10267776106300358, 15, 5, 5, 705]:5088 26 328 11
[0.44051903930634406, 82, 5, 5, 1667]:5114 0 339 0
[0.44051903930634406, 82, 5, 5, 1667]:5114 0 339 0
[0.44051903930634406, 82, 5, 5, 1667]:5114 0 338 0
[0.44051903930634406, 82, 5, 5, 1667]:5114 0 339 0
[0.44051903930634406, 82, 5, 5, 1667]:5114 0 339 0
[0.44051903930634406, 82, 5, 5, 1667]:5114 0 339 0
[0.44051903930634406, 82, 5, 5, 1667]:5115 0 338 0
[0.44051903930634406, 82, 5, 5, 1667]:5115 0 338 0
[0.44051903930634406, 82, 5, 5, 1667]:5114 0 339 0
[0.44051903930634406, 82, 5, 5, 1667]:5114 0 339 0
[0.6577657728090087, 9, 1, 3, 1148]:5114 0 339 0
[0.6577657728090087, 9, 1, 3, 1148]:5114 0 339 0
[0.6577657728090087, 9, 1, 3, 1148]:5115 0 338 0
[0.6577657728090087, 9, 1, 3, 1148]:5115 0 338 0
[0.6577657728090087, 9, 1, 3, 1148]:5114 0 339 0
[0.6577657728090087, 9, 1, 3, 1148]:5114 0 339 0
[0.6577657728090087, 9, 1, 3, 1148]:5114 0 339 0
[0.6577657728090087, 9, 1, 3, 1148]:5114 0 338 0
[0.6577657728090087, 9, 1, 3, 1148]:5114 0 339 0
[0.6577657728090087, 9, 1, 3, 1148]:5114 0 339 0
[0.11457159394834963, 71, 3, 6, 945]:5103 12 334 4
[0.11457159394834963, 71, 3, 6, 945]:5089 25 338 1
[0.11457159394834963, 71, 3, 6, 945]:5106 8 337 2
[0.11457159394834963, 71, 3, 6, 945]:5094 20 339 0
[0.11457159394834963, 71, 3, 6, 945]:5104 10 338 1
[0.11457159394834963, 71, 3, 6, 945]:5097 17 335 3
[0.11457159394834963, 71, 3, 6, 945]:5101 13 337 2
[0.11457159394834963, 71, 3, 6, 945]:5107 8 335 3
[0.11457159394834963, 71, 3, 6, 945]:5098 16 338 1
[0.11457159394834963, 71, 3, 6, 945]:5102 12 338 1
[0.010725587422633335, 42, 5, 5, 1507]:4520 594 275 64
[0.010725587422633335, 42, 5, 5, 1507]:4511 604 273 65
[0.010725587422633335, 42, 5, 5, 1507]:4543 572 265 73
[0.010725587422633335, 42, 5, 5, 1507]:4544 570 268 71
[0.010725587422633335, 42, 5, 5, 1507]:4600 514 268 71
[0.010725587422633335, 42, 5, 5, 1507]:4538 576 270 69
[0.010725587422633335, 42, 5, 5, 1507]:4592 522 274 65
[0.010725587422633335, 42, 5, 5, 1507]:4555 559 267 72
[0.010725587422633335, 42, 5, 5, 1507]:4567 547 271 68
[0.010725587422633335, 42, 5, 5, 1507]:4531 583 279 59
[0.01, 5, 5, 10, 2000]:0 5114 0 338
[0.01, 5, 5, 10, 2000]:0 5115 0 338
[0.01, 5, 5, 10, 2000]:0 5114 0 339
[0.01, 5, 5, 10, 2000]:0 5114 0 339
[0.01, 5, 5, 10, 2000]:0 5114 0 339
[0.01, 5, 5, 10, 2000]:0 5114 0 339
[0.01, 5, 5, 10, 2000]:0 5115 0 338
[0.01, 5, 5, 10, 2000]:0 5114 0 339
[0.01, 5, 5, 10, 2000]:0 5114 0 339
[0.01, 5, 5, 10, 2000]:0 5114 0 339
[0.018507645913768824, 53, 3, 7, 1822]:4971 144 316 22
[0.018507645913768824, 53, 3, 7, 1822]:4950 164 320 18
[0.018507645913768824, 53, 3, 7, 1822]:4943 171 326 13
[0.018507645913768824, 53, 3, 7, 1822]:4988 126 316 23
[0.018507645913768824, 53, 3, 7, 1822]:4984 130 325 14
[0.018507645913768824, 53, 3, 7, 1822]:4967 147 320 19
[0.018507645913768824, 53, 3, 7, 1822]:4957 158 322 16
[0.018507645913768824, 53, 3, 7, 1822]:4973 141 315 24
[0.018507645913768824, 53, 3, 7, 1822]:4966 148 321 18
[0.018507645913768824, 53, 3, 7, 1822]:4959 155 316 23
[0.011072941971697002, 78, 1, 10, 2000]:4953 161 318 21
[0.011072941971697002, 78, 1, 10, 2000]:4974 141 313 25
[0.011072941971697002, 78, 1, 10, 2000]:4941 173 324 15
[0.011072941971697002, 78, 1, 10, 2000]:4962 152 318 21
[0.011072941971697002, 78, 1, 10, 2000]:4968 146 321 18
[0.011072941971697002, 78, 1, 10, 2000]:4977 137 327 12
[0.011072941971697002, 78, 1, 10, 2000]:4988 126 314 25
[0.011072941971697002, 78, 1, 10, 2000]:4967 147 316 23
[0.011072941971697002, 78, 1, 10, 2000]:4963 152 322 16
[0.011072941971697002, 78, 1, 10, 2000]:4952 162 320 18
[0.01, 5, 5, 10, 200]:0 5114 0 339
[0.01, 5, 5, 10, 200]:0 5114 0 338
[0.01, 5, 5, 10, 200]:0 5114 0 339
[0.01, 5, 5, 10, 200]:0 5114 0 339
[0.01, 5, 5, 10, 200]:0 5114 0 339
[0.01, 5, 5, 10, 200]:0 5114 0 339
[0.01, 5, 5, 10, 200]:0 5115 0 338
[0.01, 5, 5, 10, 200]:0 5115 0 338
[0.01, 5, 5, 10, 200]:0 5114 0 339
[0.01, 5, 5, 10, 200]:0 5114 0 339
[0.01, 5, 5, 2, 781]:0 5115 0 338
[0.01, 5, 5, 2, 781]:0 5114 0 339
[0.01, 5, 5, 2, 781]:0 5114 0 339
[0.01, 5, 5, 2, 781]:0 5114 0 339
[0.01, 5, 5, 2, 781]:0 5115 0 338
[0.01, 5, 5, 2, 781]:0 5114 0 339
[0.01, 5, 5, 2, 781]:0 5114 0 339
[0.01, 5, 5, 2, 781]:0 5114 0 339
[0.01, 5, 5, 2, 781]:0 5114 0 339
[0.01, 5, 5, 2, 781]:0 5114 0 338
[0.01, 5, 5, 10, 880]:0 5114 0 338
[0.01, 5, 5, 10, 880]:0 5114 0 339
[0.01, 5, 5, 10, 880]:0 5114 0 339
[0.01, 5, 5, 10, 880]:0 5115 0 338
[0.01, 5, 5, 10, 880]:0 5114 0 339
[0.01, 5, 5, 10, 880]:0 5114 0 339
[0.01, 5, 5, 10, 880]:0 5114 0 339
[0.01, 5, 5, 10, 880]:0 5114 0 339
[0.01, 5, 5, 10, 880]:0 5115 0 338
[0.01, 5, 5, 10, 880]:0 5114 0 339
[0.01, 56, 5, 2, 200]:4490 625 275 63
[0.01, 56, 5, 2, 200]:4487 627 268 71
[0.01, 56, 5, 2, 200]:4505 609 271 68
[0.01, 56, 5, 2, 200]:4475 640 260 78
[0.01, 56, 5, 2, 200]:4534 580 267 72
[0.01, 56, 5, 2, 200]:4498 616 265 74
[0.01, 56, 5, 2, 200]:4555 559 266 73
[0.01, 56, 5, 2, 200]:4533 581 266 73
[0.01, 56, 5, 2, 200]:4528 586 271 68
[0.01, 56, 5, 2, 200]:4498 616 279 59
[0.01, 5, 1, 6, 2000]:0 5114 0 338
[0.01, 5, 1, 6, 2000]:0 5114 0 339
[0.01, 5, 1, 6, 2000]:0 5115 0 338
[0.01, 5, 1, 6, 2000]:0 5114 0 339
[0.01, 5, 1, 6, 2000]:0 5114 0 339
[0.01, 5, 1, 6, 2000]:0 5114 0 339
[0.01, 5, 1, 6, 2000]:0 5114 0 339
[0.01, 5, 1, 6, 2000]:0 5115 0 338
[0.01, 5, 1, 6, 2000]:0 5114 0 339
[0.01, 5, 1, 6, 2000]:0 5114 0 339
[0.01, 45, 1, 5, 1800]:5074 40 336 3
[0.01, 45, 1, 5, 1800]:5087 28 334 4
[0.01, 45, 1, 5, 1800]:5088 26 334 5
[0.01, 45, 1, 5, 1800]:5066 48 337 2
[0.01, 45, 1, 5, 1800]:5077 37 334 5
[0.01, 45, 1, 5, 1800]:5085 29 338 1
[0.01, 45, 1, 5, 1800]:5071 43 335 3
[0.01, 45, 1, 5, 1800]:5076 38 338 1
[0.01, 45, 1, 5, 1800]:5084 30 336 3
[0.01, 45, 1, 5, 1800]:5078 37 336 2
[0.07610930918411005, 56, 4, 4, 749]:5057 57 330 9
[0.07610930918411005, 56, 4, 4, 749]:5074 40 327 12
[0.07610930918411005, 56, 4, 4, 749]:5053 61 329 9
[0.07610930918411005, 56, 4, 4, 749]:5066 49 327 11
[0.07610930918411005, 56, 4, 4, 749]:5053 61 330 9
[0.07610930918411005, 56, 4, 4, 749]:5060 54 331 8
[0.07610930918411005, 56, 4, 4, 749]:5065 49 326 13
[0.07610930918411005, 56, 4, 4, 749]:5060 54 327 12
[0.07610930918411005, 56, 4, 4, 749]:5040 74 336 3
[0.07610930918411005, 56, 4, 4, 749]:5068 47 330 8
[0.010923731615111686, 42, 4, 8, 1226]:4788 326 304 35
[0.010923731615111686, 42, 4, 8, 1226]:4750 365 299 39
[0.010923731615111686, 42, 4, 8, 1226]:4763 351 294 45
[0.010923731615111686, 42, 4, 8, 1226]:4736 378 308 31
[0.010923731615111686, 42, 4, 8, 1226]:4756 359 290 48
[0.010923731615111686, 42, 4, 8, 1226]:4789 325 296 43
[0.010923731615111686, 42, 4, 8, 1226]:4786 328 296 43
[0.010923731615111686, 42, 4, 8, 1226]:4799 315 302 37
[0.010923731615111686, 42, 4, 8, 1226]:4742 372 299 39
[0.010923731615111686, 42, 4, 8, 1226]:4798 316 295 44
[0.010926347353860838, 41, 3, 9, 1382]:4855 259 308 31
[0.010926347353860838, 41, 3, 9, 1382]:4877 237 317 22
[0.010926347353860838, 41, 3, 9, 1382]:4847 267 307 31
[0.010926347353860838, 41, 3, 9, 1382]:4876 238 304 35
[0.010926347353860838, 41, 3, 9, 1382]:4887 227 309 30
[0.010926347353860838, 41, 3, 9, 1382]:4835 279 314 25
[0.010926347353860838, 41, 3, 9, 1382]:4889 225 317 22
[0.010926347353860838, 41, 3, 9, 1382]:4865 250 304 34
[0.010926347353860838, 41, 3, 9, 1382]:4871 243 305 34
[0.010926347353860838, 41, 3, 9, 1382]:4851 264 312 26
[0.01, 5, 3, 7, 360]:0 5115 0 338
[0.01, 5, 3, 7, 360]:0 5114 0 339
[0.01, 5, 3, 7, 360]:0 5114 0 339
[0.01, 5, 3, 7, 360]:0 5114 0 339
[0.01, 5, 3, 7, 360]:0 5114 0 339
[0.01, 5, 3, 7, 360]:0 5114 0 339
[0.01, 5, 3, 7, 360]:0 5115 0 338
[0.01, 5, 3, 7, 360]:0 5114 0 339
[0.01, 5, 3, 7, 360]:0 5114 0 339
[0.01, 5, 3, 7, 360]:0 5114 0 338
[0.01, 89, 5, 10, 2000]:4534 581 264 74
[0.01, 100, 4, 10, 2000]:4691 424 284 54
[0.01, 89, 5, 10, 2000]:4494 621 272 66
[0.01, 100, 4, 10, 2000]:4699 415 288 51
[0.01, 89, 5, 10, 2000]:4549 565 261 78
[0.01, 100, 4, 10, 2000]:4685 430 296 42
[0.01, 89, 5, 10, 2000]:4512 602 278 61
[0.01, 89, 5, 10, 2000]:4525 589 269 70
[0.01, 89, 5, 10, 2000]:4594 520 263 76
[0.01, 89, 5, 10, 2000]:4566 548 269 70
[0.01, 89, 5, 10, 2000]:4517 597 282 56
[0.01, 100, 4, 10, 2000]:4744 370 286 53
[0.01, 89, 5, 10, 2000]:4525 589 267 72
[0.01, 100, 4, 10, 2000]:4676 438 302 37
[0.01, 100, 4, 10, 2000]:4700 414 283 56
[0.01, 89, 5, 10, 2000]:4560 554 268 71
[0.01, 100, 4, 10, 2000]:4713 401 288 51
[0.01, 100, 4, 10, 2000]:4737 377 292 47
[0.01, 100, 4, 10, 2000]:4681 433 292 46
[0.01, 100, 4, 10, 2000]:4712 402 290 49
[0.016677163521871662, 86, 5, 10, 200]:4666 448 276 63
[0.016677163521871662, 86, 5, 10, 200]:4625 490 281 57
[0.016677163521871662, 86, 5, 10, 200]:4653 461 271 68
[0.016677163521871662, 86, 5, 10, 200]:4637 477 275 64
[0.016677163521871662, 86, 5, 10, 200]:4640 474 282 57
[0.016677163521871662, 86, 5, 10, 200]:4604 510 293 46
[0.016677163521871662, 86, 5, 10, 200]:4613 501 276 63
[0.016677163521871662, 86, 5, 10, 200]:4622 493 279 59
[0.016677163521871662, 86, 5, 10, 200]:4635 479 289 49
[0.016677163521871662, 86, 5, 10, 200]:4665 449 286 53
[0.02263437818894065, 100, 5, 2, 505]:4708 407 291 47
[0.02263437818894065, 100, 5, 2, 505]:4739 375 298 41
[0.02263437818894065, 100, 5, 2, 505]:4751 363 290 49
[0.02263437818894065, 100, 5, 2, 505]:4745 369 289 50
[0.02263437818894065, 100, 5, 2, 505]:4713 402 289 49
[0.02263437818894065, 100, 5, 2, 505]:4728 386 287 52
[0.02263437818894065, 100, 5, 2, 505]:4709 405 300 39
[0.02263437818894065, 100, 5, 2, 505]:4724 390 284 55
[0.02263437818894065, 100, 5, 2, 505]:4766 348 291 48
[0.02263437818894065, 100, 5, 2, 505]:4725 389 296 42
[0.01, 75, 5, 3, 1823]:4534 581 263 75
[0.01, 75, 5, 3, 1823]:4521 593 269 70
[0.01, 75, 5, 3, 1823]:4542 572 261 78
[0.01, 75, 5, 3, 1823]:4522 592 265 74
[0.01, 75, 5, 3, 1823]:4504 611 273 65
[0.01, 75, 5, 3, 1823]:4514 600 276 63
[0.01, 75, 5, 3, 1823]:4577 537 272 67
[0.01, 75, 5, 3, 1823]:4524 590 280 58
[0.01, 75, 5, 3, 1823]:4596 518 267 72
[0.01, 75, 5, 3, 1823]:4551 563 273 66
[0.01, 27, 5, 2, 200]:4544 570 270 69
[0.01, 27, 5, 2, 200]:4532 582 272 67
[0.01, 27, 5, 2, 200]:4496 618 265 74
[0.01, 27, 5, 2, 200]:4571 543 267 72
[0.01, 27, 5, 2, 200]:4499 615 281 58
[0.01, 27, 5, 2, 200]:4512 603 259 79
[0.01, 27, 5, 2, 200]:4479 636 278 60
[0.01, 27, 5, 2, 200]:4506 608 267 72
[0.01, 27, 5, 2, 200]:4534 580 258 81
[0.03197495001684539, 5, 1, 10, 290]:5 5109 0 339
[0.03197495001684539, 5, 1, 10, 290]:1 5114 0 338
[0.03197495001684539, 5, 1, 10, 290]:3 5111 1 337
[0.03197495001684539, 5, 1, 10, 290]:9 5106 0 338
[0.03197495001684539, 5, 1, 10, 290]:1 5113 0 339
[0.03197495001684539, 5, 1, 10, 290]:6 5108 0 339
[0.03197495001684539, 5, 1, 10, 290]:3 5111 0 339
[0.03197495001684539, 5, 1, 10, 290]:2 5112 0 339
[0.03197495001684539, 5, 1, 10, 290]:10 5104 0 339
[0.03197495001684539, 5, 1, 10, 290]:13 5101 0 339
[0.01, 27, 5, 2, 200]:4500 614 278 60
[0.02601771290273658, 5, 2, 10, 2000]:0 5114 0 338
[0.02601771290273658, 5, 2, 10, 2000]:0 5115 0 338
[0.02601771290273658, 5, 2, 10, 2000]:0 5114 0 339
[0.02601771290273658, 5, 2, 10, 2000]:0 5114 0 339
[0.02601771290273658, 5, 2, 10, 2000]:0 5114 0 339
[0.02601771290273658, 5, 2, 10, 2000]:0 5114 0 339
[0.02601771290273658, 5, 2, 10, 2000]:0 5114 0 339
[0.02601771290273658, 5, 2, 10, 2000]:0 5115 0 338
[0.02601771290273658, 5, 2, 10, 2000]:0 5114 0 339
[0.02601771290273658, 5, 2, 10, 2000]:0 5114 0 339
[0.01, 100, 1, 6, 612]:5084 30 333 6
[0.01, 100, 1, 6, 612]:5049 65 337 2
[0.01, 100, 1, 6, 612]:5060 54 333 6
[0.01, 100, 1, 6, 612]:5073 41 336 3
[0.01, 100, 1, 6, 612]:5062 52 333 6
[0.01, 100, 1, 6, 612]:5068 46 334 5
[0.01, 100, 1, 6, 612]:5075 40 333 5
[0.01, 100, 1, 6, 612]:5057 57 332 6
[0.01, 100, 1, 6, 612]:5068 46 334 5
[0.01, 100, 1, 6, 612]:5058 57 332 6
[0.02420539785063735, 100, 1, 10, 1134]:5020 94 319 20
[0.02420539785063735, 100, 1, 10, 1134]:5034 80 321 18
[0.02420539785063735, 100, 1, 10, 1134]:5012 103 323 15
[0.02420539785063735, 100, 1, 10, 1134]:4999 115 322 17
[0.02420539785063735, 100, 1, 10, 1134]:5007 107 322 17
[0.02420539785063735, 100, 1, 10, 1134]:4999 115 324 14
[0.02420539785063735, 100, 1, 10, 1134]:4996 118 326 13
[0.02420539785063735, 100, 1, 10, 1134]:5009 106 325 13
[0.02420539785063735, 100, 1, 10, 1134]:4979 135 332 7
[0.02420539785063735, 100, 1, 10, 1134]:5008 106 329 10
[0.014676208208442246, 100, 2, 10, 2000]:4946 168 322 17
[0.014676208208442246, 100, 2, 10, 2000]:4958 156 314 25
[0.014676208208442246, 100, 2, 10, 2000]:4913 201 316 22
[0.014676208208442246, 100, 2, 10, 2000]:4922 192 312 27
[0.014676208208442246, 100, 2, 10, 2000]:4937 177 314 25
[0.014676208208442246, 100, 2, 10, 2000]:4904 210 321 18
[0.014676208208442246, 100, 2, 10, 2000]:4945 170 308 30
[0.014676208208442246, 100, 2, 10, 2000]:4946 168 311 28
[0.014676208208442246, 100, 2, 10, 2000]:4930 185 318 20
[0.014676208208442246, 100, 2, 10, 2000]:4943 171 319 20
[0.01, 5, 1, 10, 200]:0 5115 0 338
[0.01, 5, 1, 10, 200]:0 5114 0 339
[0.01, 5, 1, 10, 200]:0 5115 0 338
[0.01, 5, 1, 10, 200]:0 5114 0 339
[0.01, 5, 1, 10, 200]:0 5114 0 338
[0.01, 5, 1, 10, 200]:0 5114 0 339
[0.01, 5, 1, 10, 200]:0 5114 0 339
[0.01, 5, 1, 10, 200]:0 5114 0 339
[0.01, 5, 1, 10, 200]:0 5114 0 339
[0.01, 5, 1, 10, 200]:0 5114 0 339
[0.01, 88, 5, 7, 200]:4509 606 271 67
[0.01, 63, 5, 10, 200]:4572 542 273 66
[0.01, 88, 5, 7, 200]:4573 541 273 66
[0.01, 88, 5, 7, 200]:4492 622 279 60
[0.01, 88, 5, 7, 200]:4545 569 258 81
[0.01, 63, 5, 10, 200]:4516 598 272 67
[0.01, 63, 5, 10, 200]:4504 610 275 63
[0.01, 88, 5, 7, 200]:4500 615 260 78
[0.01, 63, 5, 10, 200]:4547 567 267 72
[0.01, 63, 5, 10, 200]:4518 596 263 76
[0.01, 88, 5, 7, 200]:4505 609 265 74
[0.01, 88, 5, 7, 200]:4531 583 270 69
[0.01, 63, 5, 10, 200]:4517 598 262 76
[0.01, 88, 5, 7, 200]:4512 602 278 60
[0.01, 63, 5, 10, 200]:4474 640 274 65
[0.01, 88, 5, 7, 200]:4553 561 277 62
[0.01, 63, 5, 10, 200]:4496 618 271 68
[0.01, 88, 5, 7, 200]:4524 590 271 68
[0.01, 63, 5, 10, 200]:4489 625 263 76
[0.01, 63, 5, 10, 200]:4497 618 275 63
[0.018278722893891448, 32, 5, 2, 2000]:4709 405 284 55
[0.01899280101519073, 51, 5, 10, 2000]:4682 433 281 57
[0.01899280101519073, 51, 5, 10, 2000]:4668 447 284 54
[0.018278722893891448, 32, 5, 2, 2000]:4668 446 281 58
[0.01899280101519073, 51, 5, 10, 2000]:4678 436 290 48
[0.018278722893891448, 32, 5, 2, 2000]:4666 449 281 57
[0.018278722893891448, 32, 5, 2, 2000]:4694 420 285 54
[0.01899280101519073, 51, 5, 10, 2000]:4711 403 287 52
[0.018278722893891448, 32, 5, 2, 2000]:4668 447 285 53
[0.01899280101519073, 51, 5, 10, 2000]:4717 397 282 57
[0.01899280101519073, 51, 5, 10, 2000]:4687 427 281 58
[0.99, 100, 1, 6, 2000]:5114 0 339 0
[0.01899280101519073, 51, 5, 10, 2000]:4724 390 290 49
[0.018278722893891448, 32, 5, 2, 2000]:4670 444 283 56
[0.99, 100, 1, 6, 2000]:5114 0 339 0
[0.01899280101519073, 51, 5, 10, 2000]:4706 408 284 55
[0.018278722893891448, 32, 5, 2, 2000]:4665 449 291 47
[0.01899280101519073, 51, 5, 10, 2000]:4683 431 284 55
[0.01899280101519073, 51, 5, 10, 2000]:4658 456 298 41
[0.018278722893891448, 32, 5, 2, 2000]:4655 459 295 44
[0.99, 100, 1, 6, 2000]:5114 0 339 0
[0.018278722893891448, 32, 5, 2, 2000]:4697 417 280 59
[0.99, 100, 1, 6, 2000]:5114 0 338 0
[0.018278722893891448, 32, 5, 2, 2000]:4715 399 289 50
[0.99, 100, 1, 6, 2000]:5114 0 339 0
[0.99, 100, 1, 6, 2000]:5114 0 339 0
[0.99, 100, 1, 6, 2000]:5114 0 339 0
[0.99, 100, 1, 6, 2000]:5115 0 338 0
[0.99, 100, 1, 6, 2000]:5114 0 339 0
[0.99, 100, 1, 6, 2000]:5115 0 338 0
[0.01, 100, 5, 2, 2000]:4548 566 263 76
[0.01, 100, 5, 2, 2000]:4528 586 268 71
[0.01, 26, 5, 6, 2000]:4506 608 277 62
[0.01, 26, 5, 6, 2000]:4555 559 269 70
[0.01, 100, 5, 2, 2000]:4530 585 261 77
[0.01, 26, 5, 6, 2000]:4514 600 269 70
[0.01, 26, 5, 6, 2000]:4526 589 255 83
[0.01, 100, 5, 2, 2000]:4514 600 277 61
[0.01, 100, 5, 2, 2000]:4521 593 269 70
[0.01, 100, 5, 2, 2000]:4584 530 263 76
[0.01, 26, 5, 6, 2000]:4586 528 270 69
[0.01, 31, 5, 10, 2000]:4549 565 272 67
[0.01, 100, 5, 2, 2000]:4545 569 267 72
[0.01, 100, 5, 2, 2000]:4517 597 277 62
[0.01, 31, 5, 10, 2000]:4503 612 268 70
[0.01, 26, 5, 6, 2000]:4560 554 265 74
[0.01, 26, 5, 6, 2000]:4524 590 266 73
[0.01, 31, 5, 10, 2000]:4507 607 268 71
[0.01, 26, 5, 6, 2000]:4503 612 271 67
[0.01, 26, 5, 6, 2000]:4516 598 277 61
[0.01, 100, 5, 2, 2000]:4497 618 274 64
[0.01, 31, 5, 10, 2000]:4528 587 259 79
[0.01, 26, 5, 6, 2000]:4594 520 268 71
[0.01, 31, 5, 10, 2000]:4521 593 265 74
[0.01, 31, 5, 10, 2000]:4536 578 266 73
[0.01, 31, 5, 10, 2000]:4577 537 271 68
[0.01, 31, 5, 10, 2000]:4510 604 273 66
[0.01, 31, 5, 10, 2000]:4588 526 264 75
[0.01, 31, 5, 10, 2000]:4524 590 280 58
[0.01, 100, 5, 2, 2000]:4570 544 275 64
[0.99, 15, 5, 10, 200]:5115 0 338 0
[0.99, 15, 5, 10, 200]:5115 0 338 0
[0.99, 15, 5, 10, 200]:5114 0 339 0
[0.99, 15, 5, 10, 200]:5114 0 339 0
[0.99, 15, 5, 10, 200]:5114 0 339 0
[0.99, 15, 5, 10, 200]:5114 0 339 0
[0.99, 15, 5, 10, 200]:5114 0 339 0
[0.99, 15, 5, 10, 200]:5114 0 339 0
[0.99, 15, 5, 10, 200]:5114 0 338 0
[0.99, 15, 5, 10, 200]:5114 0 339 0
[0.99, 5, 5, 3, 1882]:5115 0 338 0
[0.99, 5, 5, 3, 1882]:5114 0 339 0
[0.99, 5, 5, 3, 1882]:5115 0 338 0
[0.99, 5, 5, 3, 1882]:5114 0 339 0
[0.99, 5, 5, 3, 1882]:5114 0 339 0
[0.99, 5, 5, 3, 1882]:5114 0 339 0
[0.99, 5, 5, 3, 1882]:5114 0 339 0
[0.99, 5, 5, 3, 1882]:5114 0 339 0
[0.99, 5, 5, 3, 1882]:5114 0 338 0
[0.99, 5, 5, 3, 1882]:5114 0 339 0
[0.99, 24, 5, 9, 2000]:5114 0 339 0
[0.99, 24, 5, 9, 2000]:5114 0 339 0
[0.99, 24, 5, 9, 2000]:5114 0 339 0
[0.99, 24, 5, 9, 2000]:5114 0 339 0
[0.99, 24, 5, 9, 2000]:5114 0 339 0
[0.99, 24, 5, 9, 2000]:5114 0 338 0
[0.99, 24, 5, 9, 2000]:5114 0 339 0
[0.99, 24, 5, 9, 2000]:5115 0 338 0
[0.99, 24, 5, 9, 2000]:5115 0 338 0
[0.99, 24, 5, 9, 2000]:5114 0 339 0
[0.01, 20, 4, 5, 2000]:4653 461 282 57
[0.016424370934635776, 17, 4, 10, 2000]:4432 682 276 63
[0.01, 20, 4, 5, 2000]:4708 406 294 45
[0.015606337243800639, 20, 3, 10, 2000]:4802 312 299 40
[0.016424370934635776, 17, 4, 10, 2000]:4418 696 271 68
[0.016424370934635776, 17, 4, 10, 2000]:4436 678 270 68
[0.015606337243800639, 20, 3, 10, 2000]:4786 328 312 27
[0.015606337243800639, 20, 3, 10, 2000]:4771 343 300 38
[0.01, 20, 4, 5, 2000]:4646 468 282 57
[0.016424370934635776, 17, 4, 10, 2000]:4424 691 276 62
[0.016424370934635776, 17, 4, 10, 2000]:4464 650 270 69
[0.016424370934635776, 17, 4, 10, 2000]:4475 639 263 76
[0.015606337243800639, 20, 3, 10, 2000]:4784 331 296 42
[0.01, 20, 4, 5, 2000]:4635 479 294 45
[0.016424370934635776, 17, 4, 10, 2000]:4498 616 266 73
[0.01, 20, 4, 5, 2000]:4639 476 283 55
[0.015606337243800639, 20, 3, 10, 2000]:4802 312 300 39
[0.016424370934635776, 17, 4, 10, 2000]:4429 686 265 73
[0.015606337243800639, 20, 3, 10, 2000]:4836 278 309 30
[0.015606337243800639, 20, 3, 10, 2000]:4813 301 299 40
[0.016424370934635776, 17, 4, 10, 2000]:4439 675 258 81
[0.01, 20, 4, 5, 2000]:4638 477 292 46
[0.015606337243800639, 20, 3, 10, 2000]:4779 336 303 35
[0.015606337243800639, 20, 3, 10, 2000]:4797 317 295 44
[0.01, 20, 4, 5, 2000]:4665 449 285 54
[0.01, 20, 4, 5, 2000]:4643 471 291 47
[0.016424370934635776, 17, 4, 10, 2000]:4471 643 264 75
[0.01, 20, 4, 5, 2000]:4682 432 285 54
[0.01, 20, 4, 5, 2000]:4684 430 283 56
[0.015606337243800639, 20, 3, 10, 2000]:4821 293 297 42
[0.02288764701478634, 5, 4, 10, 200]:0 5114 0 339
[0.02288764701478634, 5, 4, 10, 200]:0 5115 0 338
[0.02288764701478634, 5, 4, 10, 200]:0 5115 0 338
[0.02288764701478634, 5, 4, 10, 200]:0 5114 0 339
[0.02288764701478634, 5, 4, 10, 200]:0 5114 0 339
[0.02288764701478634, 5, 4, 10, 200]:0 5114 0 339
[0.02288764701478634, 5, 4, 10, 200]:0 5114 0 339
[0.02288764701478634, 5, 4, 10, 200]:0 5114 0 339
[0.02288764701478634, 5, 4, 10, 200]:0 5114 0 339
[0.02288764701478634, 5, 4, 10, 200]:0 5114 0 338
[0.024309175952658888, 5, 5, 7, 2000]:0 5115 0 338
[0.024309175952658888, 5, 5, 7, 2000]:0 5114 0 339
[0.024309175952658888, 5, 5, 7, 2000]:0 5115 0 338
[0.024309175952658888, 5, 5, 7, 2000]:0 5114 0 339
[0.024309175952658888, 5, 5, 7, 2000]:0 5114 0 339
[0.024309175952658888, 5, 5, 7, 2000]:0 5114 0 339
[0.024309175952658888, 5, 5, 7, 2000]:0 5114 0 339
[0.024309175952658888, 5, 5, 7, 2000]:0 5114 0 339
[0.024309175952658888, 5, 5, 7, 2000]:0 5114 0 338
[0.024309175952658888, 5, 5, 7, 2000]:0 5114 0 339
[0.017765754057937868, 14, 5, 10, 2000]:3427 1687 181 157
[0.017765754057937868, 14, 5, 10, 2000]:3423 1692 185 153
[0.017765754057937868, 14, 5, 10, 2000]:3375 1739 184 155
[0.017765754057937868, 14, 5, 10, 2000]:3470 1644 185 154
[0.017765754057937868, 14, 5, 10, 2000]:3446 1668 177 162
[0.017765754057937868, 14, 5, 10, 2000]:3422 1692 190 149
[0.017765754057937868, 14, 5, 10, 2000]:3380 1734 180 159
[0.017765754057937868, 14, 5, 10, 2000]:3483 1632 189 149
[0.017765754057937868, 14, 5, 10, 2000]:3402 1712 180 159
[0.017765754057937868, 14, 5, 10, 2000]:3443 1671 178 161
[0.01, 76, 4, 9, 2000]:4749 365 294 45
[0.01, 76, 4, 9, 2000]:4750 364 293 46
[0.01, 76, 4, 9, 2000]:4723 391 287 52
[0.01, 76, 4, 9, 2000]:4712 403 299 39
[0.01, 76, 4, 9, 2000]:4718 396 303 36
[0.01, 76, 4, 9, 2000]:4721 394 287 51
[0.01, 76, 4, 9, 2000]:4770 344 299 40
[0.01, 76, 4, 9, 2000]:4746 368 292 47
[0.01, 76, 4, 9, 2000]:4775 339 292 47
[0.013794765246222859, 20, 5, 10, 2000]:4550 564 266 73
[0.013794765246222859, 20, 5, 10, 2000]:4521 594 261 77
[0.013794765246222859, 20, 5, 10, 2000]:4578 536 268 71
[0.013794765246222859, 20, 5, 10, 2000]:4513 602 273 65
[0.013794765246222859, 20, 5, 10, 2000]:4517 597 267 72
[0.013794765246222859, 20, 5, 10, 2000]:4507 607 276 63
[0.01, 76, 4, 9, 2000]:4716 398 294 44
[0.013794765246222859, 20, 5, 10, 2000]:4524 590 276 62
[0.013794765246222859, 20, 5, 10, 2000]:4576 538 275 64
[0.01, 78, 3, 2, 2000]:4945 169 320 19
[0.01, 78, 3, 2, 2000]:4947 167 315 24
[0.013794765246222859, 20, 5, 10, 2000]:4546 568 271 68
[0.013794765246222859, 20, 5, 10, 2000]:4515 599 267 72
[0.01, 78, 3, 2, 2000]:4933 181 317 21
[0.01, 78, 3, 2, 2000]:4943 172 322 16
[0.01, 78, 3, 2, 2000]:4947 167 325 14
[0.01, 78, 3, 2, 2000]:4953 161 312 27
[0.01, 78, 3, 2, 2000]:4930 184 320 19
[0.01, 78, 3, 2, 2000]:4947 168 313 25
[0.01, 78, 3, 2, 2000]:4915 199 323 16
[0.01, 78, 3, 2, 2000]:4965 149 312 27
[0.09366093185760765, 5, 1, 7, 1372]:4982 132 302 37
[0.09366093185760765, 5, 1, 7, 1372]:4979 135 307 32
[0.09366093185760765, 5, 1, 7, 1372]:4985 129 302 37
[0.09366093185760765, 5, 1, 7, 1372]:4999 115 310 29
[0.09366093185760765, 5, 1, 7, 1372]:4981 134 301 37
[0.09366093185760765, 5, 1, 7, 1372]:4988 126 306 33
[0.09366093185760765, 5, 1, 7, 1372]:4990 124 311 27
[0.09366093185760765, 5, 1, 7, 1372]:5013 102 308 30
[0.09366093185760765, 5, 1, 7, 1372]:4994 120 312 27
[0.09366093185760765, 5, 1, 7, 1372]:4993 121 310 29
[0.06903093970131899, 5, 1, 7, 2000]:4070 1044 203 136
[0.06903093970131899, 5, 1, 7, 2000]:4026 1088 208 131
[0.06903093970131899, 5, 1, 7, 2000]:4070 1045 210 128
[0.06903093970131899, 5, 1, 7, 2000]:4052 1062 210 129
[0.06903093970131899, 5, 1, 7, 2000]:4123 991 203 136
[0.06903093970131899, 5, 1, 7, 2000]:4002 1112 211 127
[0.06903093970131899, 5, 1, 7, 2000]:4025 1090 196 142
[0.06903093970131899, 5, 1, 7, 2000]:4042 1072 209 130
[0.06903093970131899, 5, 1, 7, 2000]:4093 1021 198 141
[0.06903093970131899, 5, 1, 7, 2000]:4084 1030 214 125
[0.015661178502239397, 69, 5, 2, 2000]:4653 461 280 59
[0.015661178502239397, 69, 5, 2, 2000]:4616 498 278 61
[0.015661178502239397, 69, 5, 2, 2000]:4617 497 291 48
[0.015661178502239397, 69, 5, 2, 2000]:4627 488 283 55
[0.015661178502239397, 69, 5, 2, 2000]:4686 428 283 56
[0.015661178502239397, 69, 5, 2, 2000]:4657 457 277 62
[0.015661178502239397, 69, 5, 2, 2000]:4633 482 276 62
[0.015661178502239397, 69, 5, 2, 2000]:4629 485 277 62
[0.015661178502239397, 69, 5, 2, 2000]:4629 485 287 51
[0.015661178502239397, 69, 5, 2, 2000]:4686 428 280 59
[0.05793815654733013, 5, 2, 2, 2000]:2943 2171 122 217
[0.05793815654733013, 5, 2, 2, 2000]:2957 2158 120 218
[0.05793815654733013, 5, 2, 2, 2000]:2874 2240 130 209
[0.05793815654733013, 5, 2, 2, 2000]:2813 2301 133 205
[0.05793815654733013, 5, 2, 2, 2000]:2902 2212 106 233
[0.05793815654733013, 5, 2, 2, 2000]:2843 2271 104 235
[0.05793815654733013, 5, 2, 2, 2000]:2878 2236 131 208
[0.05793815654733013, 5, 2, 2, 2000]:2893 2222 119 219
[0.05793815654733013, 5, 2, 2, 2000]:2919 2195 128 211
[0.05804333727949936, 5, 1, 3, 2000]:2935 2179 105 234
[0.05804333727949936, 5, 1, 3, 2000]:2896 2219 116 222
[0.05804333727949936, 5, 1, 3, 2000]:2957 2158 117 221
[0.05804333727949936, 5, 1, 3, 2000]:2936 2178 122 217
[0.05793815654733013, 5, 2, 2, 2000]:2879 2235 119 220
[0.05804333727949936, 5, 1, 3, 2000]:2918 2196 127 212
[0.05804333727949936, 5, 1, 3, 2000]:2893 2221 131 208
[0.05804333727949936, 5, 1, 3, 2000]:2851 2263 133 205
[0.05804333727949936, 5, 1, 3, 2000]:2840 2274 105 234
[0.05804333727949936, 5, 1, 3, 2000]:2845 2269 129 210
[0.05804333727949936, 5, 1, 3, 2000]:2910 2204 116 223
[0.06253030370912396, 18, 1, 8, 2000]:5066 48 334 5
[0.06253030370912396, 18, 1, 8, 2000]:5065 50 329 9
[0.06253030370912396, 18, 1, 8, 2000]:5064 50 333 6
[0.06253030370912396, 18, 1, 8, 2000]:5078 36 333 6
[0.06253030370912396, 18, 1, 8, 2000]:5070 45 335 3
[0.06253030370912396, 18, 1, 8, 2000]:5079 35 331 8
[0.06253030370912396, 18, 1, 8, 2000]:5066 48 333 5
[0.06253030370912396, 18, 1, 8, 2000]:5069 45 334 5
[0.06253030370912396, 18, 1, 8, 2000]:5070 44 333 6
[0.06253030370912396, 18, 1, 8, 2000]:5056 58 335 4
