[0.3731827041616468, 37, 2, 9, 992]:5112 2 339 0
[0.3731827041616468, 37, 2, 9, 992]:5113 1 339 0
[0.026834123971849515, 84, 3, 10, 555]:4437 677 249 90
[0.3731827041616468, 37, 2, 9, 992]:5111 3 339 0
[0.026834123971849515, 84, 3, 10, 555]:4457 657 261 78
[0.026834123971849515, 84, 3, 10, 555]:4453 661 251 87
[0.013286474048671204, 12, 2, 8, 1015]:633 4481 23 316
[0.013286474048671204, 12, 2, 8, 1015]:659 4455 25 314
[0.013286474048671204, 12, 2, 8, 1015]:579 4535 24 315
[0.013286474048671204, 12, 2, 8, 1015]:678 4436 31 308
[0.013286474048671204, 12, 2, 8, 1015]:679 4435 34 304
[0.013286474048671204, 12, 2, 8, 1015]:660 4454 21 318
[0.3731827041616468, 37, 2, 9, 992]:5114 1 338 0
[0.3731827041616468, 37, 2, 9, 992]:5111 3 337 2
[0.3731827041616468, 37, 2, 9, 992]:5113 1 339 0
