[0.11190927521934971, 90, 5, 7, 786]:5087 24 337 5
[0.11190927521934971, 90, 5, 7, 786]:5078 34 331 10
[0.11190927521934971, 90, 5, 7, 786]:5081 31 336 5
[0.14803562641658577, 28, 5, 6, 797]:5102 10 335 6
[0.14803562641658577, 28, 5, 6, 797]:5096 16 337 4
[0.14803562641658577, 28, 5, 6, 797]:5100 11 339 3
[0.14803562641658577, 28, 5, 6, 797]:5098 14 338 3
[0.11190927521934971, 90, 5, 7, 786]:5086 25 336 6
[0.14803562641658577, 28, 5, 6, 797]:5102 10 338 3
[0.11190927521934971, 90, 5, 7, 786]:5080 31 337 5
[0.11190927521934971, 90, 5, 7, 786]:5092 19 337 5
[0.11190927521934971, 90, 5, 7, 786]:5081 31 333 8
[0.11190927521934971, 90, 5, 7, 786]:5084 28 336 5
[0.14803562641658577, 28, 5, 6, 797]:5101 10 339 3
[0.14803562641658577, 28, 5, 6, 797]:5102 9 341 1
[0.14803562641658577, 28, 5, 6, 797]:5103 8 342 0
[0.14803562641658577, 28, 5, 6, 797]:5099 12 340 2
[0.11190927521934971, 90, 5, 7, 786]:5076 35 332 9
[0.11190927521934971, 90, 5, 7, 786]:5078 33 335 7
[0.14803562641658577, 28, 5, 6, 797]:5099 12 339 2
[0.38184566672125025, 46, 5, 3, 1153]:5112 0 341 0
[0.38184566672125025, 46, 5, 3, 1153]:5111 0 342 0
[0.38184566672125025, 46, 5, 3, 1153]:5111 0 342 0
[0.38184566672125025, 46, 5, 3, 1153]:5112 0 341 0
[0.38184566672125025, 46, 5, 3, 1153]:5111 0 342 0
[0.38184566672125025, 46, 5, 3, 1153]:5111 0 342 0
[0.38184566672125025, 46, 5, 3, 1153]:5111 0 341 0
[0.38184566672125025, 46, 5, 3, 1153]:5112 0 341 0
[0.38184566672125025, 46, 5, 3, 1153]:5112 0 341 0
[0.38184566672125025, 46, 5, 3, 1153]:5111 0 342 0
[0.11661618035283985, 93, 5, 9, 1057]:5088 23 336 6
[0.11661618035283985, 93, 5, 9, 1057]:5089 22 338 4
[0.11661618035283985, 93, 5, 9, 1057]:5080 32 332 9
[0.11661618035283985, 93, 5, 9, 1057]:5082 30 336 5
[0.11661618035283985, 93, 5, 9, 1057]:5083 29 334 7
[0.11661618035283985, 93, 5, 9, 1057]:5091 20 340 2
[0.11661618035283985, 93, 5, 9, 1057]:5080 31 337 5
[0.04716314697319579, 23, 2, 5, 1059]:5075 36 339 3
[0.04716314697319579, 23, 2, 5, 1059]:5078 33 336 6
[0.04716314697319579, 23, 2, 5, 1059]:5074 37 338 4
[0.11661618035283985, 93, 5, 9, 1057]:5079 32 338 3
[0.11661618035283985, 93, 5, 9, 1057]:5078 33 336 6
[0.04716314697319579, 23, 2, 5, 1059]:5085 27 336 5
[0.04716314697319579, 23, 2, 5, 1059]:5069 42 341 1
[0.11661618035283985, 93, 5, 9, 1057]:5086 26 336 5
[0.04716314697319579, 23, 2, 5, 1059]:5073 38 339 2
[0.04716314697319579, 23, 2, 5, 1059]:5077 35 338 3
[0.04716314697319579, 23, 2, 5, 1059]:5070 42 337 4
[0.04716314697319579, 23, 2, 5, 1059]:5072 40 338 3
[0.04716314697319579, 23, 2, 5, 1059]:5081 30 340 2
[0.12939173591433342, 56, 3, 7, 1930]:5103 8 338 4
[0.12939173591433342, 56, 3, 7, 1930]:5102 9 342 0
[0.12939173591433342, 56, 3, 7, 1930]:5100 12 338 3
[0.12939173591433342, 56, 3, 7, 1930]:5099 13 340 1
[0.12939173591433342, 56, 3, 7, 1930]:5100 11 341 1
[0.12939173591433342, 56, 3, 7, 1930]:5096 15 340 1
[0.12939173591433342, 56, 3, 7, 1930]:5102 9 341 1
[0.12939173591433342, 56, 3, 7, 1930]:5098 14 339 2
[0.12939173591433342, 56, 3, 7, 1930]:5096 15 340 2
[0.12939173591433342, 56, 3, 7, 1930]:5096 16 339 2
[0.49131768983495083, 78, 3, 9, 434]:5112 0 341 0
[0.49131768983495083, 78, 3, 9, 434]:5112 0 341 0
[0.49131768983495083, 78, 3, 9, 434]:5111 0 342 0
[0.49131768983495083, 78, 3, 9, 434]:5111 0 342 0
[0.49131768983495083, 78, 3, 9, 434]:5112 0 341 0
[0.49131768983495083, 78, 3, 9, 434]:5112 0 341 0
[0.49131768983495083, 78, 3, 9, 434]:5111 0 342 0
[0.49131768983495083, 78, 3, 9, 434]:5111 0 342 0
[0.49131768983495083, 78, 3, 9, 434]:5111 0 342 0
[0.49131768983495083, 78, 3, 9, 434]:5111 0 341 0
[0.0449168686418446, 96, 3, 4, 929]:5042 70 328 13
[0.0449168686418446, 96, 3, 4, 929]:5040 71 328 14
[0.0449168686418446, 96, 3, 4, 929]:5056 55 333 9
[0.0449168686418446, 96, 3, 4, 929]:5042 70 334 7
[0.0449168686418446, 96, 3, 4, 929]:5041 70 332 10
[0.0449168686418446, 96, 3, 4, 929]:5035 77 334 7
[0.0449168686418446, 96, 3, 4, 929]:5040 72 331 10
[0.39635356349937106, 55, 2, 6, 1056]:5111 0 342 0
[0.39635356349937106, 55, 2, 6, 1056]:5112 0 341 0
[0.0449168686418446, 96, 3, 4, 929]:5040 71 333 8
[0.39635356349937106, 55, 2, 6, 1056]:5111 0 342 0
[0.39635356349937106, 55, 2, 6, 1056]:5111 0 342 0
[0.0449168686418446, 96, 3, 4, 929]:5030 81 332 10
[0.39635356349937106, 55, 2, 6, 1056]:5111 0 342 0
[0.0449168686418446, 96, 3, 4, 929]:5039 72 335 7
[0.39635356349937106, 55, 2, 6, 1056]:5111 0 342 0
[0.39635356349937106, 55, 2, 6, 1056]:5112 0 341 0
[0.39635356349937106, 55, 2, 6, 1056]:5112 0 341 0
[0.39635356349937106, 55, 2, 6, 1056]:5111 0 341 0
[0.39635356349937106, 55, 2, 6, 1056]:5112 0 341 0
[0.01, 92, 5, 9, 200]:4558 553 268 74
[0.01, 92, 5, 9, 200]:4511 600 263 79
[0.01, 92, 5, 9, 200]:4478 633 273 69
[0.03597557739931947, 80, 4, 4, 200]:4946 165 331 11
[0.03597557739931947, 80, 4, 4, 200]:4940 171 314 28
[0.03597557739931947, 80, 4, 4, 200]:4928 183 314 28
[0.03597557739931947, 80, 4, 4, 200]:4932 179 318 24
[0.01, 92, 5, 9, 200]:4525 586 271 70
[0.01, 92, 5, 9, 200]:4523 588 268 74
[0.01, 92, 5, 9, 200]:4488 624 282 59
[0.03597557739931947, 80, 4, 4, 200]:4939 172 318 23
[0.03597557739931947, 80, 4, 4, 200]:4933 179 319 22
[0.03597557739931947, 80, 4, 4, 200]:4962 149 317 25
[0.03597557739931947, 80, 4, 4, 200]:4936 176 318 23
[0.03597557739931947, 80, 4, 4, 200]:4950 162 317 24
[0.01, 92, 5, 9, 200]:4510 602 266 75
[0.01, 92, 5, 9, 200]:4501 611 283 58
[0.01, 92, 5, 9, 200]:4508 604 255 86
[0.01, 92, 5, 9, 200]:4512 599 281 61
[0.03597557739931947, 80, 4, 4, 200]:4935 177 318 23
[0.0386713163688881, 63, 5, 4, 936]:4864 247 308 34
[0.0386713163688881, 63, 5, 4, 936]:4871 240 306 36
[0.0386713163688881, 63, 5, 4, 936]:4870 242 303 38
[0.0386713163688881, 63, 5, 4, 936]:4897 214 308 34
[0.0386713163688881, 63, 5, 4, 936]:4874 237 306 36
[0.0386713163688881, 63, 5, 4, 936]:4900 212 309 32
[0.0386713163688881, 63, 5, 4, 936]:4877 234 305 36
[0.0386713163688881, 63, 5, 4, 936]:4882 229 315 27
[0.0386713163688881, 63, 5, 4, 936]:4874 238 313 28
[0.0386713163688881, 63, 5, 4, 936]:4868 244 311 30
[0.01, 5, 4, 2, 2000]:0 5112 0 341
[0.01, 5, 4, 2, 2000]:0 5111 0 342
[0.01, 5, 4, 2, 2000]:0 5111 0 342
[0.01, 5, 4, 2, 2000]:0 5111 0 342
[0.01, 5, 4, 2, 2000]:0 5111 0 341
[0.01, 5, 4, 2, 2000]:0 5111 0 342
[0.01, 5, 4, 2, 2000]:0 5112 0 341
[0.01, 5, 4, 2, 2000]:0 5112 0 341
[0.01, 5, 4, 2, 2000]:0 5112 0 341
[0.01, 5, 4, 2, 2000]:0 5111 0 342
[0.0157238356587894, 100, 5, 2, 1431]:4623 488 279 63
[0.0157238356587894, 100, 5, 2, 1431]:4669 442 277 65
[0.0157238356587894, 100, 5, 2, 1431]:4615 497 277 64
[0.0157238356587894, 100, 5, 2, 1431]:4641 470 297 45
[0.0157238356587894, 100, 5, 2, 1431]:4650 462 292 49
[0.0157238356587894, 100, 5, 2, 1431]:4644 467 274 68
[0.0157238356587894, 100, 5, 2, 1431]:4642 469 276 66
[0.0157238356587894, 100, 5, 2, 1431]:4641 470 279 62
[0.01, 67, 3, 4, 1766]:4934 178 321 20
[0.01, 67, 3, 4, 1766]:4945 166 326 16
[0.01, 67, 3, 4, 1766]:4930 181 324 18
[0.01, 67, 3, 4, 1766]:4928 183 315 26
[0.01, 67, 3, 4, 1766]:4932 179 321 21
[0.01, 67, 3, 4, 1766]:4934 177 317 25
[0.01, 67, 3, 4, 1766]:4943 169 318 23
[0.01, 67, 3, 4, 1766]:4952 159 317 25
[0.01, 67, 3, 4, 1766]:4938 174 324 17
[0.0157238356587894, 100, 5, 2, 1431]:4613 499 286 55
[0.0157238356587894, 100, 5, 2, 1431]:4649 463 269 72
[0.01, 67, 3, 4, 1766]:4911 201 321 20
[0.013264317532088265, 5, 5, 10, 200]:0 5112 0 341
[0.013264317532088265, 5, 5, 10, 200]:0 5111 0 342
[0.013264317532088265, 5, 5, 10, 200]:0 5111 0 342
[0.013264317532088265, 5, 5, 10, 200]:0 5112 0 341
[0.013264317532088265, 5, 5, 10, 200]:0 5112 0 341
[0.013264317532088265, 5, 5, 10, 200]:0 5111 0 342
[0.013264317532088265, 5, 5, 10, 200]:0 5111 0 342
[0.013264317532088265, 5, 5, 10, 200]:0 5112 0 341
[0.013264317532088265, 5, 5, 10, 200]:0 5111 0 341
[0.013264317532088265, 5, 5, 10, 200]:0 5111 0 342
[0.01, 5, 5, 2, 2000]:0 5111 0 342
[0.01, 5, 5, 2, 2000]:0 5111 0 342
[0.01, 5, 5, 2, 2000]:0 5112 0 341
[0.01, 5, 5, 2, 2000]:0 5112 0 341
[0.01, 5, 5, 2, 2000]:0 5111 0 342
[0.01, 5, 5, 2, 2000]:0 5111 0 342
[0.9890777049707337, 6, 1, 3, 1892]:5112 0 341 0
[0.01, 5, 5, 2, 2000]:0 5112 0 341
[0.01, 5, 5, 2, 2000]:0 5111 0 341
[0.01, 5, 5, 2, 2000]:0 5111 0 342
[0.01, 5, 5, 2, 2000]:0 5112 0 341
[0.9890777049707337, 6, 1, 3, 1892]:5112 0 341 0
[0.9890777049707337, 6, 1, 3, 1892]:5111 0 342 0
[0.9890777049707337, 6, 1, 3, 1892]:5112 0 341 0
[0.9890777049707337, 6, 1, 3, 1892]:5112 0 341 0
[0.9890777049707337, 6, 1, 3, 1892]:5111 0 342 0
[0.9890777049707337, 6, 1, 3, 1892]:5111 0 341 0
[0.9890777049707337, 6, 1, 3, 1892]:5111 0 342 0
[0.9890777049707337, 6, 1, 3, 1892]:5111 0 342 0
[0.9890777049707337, 6, 1, 3, 1892]:5111 0 342 0
[0.01, 100, 1, 2, 445]:5105 6 342 0
[0.01, 100, 1, 2, 445]:5101 10 342 0
[0.01, 100, 1, 2, 445]:5098 14 341 0
[0.01, 100, 1, 2, 445]:5107 4 342 0
[0.01, 100, 1, 2, 445]:5100 11 340 2
[0.01, 100, 1, 2, 445]:5104 7 342 0
[0.01, 100, 1, 2, 445]:5099 13 340 1
[0.01, 100, 1, 2, 445]:5099 12 341 0
[0.01, 100, 1, 2, 445]:5102 10 340 1
[0.01, 100, 1, 2, 445]:5101 11 341 0
[0.013431072578534969, 93, 1, 4, 1280]:5085 27 340 1
[0.013431072578534969, 93, 1, 4, 1280]:5083 28 340 1
[0.013431072578534969, 93, 1, 4, 1280]:5093 18 341 1
[0.013431072578534969, 93, 1, 4, 1280]:5086 26 340 1
[0.013431072578534969, 93, 1, 4, 1280]:5090 21 340 2
[0.013431072578534969, 93, 1, 4, 1280]:5095 16 340 2
[0.013431072578534969, 93, 1, 4, 1280]:5087 25 339 2
[0.01, 100, 4, 3, 1465]:4754 358 301 40
[0.01, 100, 4, 3, 1465]:4755 356 294 48
[0.01, 100, 4, 3, 1465]:4776 335 298 44
[0.01, 100, 4, 3, 1465]:4750 361 298 44
[0.01, 100, 4, 3, 1465]:4759 352 306 36
[0.013431072578534969, 93, 1, 4, 1280]:5088 23 339 3
[0.013431072578534969, 93, 1, 4, 1280]:5089 23 341 0
[0.01, 100, 4, 3, 1465]:4777 335 294 47
[0.013431072578534969, 93, 1, 4, 1280]:5092 19 341 1
[0.01, 100, 4, 3, 1465]:4752 359 290 52
[0.01, 100, 4, 3, 1465]:4746 365 294 47
[0.01, 100, 4, 3, 1465]:4746 366 303 38
[0.01, 100, 4, 3, 1465]:4746 366 294 47
[0.013242780057739843, 100, 5, 10, 200]:4558 554 285 56
[0.013242780057739843, 100, 5, 10, 200]:4566 545 273 68
[0.013242780057739843, 100, 5, 10, 200]:4582 529 280 62
[0.013242780057739843, 100, 5, 10, 200]:4566 545 283 59
[0.013242780057739843, 100, 5, 10, 200]:4601 510 271 71
[0.013242780057739843, 100, 5, 10, 200]:4578 534 263 78
[0.013242780057739843, 100, 5, 10, 200]:4568 544 286 55
[0.013242780057739843, 100, 5, 10, 200]:4592 519 269 73
[0.013242780057739843, 100, 5, 10, 200]:4586 525 299 43
[0.013242780057739843, 100, 5, 10, 200]:4555 557 274 67
[0.010987688399016309, 13, 4, 10, 1003]:2206 2905 88 254
[0.010987688399016309, 13, 4, 10, 1003]:2219 2893 109 232
[0.010987688399016309, 13, 4, 10, 1003]:2170 2942 103 238
[0.010987688399016309, 13, 4, 10, 1003]:2183 2928 102 240
[0.010987688399016309, 13, 4, 10, 1003]:2202 2909 112 230
[0.010987688399016309, 13, 4, 10, 1003]:2229 2882 107 235
[0.010987688399016309, 13, 4, 10, 1003]:2140 2972 108 233
[0.010987688399016309, 13, 4, 10, 1003]:2243 2868 115 226
[0.010987688399016309, 13, 4, 10, 1003]:2208 2904 120 221
[0.010987688399016309, 13, 4, 10, 1003]:2187 2924 107 235
[0.01, 100, 5, 2, 2000]:4536 576 287 54
[0.01, 100, 5, 2, 2000]:4533 579 252 89
[0.01, 100, 5, 2, 2000]:4525 586 258 84
[0.01, 100, 5, 2, 2000]:4558 553 270 72
[0.01, 100, 5, 2, 2000]:4509 602 269 73
[0.01, 100, 5, 2, 2000]:4508 604 281 60
[0.01, 100, 5, 2, 2000]:4555 556 266 76
[0.01, 100, 5, 2, 2000]:4515 597 264 77
[0.01, 100, 5, 2, 2000]:4530 581 288 54
[0.01, 100, 5, 2, 2000]:4526 585 272 69
[0.01, 100, 4, 10, 2000]:4710 402 284 57
[0.01, 100, 5, 10, 2000]:4566 545 267 75
[0.01, 100, 5, 10, 2000]:4542 570 284 57
[0.01, 67, 4, 10, 2000]:4706 406 295 46
[0.01, 100, 4, 10, 2000]:4690 421 282 60
[0.01, 100, 5, 10, 2000]:4538 574 255 86
[0.01, 100, 4, 10, 2000]:4688 423 289 52
[0.01, 100, 5, 10, 2000]:4529 582 260 82
[0.01, 67, 4, 10, 2000]:4687 424 286 55
[0.01, 100, 4, 10, 2000]:4730 381 291 51
[0.01, 100, 5, 10, 2000]:4526 585 274 67
[0.01, 100, 4, 10, 2000]:4700 412 294 47
[0.01, 100, 4, 10, 2000]:4684 427 291 51
[0.01, 67, 4, 10, 2000]:4711 400 281 61
[0.01, 100, 5, 10, 2000]:4485 627 277 64
[0.01, 67, 4, 10, 2000]:4732 379 288 54
[0.01, 100, 5, 10, 2000]:4530 581 285 57
[0.01, 67, 4, 10, 2000]:4699 412 287 55
[0.01, 100, 5, 10, 2000]:4516 596 268 73
[0.01, 67, 4, 10, 2000]:4692 419 292 50
[0.01, 100, 4, 10, 2000]:4687 425 289 52
[0.01, 100, 5, 10, 2000]:4507 604 270 72
[0.01, 67, 4, 10, 2000]:4705 406 300 42
[0.01, 67, 4, 10, 2000]:4719 393 281 60
[0.01, 67, 4, 10, 2000]:4676 436 297 44
[0.01, 100, 4, 10, 2000]:4683 428 303 39
[0.01, 100, 5, 10, 2000]:4534 577 272 70
[0.01, 67, 4, 10, 2000]:4680 432 289 52
[0.01, 100, 4, 10, 2000]:4689 423 294 47
[0.01, 100, 4, 10, 2000]:4700 411 284 58
[0.017065160083681766, 5, 4, 10, 200]:0 5111 0 342
[0.017065160083681766, 5, 4, 10, 200]:0 5112 0 341
[0.017065160083681766, 5, 4, 10, 200]:0 5112 0 341
[0.017065160083681766, 5, 4, 10, 200]:0 5112 0 341
[0.017065160083681766, 5, 4, 10, 200]:0 5111 0 341
[0.017065160083681766, 5, 4, 10, 200]:0 5112 0 341
[0.017065160083681766, 5, 4, 10, 200]:0 5111 0 342
[0.017065160083681766, 5, 4, 10, 200]:0 5111 0 342
[0.017065160083681766, 5, 4, 10, 200]:0 5111 0 342
[0.017065160083681766, 5, 4, 10, 200]:0 5111 0 342
[0.018169974572208456, 6, 4, 10, 288]:0 5111 0 342
[0.018169974572208456, 6, 4, 10, 288]:0 5111 0 342
[0.018169974572208456, 6, 4, 10, 288]:0 5111 0 341
[0.018169974572208456, 6, 4, 10, 288]:0 5111 0 342
[0.018169974572208456, 6, 4, 10, 288]:0 5112 0 341
[0.018169974572208456, 6, 4, 10, 288]:1 5111 0 341
[0.018169974572208456, 6, 4, 10, 288]:0 5112 0 341
[0.018169974572208456, 6, 4, 10, 288]:1 5110 0 342
[0.018169974572208456, 6, 4, 10, 288]:0 5112 0 341
[0.018169974572208456, 6, 4, 10, 288]:0 5111 0 342
[0.01600865177278831, 5, 4, 10, 2000]:0 5111 0 342
[0.01600865177278831, 5, 4, 10, 2000]:0 5112 0 341
[0.01600865177278831, 5, 4, 10, 2000]:0 5112 0 341
[0.01600865177278831, 5, 4, 10, 2000]:0 5111 0 342
[0.01600865177278831, 5, 4, 10, 2000]:0 5111 0 342
[0.01600865177278831, 5, 4, 10, 2000]:0 5111 0 341
[0.01600865177278831, 5, 4, 10, 2000]:0 5111 0 342
[0.01600865177278831, 5, 4, 10, 2000]:0 5112 0 341
[0.01600865177278831, 5, 4, 10, 2000]:0 5112 0 341
[0.01600865177278831, 5, 4, 10, 2000]:0 5111 0 342
[0.01, 5, 2, 10, 200]:0 5112 0 341
[0.01, 5, 2, 10, 200]:0 5112 0 341
[0.01, 5, 2, 10, 200]:0 5111 0 342
[0.01, 5, 2, 10, 200]:0 5111 0 341
[0.01, 5, 2, 10, 200]:0 5112 0 341
[0.01, 5, 2, 10, 200]:0 5111 0 342
[0.01, 5, 2, 10, 200]:0 5111 0 342
[0.01, 5, 2, 10, 200]:0 5111 0 342
[0.01, 5, 2, 10, 200]:0 5111 0 342
[0.01, 5, 2, 10, 200]:0 5112 0 341
[0.01, 100, 5, 5, 200]:4489 622 270 71
[0.01, 100, 5, 5, 200]:4488 624 278 63
[0.01, 100, 5, 5, 200]:4523 589 261 80
[0.01, 100, 5, 5, 200]:4516 595 255 87
[0.01, 100, 5, 5, 200]:4534 578 282 59
[0.01, 100, 5, 5, 200]:4544 567 268 74
[0.01, 100, 5, 5, 200]:4501 610 284 58
[0.01, 100, 5, 5, 200]:4506 606 267 74
[0.01, 100, 5, 5, 200]:4501 610 267 75
[0.01, 100, 5, 5, 200]:4476 635 267 75
[0.010244745807442664, 6, 1, 10, 1514]:0 5111 0 342
[0.010244745807442664, 6, 1, 10, 1514]:0 5111 0 342
[0.010244745807442664, 6, 1, 10, 1514]:0 5111 0 342
[0.010244745807442664, 6, 1, 10, 1514]:0 5112 0 341
[0.010244745807442664, 6, 1, 10, 1514]:0 5112 0 341
[0.010244745807442664, 6, 1, 10, 1514]:0 5111 0 341
[0.010244745807442664, 6, 1, 10, 1514]:0 5111 0 342
[0.010244745807442664, 6, 1, 10, 1514]:0 5112 0 341
[0.010244745807442664, 6, 1, 10, 1514]:0 5112 0 341
[0.010244745807442664, 6, 1, 10, 1514]:0 5111 0 342
[0.012681878779262745, 59, 5, 3, 908]:4579 533 272 69
[0.012681878779262745, 59, 5, 3, 908]:4595 517 288 53
[0.012681878779262745, 59, 5, 3, 908]:4583 528 267 75
[0.012681878779262745, 59, 5, 3, 908]:4567 545 287 54
[0.012681878779262745, 59, 5, 3, 908]:4618 493 275 67
[0.012681878779262745, 59, 5, 3, 908]:4571 540 278 64
[0.012681878779262745, 59, 5, 3, 908]:4580 532 263 78
[0.012681878779262745, 59, 5, 3, 908]:4572 539 275 67
[0.012681878779262745, 59, 5, 3, 908]:4575 536 289 53
[0.012681878779262745, 59, 5, 3, 908]:4593 518 278 63
[0.01, 51, 5, 10, 1827]:4529 583 252 89
[0.01, 51, 5, 10, 1827]:4532 580 285 56
[0.01, 73, 5, 2, 2000]:4530 581 270 72
[0.01, 73, 5, 2, 2000]:4524 587 272 69
[0.01, 51, 5, 10, 1827]:4505 607 262 79
[0.01, 51, 5, 10, 1827]:4526 585 264 78
[0.01, 51, 5, 10, 1827]:4551 560 268 74
[0.01, 51, 5, 10, 1827]:4483 629 277 64
[0.01, 51, 5, 10, 1827]:4499 612 270 72
[0.01, 51, 5, 10, 1827]:4521 590 285 57
[0.01, 51, 5, 10, 1827]:4539 572 268 74
[0.01, 51, 5, 10, 1827]:4522 589 270 71
[0.01, 73, 5, 2, 2000]:4542 570 283 58
[0.01, 73, 5, 2, 2000]:4537 575 253 88
[0.01, 73, 5, 2, 2000]:4517 594 285 57
[0.01, 73, 5, 2, 2000]:4558 553 266 76
[0.01, 73, 5, 2, 2000]:4502 609 270 72
[0.01, 73, 5, 2, 2000]:4495 617 266 75
[0.01, 73, 5, 2, 2000]:4538 573 259 83
[0.01, 73, 5, 2, 2000]:4497 615 279 62
[0.5295224895762068, 100, 1, 10, 200]:5112 0 341 0
[0.5295224895762068, 100, 1, 10, 200]:5112 0 341 0
[0.5295224895762068, 100, 1, 10, 200]:5112 0 341 0
[0.5295224895762068, 100, 1, 10, 200]:5112 0 341 0
[0.5295224895762068, 100, 1, 10, 200]:5111 0 342 0
[0.5295224895762068, 100, 1, 10, 200]:5111 0 342 0
[0.5295224895762068, 100, 1, 10, 200]:5111 0 341 0
[0.5295224895762068, 100, 1, 10, 200]:5111 0 342 0
[0.5295224895762068, 100, 1, 10, 200]:5111 0 342 0
[0.99, 100, 1, 2, 220]:5098 14 340 1
[0.99, 100, 1, 2, 220]:5098 13 342 0
[0.99, 100, 1, 2, 220]:5105 6 342 0
[0.5295224895762068, 100, 1, 10, 200]:5111 0 342 0
[0.99, 100, 1, 2, 220]:5103 9 341 0
[0.99, 100, 1, 2, 220]:5095 16 341 1
[0.99, 100, 1, 2, 220]:5098 13 342 0
[0.99, 100, 1, 2, 220]:5100 12 341 0
[0.99, 100, 1, 2, 220]:5105 7 340 1
[0.99, 100, 1, 2, 220]:5101 10 340 2
[0.99, 100, 1, 2, 220]:5098 13 341 0
[0.99, 100, 1, 10, 2000]:5112 0 341 0
[0.99, 100, 1, 10, 2000]:5111 0 342 0
[0.99, 100, 1, 10, 2000]:5111 0 342 0
[0.99, 100, 1, 10, 2000]:5111 0 342 0
[0.99, 100, 1, 10, 2000]:5112 0 341 0
[0.99, 100, 1, 10, 2000]:5111 0 342 0
[0.99, 100, 1, 10, 2000]:5111 0 341 0
[0.99, 100, 1, 10, 2000]:5111 0 342 0
[0.99, 100, 1, 10, 2000]:5112 0 341 0
[0.99, 100, 1, 10, 2000]:5112 0 341 0
[0.010123345810060861, 73, 5, 10, 1700]:4532 579 270 71
[0.010123345810060861, 73, 5, 10, 1700]:4536 575 263 79
[0.010123345810060861, 73, 5, 10, 1700]:4527 584 287 55
[0.014241077584327012, 67, 5, 10, 1957]:4619 493 266 75
[0.010123345810060861, 73, 5, 10, 1700]:4543 569 282 59
[0.010123345810060861, 73, 5, 10, 1700]:4563 548 265 77
[0.010123345810060861, 73, 5, 10, 1700]:4538 574 257 84
[0.014241077584327012, 67, 5, 10, 1957]:4620 492 292 49
[0.010123345810060861, 73, 5, 10, 1700]:4547 564 271 71
[0.014241077584327012, 67, 5, 10, 1957]:4628 483 277 65
[0.010123345810060861, 73, 5, 10, 1700]:4519 593 269 72
[0.014241077584327012, 67, 5, 10, 1957]:4606 505 278 63
[0.010123345810060861, 73, 5, 10, 1700]:4485 627 280 61
[0.014241077584327012, 67, 5, 10, 1957]:4595 517 271 70
[0.010123345810060861, 73, 5, 10, 1700]:4512 599 270 72
[0.014241077584327012, 67, 5, 10, 1957]:4621 490 270 72
[0.014241077584327012, 67, 5, 10, 1957]:4619 492 293 49
[0.014241077584327012, 67, 5, 10, 1957]:4651 460 276 66
[0.014241077584327012, 67, 5, 10, 1957]:4602 509 280 62
[0.0109682118644499, 83, 5, 6, 2000]:4549 563 251 90
[0.0109682118644499, 83, 5, 6, 2000]:4551 561 283 58
[0.0109682118644499, 83, 5, 6, 2000]:4524 587 276 66
[0.0109682118644499, 83, 5, 6, 2000]:4590 521 266 76
[0.0109682118644499, 83, 5, 6, 2000]:4555 556 264 78
[0.0109682118644499, 83, 5, 6, 2000]:4541 570 272 70
[0.0109682118644499, 83, 5, 6, 2000]:4535 577 266 75
[0.0109682118644499, 83, 5, 6, 2000]:4538 573 287 55
[0.0109682118644499, 83, 5, 6, 2000]:4518 594 279 62
[0.014241077584327012, 67, 5, 10, 1957]:4593 519 284 57
[0.0109682118644499, 83, 5, 6, 2000]:4549 562 274 67
[0.99, 5, 5, 10, 200]:5112 0 341 0
[0.99, 5, 5, 10, 200]:5111 0 342 0
[0.99, 5, 5, 2, 200]:5112 0 341 0
[0.99, 5, 5, 10, 200]:5111 0 342 0
[0.99, 5, 5, 10, 200]:5112 0 341 0
[0.99, 5, 5, 10, 200]:5112 0 341 0
[0.99, 5, 5, 2, 200]:5112 0 341 0
[0.99, 5, 5, 10, 200]:5111 0 341 0
[0.99, 5, 5, 2, 200]:5111 0 342 0
[0.99, 5, 5, 10, 200]:5111 0 342 0
[0.99, 5, 5, 2, 200]:5111 0 342 0
[0.99, 5, 5, 10, 200]:5111 0 342 0
[0.99, 5, 5, 10, 200]:5112 0 341 0
[0.99, 5, 5, 2, 200]:5112 0 341 0
[0.99, 5, 5, 2, 200]:5112 0 341 0
[0.99, 5, 5, 2, 200]:5111 0 342 0
[0.99, 5, 5, 2, 200]:5111 0 342 0
[0.99, 5, 5, 10, 200]:5111 0 342 0
[0.99, 5, 5, 2, 200]:5111 0 341 0
[0.99, 5, 5, 2, 200]:5111 0 342 0
[0.9871183092710198, 5, 4, 8, 1784]:5111 0 342 0
[0.9871183092710198, 5, 4, 8, 1784]:5111 0 342 0
[0.9871183092710198, 5, 4, 8, 1784]:5111 0 342 0
[0.9871183092710198, 5, 4, 8, 1784]:5111 0 341 0
[0.9871183092710198, 5, 4, 8, 1784]:5111 0 342 0
[0.9871183092710198, 5, 4, 8, 1784]:5112 0 341 0
[0.9871183092710198, 5, 4, 8, 1784]:5111 0 342 0
[0.9871183092710198, 5, 4, 8, 1784]:5112 0 341 0
[0.9871183092710198, 5, 4, 8, 1784]:5112 0 341 0
[0.9871183092710198, 5, 4, 8, 1784]:5112 0 341 0
[0.01, 5, 1, 2, 200]:0 5111 0 342
[0.01, 5, 1, 2, 200]:0 5112 0 341
[0.01, 5, 1, 2, 200]:0 5112 0 341
[0.01, 5, 1, 2, 200]:0 5111 0 342
[0.01, 5, 1, 2, 200]:0 5111 0 342
[0.01, 5, 1, 2, 200]:0 5112 0 341
[0.01, 5, 1, 2, 200]:0 5111 0 342
[0.01, 5, 1, 2, 200]:0 5111 0 341
[0.01, 5, 1, 2, 200]:0 5112 0 341
[0.01, 5, 1, 2, 200]:0 5111 0 342
[0.010089551103885888, 17, 1, 2, 622]:4751 361 313 28
[0.010089551103885888, 17, 1, 2, 622]:4780 331 319 23
[0.010089551103885888, 17, 1, 2, 622]:4721 390 309 33
[0.010089551103885888, 17, 1, 2, 622]:4734 377 315 27
[0.010089551103885888, 17, 1, 2, 622]:4747 364 309 33
[0.010089551103885888, 17, 1, 2, 622]:4735 377 316 25
[0.010089551103885888, 17, 1, 2, 622]:4758 354 312 29
[0.010089551103885888, 17, 1, 2, 622]:4755 356 316 25
[0.010089551103885888, 17, 1, 2, 622]:4784 327 309 33
[0.010089551103885888, 17, 1, 2, 622]:4739 373 310 31
[0.01, 37, 4, 10, 2000]:4705 406 301 41
[0.01, 37, 4, 10, 2000]:4686 426 290 51
[0.01, 37, 4, 10, 2000]:4686 425 280 62
[0.01, 37, 4, 10, 2000]:4715 397 279 62
[0.01, 37, 4, 10, 2000]:4676 436 296 45
[0.01, 37, 4, 10, 2000]:4707 404 287 55
[0.01, 37, 4, 10, 2000]:4737 374 290 52
[0.01, 37, 4, 10, 2000]:4685 426 291 51
[0.01, 37, 4, 10, 2000]:4701 411 294 47
[0.01, 37, 4, 10, 2000]:4684 427 287 54
[0.010517488196268871, 33, 5, 7, 236]:4512 599 274 68
[0.010517488196268871, 33, 5, 7, 236]:4534 578 255 86
[0.010517488196268871, 33, 5, 7, 236]:4521 590 259 83
[0.010517488196268871, 33, 5, 7, 236]:4526 586 268 73
[0.010517488196268871, 33, 5, 7, 236]:4481 631 276 65
[0.010517488196268871, 33, 5, 7, 236]:4536 575 270 71
[0.010517488196268871, 33, 5, 7, 236]:4530 581 282 60
[0.010517488196268871, 33, 5, 7, 236]:4516 596 283 58
[0.010517488196268871, 33, 5, 7, 236]:4538 573 272 70
[0.010517488196268871, 33, 5, 7, 236]:4552 559 273 69
[0.0156598295621504, 35, 5, 10, 2000]:4639 472 274 68
[0.0156598295621504, 35, 5, 10, 2000]:4661 450 278 64
[0.01, 28, 5, 10, 2000]:4512 599 288 54
[0.01, 28, 5, 10, 2000]:4532 580 251 90
[0.01, 28, 5, 10, 2000]:4519 593 265 76
[0.01, 28, 5, 10, 2000]:4526 585 269 72
[0.0156598295621504, 35, 5, 10, 2000]:4638 473 277 65
[0.0156598295621504, 35, 5, 10, 2000]:4636 475 296 46
[0.0156598295621504, 35, 5, 10, 2000]:4625 486 279 63
[0.0156598295621504, 35, 5, 10, 2000]:4619 492 279 62
[0.01, 28, 5, 10, 2000]:4503 608 271 71
[0.01, 28, 5, 10, 2000]:4541 571 288 53
[0.01, 28, 5, 10, 2000]:4529 582 260 82
[0.01, 28, 5, 10, 2000]:4547 564 272 70
[0.0156598295621504, 35, 5, 10, 2000]:4630 482 291 50
[0.01, 28, 5, 10, 2000]:4493 619 278 63
[0.0156598295621504, 35, 5, 10, 2000]:4616 496 288 53
[0.0156598295621504, 35, 5, 10, 2000]:4652 460 266 75
[0.0156598295621504, 35, 5, 10, 2000]:4623 489 277 64
[0.01, 28, 5, 10, 2000]:4555 556 270 72
[0.9516140083135246, 100, 5, 6, 1313]:5111 0 342 0
[0.9516140083135246, 100, 5, 6, 1313]:5111 0 342 0
[0.9516140083135246, 100, 5, 6, 1313]:5112 0 341 0
[0.9516140083135246, 100, 5, 6, 1313]:5111 0 342 0
[0.9516140083135246, 100, 5, 6, 1313]:5111 0 341 0
[0.9516140083135246, 100, 5, 6, 1313]:5111 0 342 0
[0.9516140083135246, 100, 5, 6, 1313]:5112 0 341 0
[0.9516140083135246, 100, 5, 6, 1313]:5111 0 342 0
[0.9516140083135246, 100, 5, 6, 1313]:5112 0 341 0
[0.9516140083135246, 100, 5, 6, 1313]:5112 0 341 0
[0.01496544640647368, 83, 5, 2, 2000]:4615 496 275 66
[0.01496544640647368, 83, 5, 2, 2000]:4613 498 283 59
[0.01496544640647368, 83, 5, 2, 2000]:4629 482 293 49
[0.99, 100, 5, 2, 2000]:5111 0 342 0
[0.99, 100, 5, 2, 2000]:5111 0 341 0
[0.01496544640647368, 83, 5, 2, 2000]:4611 501 284 57
[0.99, 100, 5, 2, 2000]:5112 0 341 0
[0.99, 100, 5, 2, 2000]:5111 0 342 0
[0.01496544640647368, 83, 5, 2, 2000]:4641 470 272 70
[0.01496544640647368, 83, 5, 2, 2000]:4651 460 277 65
[0.01496544640647368, 83, 5, 2, 2000]:4596 516 270 71
[0.99, 100, 5, 2, 2000]:5111 0 342 0
[0.01496544640647368, 83, 5, 2, 2000]:4637 475 265 76
[0.99, 100, 5, 2, 2000]:5112 0 341 0
[0.01496544640647368, 83, 5, 2, 2000]:4634 477 277 65
[0.01496544640647368, 83, 5, 2, 2000]:4626 486 293 48
[0.99, 100, 5, 2, 2000]:5112 0 341 0
[0.99, 100, 5, 2, 2000]:5111 0 342 0
[0.99, 100, 5, 2, 2000]:5112 0 341 0
[0.99, 100, 5, 2, 2000]:5111 0 342 0
[0.01, 39, 5, 10, 200]:4558 554 282 59
[0.01, 39, 5, 10, 200]:4493 619 247 94
[0.01, 39, 5, 10, 200]:4510 601 268 73
[0.01, 39, 5, 10, 200]:4483 629 270 71
[0.01, 39, 5, 10, 200]:4474 638 281 60
[0.01, 39, 5, 10, 200]:4484 627 263 79
[0.01, 39, 5, 10, 200]:4549 562 264 78
[0.01, 39, 5, 10, 200]:4509 602 264 78
[0.01, 39, 5, 10, 200]:4489 622 276 66
[0.01, 39, 5, 10, 200]:4515 596 285 57
[0.020154425856651795, 30, 5, 2, 652]:4687 424 290 52
[0.020154425856651795, 30, 5, 2, 652]:4691 420 300 42
[0.020154425856651795, 30, 5, 2, 652]:4702 409 278 64
[0.020154425856651795, 30, 5, 2, 652]:4687 424 286 55
[0.020154425856651795, 30, 5, 2, 652]:4724 388 280 61
[0.020154425856651795, 30, 5, 2, 652]:4686 426 289 52
[0.020154425856651795, 30, 5, 2, 652]:4673 439 298 43
[0.020154425856651795, 30, 5, 2, 652]:4690 421 285 57
[0.020154425856651795, 30, 5, 2, 652]:4698 414 295 46
[0.020154425856651795, 30, 5, 2, 652]:4729 382 286 56
[0.01, 89, 5, 2, 2000]:4514 598 266 75
[0.01, 89, 5, 2, 2000]:4535 576 274 68
[0.01, 89, 5, 2, 2000]:4529 583 250 91
[0.01, 89, 5, 2, 2000]:4536 576 287 54
[0.01, 89, 5, 2, 2000]:4559 552 265 77
[0.01, 89, 5, 2, 2000]:4509 602 271 71
[0.01, 89, 5, 2, 2000]:4535 576 271 70
[0.01, 89, 5, 2, 2000]:4502 610 277 64
[0.01, 89, 5, 2, 2000]:4523 588 285 57
[0.01, 89, 5, 2, 2000]:4530 581 259 83
[0.06589884016925822, 5, 1, 10, 200]:3798 1313 201 141
[0.06589884016925822, 5, 1, 10, 200]:3665 1446 179 163
[0.06589884016925822, 5, 1, 10, 200]:3804 1308 189 152
[0.06589884016925822, 5, 1, 10, 200]:3753 1358 177 165
[0.06589884016925822, 5, 1, 10, 200]:3760 1352 181 160
[0.06589884016925822, 5, 1, 10, 200]:3737 1374 169 173
[0.06589884016925822, 5, 1, 10, 200]:3733 1378 168 174
[0.06589884016925822, 5, 1, 10, 200]:3783 1328 197 144
[0.06589884016925822, 5, 1, 10, 200]:3800 1312 193 148
[0.06589884016925822, 5, 1, 10, 200]:3812 1300 173 168
[0.030758246649725922, 5, 1, 9, 687]:4 5107 0 342
[0.030758246649725922, 5, 1, 9, 687]:6 5106 0 341
[0.030758246649725922, 5, 1, 9, 687]:4 5107 0 342
[0.030758246649725922, 5, 1, 9, 687]:4 5107 0 342
[0.030758246649725922, 5, 1, 9, 687]:2 5110 0 341
[0.030758246649725922, 5, 1, 9, 687]:6 5106 0 341
[0.030758246649725922, 5, 1, 9, 687]:8 5103 0 342
[0.030758246649725922, 5, 1, 9, 687]:7 5105 0 341
[0.030758246649725922, 5, 1, 9, 687]:10 5101 0 341
[0.030758246649725922, 5, 1, 9, 687]:9 5102 0 342
[0.011391933868092513, 94, 5, 2, 2000]:4551 560 273 68
[0.011391933868092513, 94, 5, 2, 2000]:4565 546 271 71
[0.011391933868092513, 94, 5, 2, 2000]:4531 581 280 61
[0.011391933868092513, 94, 5, 2, 2000]:4584 527 269 73
[0.011391933868092513, 94, 5, 2, 2000]:4526 585 274 68
[0.011391933868092513, 94, 5, 2, 2000]:4541 571 271 70
[0.011391933868092513, 94, 5, 2, 2000]:4545 566 287 55
[0.011391933868092513, 94, 5, 2, 2000]:4566 545 261 81
[0.011391933868092513, 94, 5, 2, 2000]:4559 553 255 86
[0.011391933868092513, 94, 5, 2, 2000]:4557 555 286 55
