[0.017228081180876036, 89, 5, 6, 749]:160 4951 9 333
[0.017228081180876036, 89, 5, 6, 749]:156 4955 9 333
[0.017228081180876036, 89, 5, 6, 749]:158 4953 16 325
[0.017228081180876036, 89, 5, 6, 749]:141 4971 9 332
[0.017228081180876036, 89, 5, 6, 749]:119 4992 5 337
[0.017228081180876036, 89, 5, 6, 749]:116 4996 8 333
[0.017228081180876036, 89, 5, 6, 749]:122 4990 6 335
[0.017228081180876036, 89, 5, 6, 749]:119 4992 4 338
[0.017228081180876036, 89, 5, 6, 749]:120 4992 3 338
[0.017228081180876036, 89, 5, 6, 749]:127 4984 7 335
[0.29321042315682283, 65, 3, 10, 522]:5111 0 341 0
[0.29321042315682283, 65, 3, 10, 522]:5111 0 342 0
[0.29321042315682283, 65, 3, 10, 522]:5112 0 341 0
[0.29321042315682283, 65, 3, 10, 522]:5111 0 342 0
[0.29321042315682283, 65, 3, 10, 522]:5111 0 342 0
[0.29321042315682283, 65, 3, 10, 522]:5112 0 341 0
[0.29321042315682283, 65, 3, 10, 522]:5112 0 341 0
[0.29321042315682283, 65, 3, 10, 522]:5111 0 342 0
[0.29321042315682283, 65, 3, 10, 522]:5111 0 342 0
[0.29321042315682283, 65, 3, 10, 522]:5112 0 341 0
[0.020982559261949318, 71, 1, 7, 1332]:205 4906 22 319
[0.020982559261949318, 71, 1, 7, 1332]:187 4924 7 335
[0.020982559261949318, 71, 1, 7, 1332]:192 4920 14 327
[0.020982559261949318, 71, 1, 7, 1332]:193 4919 14 327
[0.020982559261949318, 71, 1, 7, 1332]:221 4890 13 329
[0.020982559261949318, 71, 1, 7, 1332]:186 4926 9 332
[0.020982559261949318, 71, 1, 7, 1332]:216 4895 15 327
[0.020982559261949318, 71, 1, 7, 1332]:214 4897 12 330
[0.020982559261949318, 71, 1, 7, 1332]:210 4902 7 334
[0.020982559261949318, 71, 1, 7, 1332]:203 4908 7 335
[0.157477176013823, 32, 4, 6, 784]:5112 0 341 0
[0.157477176013823, 32, 4, 6, 784]:5106 5 342 0
[0.157477176013823, 32, 4, 6, 784]:5112 0 341 0
[0.157477176013823, 32, 4, 6, 784]:5105 6 342 0
[0.157477176013823, 32, 4, 6, 784]:5111 1 341 0
[0.157477176013823, 32, 4, 6, 784]:5112 0 341 0
[0.157477176013823, 32, 4, 6, 784]:5111 0 342 0
[0.157477176013823, 32, 4, 6, 784]:5110 1 342 0
[0.157477176013823, 32, 4, 6, 784]:5111 0 341 0
[0.157477176013823, 32, 4, 6, 784]:5111 0 342 0
[0.13728194834986648, 62, 4, 4, 1137]:5112 0 341 0
[0.13728194834986648, 62, 4, 4, 1137]:5107 4 342 0
[0.13728194834986648, 62, 4, 4, 1137]:5108 4 341 0
[0.13728194834986648, 62, 4, 4, 1137]:5112 0 341 0
[0.13728194834986648, 62, 4, 4, 1137]:5106 5 342 0
[0.13728194834986648, 62, 4, 4, 1137]:5109 3 341 0
[0.13728194834986648, 62, 4, 4, 1137]:5110 1 342 0
[0.13728194834986648, 62, 4, 4, 1137]:5111 0 342 0
[0.13728194834986648, 62, 4, 4, 1137]:5111 0 341 0
[0.13728194834986648, 62, 4, 4, 1137]:5103 8 342 0
[0.012477445314155483, 97, 4, 9, 1652]:136 4975 5 337
[0.012477445314155483, 97, 4, 9, 1652]:128 4983 6 336
[0.012477445314155483, 97, 4, 9, 1652]:168 4943 10 332
[0.012477445314155483, 97, 4, 9, 1652]:168 4943 9 333
[0.012477445314155483, 97, 4, 9, 1652]:138 4974 8 333
[0.012477445314155483, 97, 4, 9, 1652]:137 4974 7 335
[0.012477445314155483, 97, 4, 9, 1652]:169 4942 18 323
[0.012477445314155483, 97, 4, 9, 1652]:125 4987 8 333
[0.012477445314155483, 97, 4, 9, 1652]:141 4971 3 338
[0.012477445314155483, 97, 4, 9, 1652]:146 4966 9 332
[0.011230268407504091, 12, 4, 6, 838]:47 5065 1 340
[0.011230268407504091, 12, 4, 6, 838]:58 5053 3 339
[0.011230268407504091, 12, 4, 6, 838]:58 5054 3 338
[0.011230268407504091, 12, 4, 6, 838]:58 5053 4 337
[0.011230268407504091, 12, 4, 6, 838]:64 5047 2 340
[0.011230268407504091, 12, 4, 6, 838]:61 5050 2 340
[0.011230268407504091, 12, 4, 6, 838]:42 5069 1 341
[0.011230268407504091, 12, 4, 6, 838]:41 5071 4 337
[0.011230268407504091, 12, 4, 6, 838]:46 5066 1 340
[0.49041000686329145, 94, 2, 6, 616]:5112 0 341 0
[0.49041000686329145, 94, 2, 6, 616]:5111 0 341 0
[0.49041000686329145, 94, 2, 6, 616]:5111 0 342 0
[0.011230268407504091, 12, 4, 6, 838]:42 5069 2 340
[0.49041000686329145, 94, 2, 6, 616]:5112 0 341 0
[0.49041000686329145, 94, 2, 6, 616]:5112 0 341 0
[0.49041000686329145, 94, 2, 6, 616]:5111 0 342 0
[0.49041000686329145, 94, 2, 6, 616]:5111 0 342 0
[0.49041000686329145, 94, 2, 6, 616]:5111 0 342 0
[0.49041000686329145, 94, 2, 6, 616]:5111 0 342 0
[0.49041000686329145, 94, 2, 6, 616]:5112 0 341 0
[0.8539852428478094, 11, 2, 5, 1972]:5111 0 342 0
[0.8539852428478094, 11, 2, 5, 1972]:5111 0 342 0
[0.8539852428478094, 11, 2, 5, 1972]:5111 0 342 0
[0.8539852428478094, 11, 2, 5, 1972]:5112 0 341 0
[0.8539852428478094, 11, 2, 5, 1972]:5112 0 341 0
[0.8539852428478094, 11, 2, 5, 1972]:5112 0 341 0
[0.8539852428478094, 11, 2, 5, 1972]:5111 0 341 0
[0.8539852428478094, 11, 2, 5, 1972]:5111 0 342 0
[0.8539852428478094, 11, 2, 5, 1972]:5111 0 342 0
[0.8539852428478094, 11, 2, 5, 1972]:5112 0 341 0
[0.11007318336526353, 5, 1, 3, 1623]:5112 0 341 0
[0.11007318336526353, 5, 1, 3, 1623]:5111 0 342 0
[0.32618446573904797, 9, 1, 3, 1279]:5112 0 341 0
[0.11007318336526353, 5, 1, 3, 1623]:5111 0 342 0
[0.11007318336526353, 5, 1, 3, 1623]:5111 0 341 0
[0.11007318336526353, 5, 1, 3, 1623]:5112 0 341 0
[0.32618446573904797, 9, 1, 3, 1279]:5112 0 341 0
[0.32618446573904797, 9, 1, 3, 1279]:5112 0 341 0
[0.32618446573904797, 9, 1, 3, 1279]:5111 0 342 0
[0.32618446573904797, 9, 1, 3, 1279]:5111 0 342 0
[0.11007318336526353, 5, 1, 3, 1623]:5111 0 342 0
[0.32618446573904797, 9, 1, 3, 1279]:5111 0 342 0
[0.11007318336526353, 5, 1, 3, 1623]:5112 0 341 0
[0.11007318336526353, 5, 1, 3, 1623]:5112 0 341 0
[0.32618446573904797, 9, 1, 3, 1279]:5111 0 342 0
[0.11007318336526353, 5, 1, 3, 1623]:5111 0 342 0
[0.32618446573904797, 9, 1, 3, 1279]:5112 0 341 0
[0.32618446573904797, 9, 1, 3, 1279]:5111 0 341 0
[0.11007318336526353, 5, 1, 3, 1623]:5111 0 342 0
[0.32618446573904797, 9, 1, 3, 1279]:5111 0 342 0
[0.01, 100, 4, 10, 2000]:140 4972 9 332
[0.01, 100, 4, 10, 2000]:163 4948 16 325
[0.01, 100, 4, 10, 2000]:165 4946 10 332
[0.01, 100, 4, 10, 2000]:134 4977 7 335
[0.01, 100, 4, 10, 2000]:126 4986 7 334
[0.01, 100, 4, 10, 2000]:120 4992 8 333
[0.01, 100, 4, 10, 2000]:164 4947 9 333
[0.01, 100, 4, 10, 2000]:122 4989 5 337
[0.01, 100, 4, 10, 2000]:130 4981 5 337
[0.01, 100, 4, 10, 2000]:138 4974 3 338
[0.024498626669185366, 100, 5, 10, 200]:178 4933 9 333
[0.024498626669185366, 100, 5, 10, 200]:142 4969 7 335
[0.024498626669185366, 100, 5, 10, 200]:172 4939 18 323
[0.024498626669185366, 100, 5, 10, 200]:130 4981 6 336
[0.03958577912120937, 39, 2, 10, 247]:212 4899 10 332
[0.024498626669185366, 100, 5, 10, 200]:129 4983 8 333
[0.024498626669185366, 100, 5, 10, 200]:147 4964 5 337
[0.024498626669185366, 100, 5, 10, 200]:141 4971 11 330
[0.024498626669185366, 100, 5, 10, 200]:137 4975 3 338
[0.024498626669185366, 100, 5, 10, 200]:146 4966 10 331
[0.024498626669185366, 100, 5, 10, 200]:180 4931 11 331
[0.03958577912120937, 39, 2, 10, 247]:224 4888 11 330
[0.03958577912120937, 39, 2, 10, 247]:208 4904 15 326
[0.03958577912120937, 39, 2, 10, 247]:242 4869 17 325
[0.03958577912120937, 39, 2, 10, 247]:228 4883 23 318
[0.03958577912120937, 39, 2, 10, 247]:222 4890 6 335
[0.03958577912120937, 39, 2, 10, 247]:239 4872 9 333
[0.03958577912120937, 39, 2, 10, 247]:234 4877 15 327
[0.03958577912120937, 39, 2, 10, 247]:247 4864 13 329
[0.03958577912120937, 39, 2, 10, 247]:209 4903 15 326
[0.029606599008268716, 99, 5, 3, 1772]:142 4970 9 332
[0.029606599008268716, 99, 5, 3, 1772]:160 4951 9 333
[0.029606599008268716, 99, 5, 3, 1772]:178 4933 10 332
[0.029606599008268716, 99, 5, 3, 1772]:147 4965 3 338
[0.029606599008268716, 99, 5, 3, 1772]:188 4923 13 329
[0.029606599008268716, 99, 5, 3, 1772]:172 4939 18 323
[0.029606599008268716, 99, 5, 3, 1772]:143 4968 6 336
[0.029606599008268716, 99, 5, 3, 1772]:160 4952 10 331
[0.029606599008268716, 99, 5, 3, 1772]:157 4955 13 328
[0.029606599008268716, 99, 5, 3, 1772]:157 4954 6 336
[0.014564481643525713, 9, 1, 2, 1989]:64 5047 5 336
[0.014564481643525713, 9, 1, 2, 1989]:52 5060 4 337
[0.014564481643525713, 9, 1, 2, 1989]:52 5059 2 340
[0.014564481643525713, 9, 1, 2, 1989]:56 5056 5 336
[0.014564481643525713, 9, 1, 2, 1989]:55 5057 1 340
[0.014564481643525713, 9, 1, 2, 1989]:70 5041 4 338
[0.014564481643525713, 9, 1, 2, 1989]:54 5057 1 341
[0.014564481643525713, 9, 1, 2, 1989]:70 5041 2 340
[0.014564481643525713, 9, 1, 2, 1989]:54 5058 1 340
[0.014564481643525713, 9, 1, 2, 1989]:62 5049 3 339
[0.04969242284034517, 84, 4, 4, 1560]:264 4848 21 320
[0.04969242284034517, 84, 4, 4, 1560]:305 4806 19 323
[0.04969242284034517, 84, 4, 4, 1560]:240 4872 18 323
[0.04969242284034517, 84, 4, 4, 1560]:239 4873 7 334
[0.04969242284034517, 84, 4, 4, 1560]:225 4887 11 330
[0.04969242284034517, 84, 4, 4, 1560]:232 4879 15 327
[0.04969242284034517, 84, 4, 4, 1560]:253 4858 9 333
[0.04969242284034517, 84, 4, 4, 1560]:247 4864 24 317
[0.04969242284034517, 84, 4, 4, 1560]:227 4884 10 332
[0.04969242284034517, 84, 4, 4, 1560]:259 4852 18 324
[0.04448647153493835, 100, 5, 2, 2000]:229 4882 24 317
[0.04448647153493835, 100, 5, 2, 2000]:216 4895 14 328
[0.04448647153493835, 100, 5, 2, 2000]:204 4908 14 327
[0.04448647153493835, 100, 5, 2, 2000]:210 4902 5 336
[0.04448647153493835, 100, 5, 2, 2000]:199 4913 16 325
[0.04448647153493835, 100, 5, 2, 2000]:187 4924 9 333
[0.04448647153493835, 100, 5, 2, 2000]:193 4919 11 330
[0.04448647153493835, 100, 5, 2, 2000]:221 4890 14 328
[0.04448647153493835, 100, 5, 2, 2000]:231 4880 13 329
[0.04448647153493835, 100, 5, 2, 2000]:225 4886 9 333
[0.05598272072506452, 5, 5, 2, 200]:97 5015 8 333
[0.05598272072506452, 5, 5, 2, 200]:118 4994 11 330
[0.05598272072506452, 5, 5, 2, 200]:93 5018 2 340
[0.05598272072506452, 5, 5, 2, 200]:116 4995 6 336
[0.05598272072506452, 5, 5, 2, 200]:94 5018 1 340
[0.05598272072506452, 5, 5, 2, 200]:131 4980 8 334
[0.05598272072506452, 5, 5, 2, 200]:126 4985 6 336
[0.05598272072506452, 5, 5, 2, 200]:114 4997 7 334
[0.05598272072506452, 5, 5, 2, 200]:113 4998 9 333
[0.05598272072506452, 5, 5, 2, 200]:109 5003 11 330
[0.06044073289022062, 97, 5, 2, 1348]:327 4784 23 319
[0.06044073289022062, 97, 5, 2, 1348]:315 4796 13 329
[0.06044073289022062, 97, 5, 2, 1348]:316 4795 22 320
[0.06044073289022062, 97, 5, 2, 1348]:319 4793 17 324
[0.06044073289022062, 97, 5, 2, 1348]:311 4801 11 330
[0.06044073289022062, 97, 5, 2, 1348]:322 4789 26 315
[0.06044073289022062, 97, 5, 2, 1348]:298 4813 15 327
[0.06044073289022062, 97, 5, 2, 1348]:333 4779 27 314
[0.06044073289022062, 97, 5, 2, 1348]:339 4772 23 319
[0.06044073289022062, 97, 5, 2, 1348]:300 4812 20 321
[0.03518258635489993, 100, 5, 2, 2000]:173 4939 13 328
[0.03518258635489993, 100, 5, 2, 2000]:195 4916 20 321
[0.03518258635489993, 100, 5, 2, 2000]:161 4950 8 334
[0.03518258635489993, 100, 5, 2, 2000]:177 4934 6 336
[0.03518258635489993, 100, 5, 2, 2000]:186 4925 13 329
[0.03518258635489993, 100, 5, 2, 2000]:177 4935 11 330
[0.03518258635489993, 100, 5, 2, 2000]:164 4948 3 338
[0.03518258635489993, 100, 5, 2, 2000]:197 4914 13 329
[0.03518258635489993, 100, 5, 2, 2000]:189 4922 11 331
[0.03518258635489993, 100, 5, 2, 2000]:159 4953 10 331
[0.06938890465799664, 9, 2, 8, 304]:5059 53 337 4
[0.06938890465799664, 9, 2, 8, 304]:5065 47 337 4
[0.06938890465799664, 9, 2, 8, 304]:5060 51 336 6
[0.06938890465799664, 9, 2, 8, 304]:5070 41 338 4
[0.06938890465799664, 9, 2, 8, 304]:5061 50 339 3
[0.06938890465799664, 9, 2, 8, 304]:5059 52 339 3
[0.06938890465799664, 9, 2, 8, 304]:5071 40 339 2
[0.06938890465799664, 9, 2, 8, 304]:5072 39 340 2
[0.06938890465799664, 9, 2, 8, 304]:5073 39 333 8
[0.06938890465799664, 9, 2, 8, 304]:5044 68 338 3
[0.026759793944568514, 6, 2, 2, 691]:31 5081 3 338
[0.026759793944568514, 6, 2, 2, 691]:44 5067 1 341
[0.026759793944568514, 6, 2, 2, 691]:46 5065 3 338
[0.026759793944568514, 6, 2, 2, 691]:30 5081 2 340
[0.026759793944568514, 6, 2, 2, 691]:35 5077 1 340
[0.026759793944568514, 6, 2, 2, 691]:47 5064 2 340
[0.026759793944568514, 6, 2, 2, 691]:31 5080 1 341
[0.026759793944568514, 6, 2, 2, 691]:32 5080 1 340
[0.032643832072543046, 13, 1, 9, 586]:157 4954 8 334
[0.032643832072543046, 13, 1, 9, 586]:147 4965 12 329
[0.026759793944568514, 6, 2, 2, 691]:37 5074 2 340
[0.032643832072543046, 13, 1, 9, 586]:140 4972 7 334
[0.026759793944568514, 6, 2, 2, 691]:35 5077 4 337
[0.032643832072543046, 13, 1, 9, 586]:143 4968 7 335
[0.032643832072543046, 13, 1, 9, 586]:168 4943 9 333
[0.032643832072543046, 13, 1, 9, 586]:163 4948 15 326
[0.032643832072543046, 13, 1, 9, 586]:155 4957 3 338
[0.032643832072543046, 13, 1, 9, 586]:180 4931 10 332
[0.032643832072543046, 13, 1, 9, 586]:135 4976 4 338
[0.032643832072543046, 13, 1, 9, 586]:151 4961 11 330
[0.01, 100, 2, 9, 396]:158 4954 12 329
[0.01, 100, 2, 9, 396]:189 4922 12 330
[0.01, 100, 2, 9, 396]:158 4954 11 330
[0.01, 100, 2, 9, 396]:159 4952 5 337
[0.01, 100, 2, 9, 396]:149 4962 7 335
[0.01, 100, 2, 9, 396]:186 4925 11 331
[0.01, 100, 2, 9, 396]:146 4966 8 333
[0.01, 100, 2, 9, 396]:160 4951 8 334
[0.01, 100, 2, 9, 396]:161 4951 4 337
[0.01, 100, 2, 9, 396]:183 4928 19 322
[0.01, 100, 5, 10, 2000]:140 4971 8 334
[0.01, 100, 5, 10, 2000]:117 4994 6 336
[0.01, 100, 5, 10, 2000]:104 5007 5 337
[0.01, 100, 5, 10, 2000]:147 4964 9 333
[0.01, 100, 5, 10, 2000]:106 5006 5 336
[0.01, 100, 5, 10, 2000]:122 4990 9 332
[0.01, 100, 5, 10, 2000]:109 5002 2 340
[0.03387041704964447, 100, 3, 10, 2000]:206 4905 22 319
[0.03387041704964447, 100, 3, 10, 2000]:174 4938 9 332
[0.01, 100, 5, 10, 2000]:105 5007 7 334
[0.03387041704964447, 100, 3, 10, 2000]:214 4897 14 328
[0.03387041704964447, 100, 3, 10, 2000]:202 4909 13 329
[0.01, 100, 5, 10, 2000]:134 4977 15 326
[0.03387041704964447, 100, 3, 10, 2000]:194 4917 7 335
[0.03387041704964447, 100, 3, 10, 2000]:191 4921 14 327
[0.03387041704964447, 100, 3, 10, 2000]:186 4926 13 328
[0.01, 100, 5, 10, 2000]:110 5002 3 338
[0.03387041704964447, 100, 3, 10, 2000]:215 4896 12 330
[0.03387041704964447, 100, 3, 10, 2000]:185 4927 4 337
[0.03387041704964447, 100, 3, 10, 2000]:178 4933 8 334
[0.017203003671592092, 5, 1, 10, 353]:24 5088 2 339
[0.017203003671592092, 5, 1, 10, 353]:18 5094 0 341
[0.017203003671592092, 5, 1, 10, 353]:16 5095 1 341
[0.017203003671592092, 5, 1, 10, 353]:19 5092 2 340
[0.017203003671592092, 5, 1, 10, 353]:9 5102 1 341
[0.017203003671592092, 5, 1, 10, 353]:21 5090 0 342
[0.017203003671592092, 5, 1, 10, 353]:22 5089 1 340
[0.017203003671592092, 5, 1, 10, 353]:23 5089 2 339
[0.017203003671592092, 5, 1, 10, 353]:15 5096 2 340
[0.017203003671592092, 5, 1, 10, 353]:14 5098 1 340
[0.015092290823406223, 100, 2, 2, 2000]:170 4942 5 336
[0.015092290823406223, 100, 2, 2, 2000]:184 4927 20 321
[0.015092290823406223, 100, 2, 2, 2000]:165 4947 14 327
[0.015092290823406223, 100, 2, 2, 2000]:166 4945 8 334
[0.015092290823406223, 100, 2, 2, 2000]:160 4952 12 329
[0.01, 100, 1, 2, 2000]:203 4908 12 330
[0.01, 100, 1, 2, 2000]:209 4902 13 329
[0.01, 100, 1, 2, 2000]:181 4930 10 332
[0.01, 100, 1, 2, 2000]:155 4957 8 333
[0.01, 100, 1, 2, 2000]:170 4941 7 335
[0.015092290823406223, 100, 2, 2, 2000]:148 4964 8 333
[0.015092290823406223, 100, 2, 2, 2000]:194 4917 12 330
[0.01, 100, 1, 2, 2000]:168 4944 13 328
[0.01, 100, 1, 2, 2000]:177 4934 6 336
[0.015092290823406223, 100, 2, 2, 2000]:152 4959 7 335
[0.01, 100, 1, 2, 2000]:178 4934 14 327
[0.01, 100, 1, 2, 2000]:195 4916 22 319
[0.01, 100, 1, 2, 2000]:185 4927 6 335
[0.015092290823406223, 100, 2, 2, 2000]:162 4949 5 337
[0.015092290823406223, 100, 2, 2, 2000]:188 4923 11 331
[0.03895968204502055, 100, 3, 6, 456]:181 4931 10 331
[0.03895968204502055, 100, 3, 6, 456]:224 4887 8 334
[0.03895968204502055, 100, 3, 6, 456]:239 4872 13 329
[0.03895968204502055, 100, 3, 6, 456]:209 4903 5 336
[0.03895968204502055, 100, 3, 6, 456]:200 4912 16 325
[0.03895968204502055, 100, 3, 6, 456]:188 4923 8 334
[0.03895968204502055, 100, 3, 6, 456]:220 4891 14 328
[0.03895968204502055, 100, 3, 6, 456]:219 4892 13 329
[0.03895968204502055, 100, 3, 6, 456]:204 4908 14 327
[0.03895968204502055, 100, 3, 6, 456]:229 4882 24 317
[0.019443570460090813, 5, 5, 2, 1863]:24 5088 2 339
[0.019443570460090813, 5, 5, 2, 1863]:17 5095 0 341
[0.019443570460090813, 5, 5, 2, 1863]:12 5100 1 340
[0.019443570460090813, 5, 5, 2, 1863]:18 5093 2 340
[0.019443570460090813, 5, 5, 2, 1863]:21 5090 1 340
[0.019443570460090813, 5, 5, 2, 1863]:22 5090 1 340
[0.019443570460090813, 5, 5, 2, 1863]:15 5096 2 340
[0.019443570460090813, 5, 5, 2, 1863]:18 5093 1 341
[0.019443570460090813, 5, 5, 2, 1863]:21 5090 0 342
[0.019443570460090813, 5, 5, 2, 1863]:7 5104 1 341
[0.03804577949662129, 100, 4, 10, 2000]:174 4938 10 331
[0.03804577949662129, 100, 4, 10, 2000]:184 4928 4 337
[0.03804577949662129, 100, 4, 10, 2000]:218 4893 13 329
[0.03804577949662129, 100, 4, 10, 2000]:223 4888 14 328
[0.03804577949662129, 100, 4, 10, 2000]:208 4903 13 329
[0.03804577949662129, 100, 4, 10, 2000]:196 4916 14 327
[0.03804577949662129, 100, 4, 10, 2000]:178 4933 9 333
[0.03804577949662129, 100, 4, 10, 2000]:186 4926 14 327
[0.03804577949662129, 100, 4, 10, 2000]:198 4913 7 335
[0.03804577949662129, 100, 4, 10, 2000]:205 4906 22 319
[0.22622831140132896, 5, 5, 10, 200]:5111 0 341 0
[0.22622831140132896, 5, 5, 10, 200]:5111 0 342 0
[0.22622831140132896, 5, 5, 10, 200]:5111 0 342 0
[0.22622831140132896, 5, 5, 10, 200]:5111 0 342 0
[0.22622831140132896, 5, 5, 10, 200]:5111 0 342 0
[0.22622831140132896, 5, 5, 10, 200]:5112 0 341 0
[0.22622831140132896, 5, 5, 10, 200]:5112 0 341 0
[0.22622831140132896, 5, 5, 10, 200]:5111 0 342 0
[0.22622831140132896, 5, 5, 10, 200]:5112 0 341 0
[0.22622831140132896, 5, 5, 10, 200]:5112 0 341 0
[0.0194226136189779, 100, 4, 2, 200]:176 4935 17 324
[0.0194226136189779, 100, 4, 2, 200]:151 4961 9 332
[0.0194226136189779, 100, 4, 2, 200]:182 4929 10 332
[0.0194226136189779, 100, 4, 2, 200]:162 4949 6 336
[0.0194226136189779, 100, 4, 2, 200]:152 4960 9 332
[0.0194226136189779, 100, 4, 2, 200]:180 4931 11 331
[0.0194226136189779, 100, 4, 2, 200]:147 4964 8 334
[0.0194226136189779, 100, 4, 2, 200]:132 4980 8 333
[0.0194226136189779, 100, 4, 2, 200]:148 4964 3 338
[0.0194226136189779, 100, 4, 2, 200]:142 4969 6 336
[0.21410859530089654, 86, 3, 2, 1821]:5111 0 342 0
[0.21410859530089654, 86, 3, 2, 1821]:5112 0 341 0
[0.21410859530089654, 86, 3, 2, 1821]:5112 0 341 0
[0.21410859530089654, 86, 3, 2, 1821]:5112 0 341 0
[0.21410859530089654, 86, 3, 2, 1821]:5111 0 342 0
[0.21410859530089654, 86, 3, 2, 1821]:5111 0 342 0
[0.21410859530089654, 86, 3, 2, 1821]:5111 0 342 0
[0.21410859530089654, 86, 3, 2, 1821]:5111 0 342 0
[0.21410859530089654, 86, 3, 2, 1821]:5112 0 341 0
[0.21410859530089654, 86, 3, 2, 1821]:5111 0 341 0
[0.022716787770057666, 5, 1, 2, 200]:26 5086 4 337
[0.022716787770057666, 5, 1, 2, 200]:19 5092 1 341
[0.022716787770057666, 5, 1, 2, 200]:22 5090 0 341
[0.022716787770057666, 5, 1, 2, 200]:28 5084 2 339
[0.022716787770057666, 5, 1, 2, 200]:34 5077 1 341
[0.022716787770057666, 5, 1, 2, 200]:19 5093 1 340
[0.022716787770057666, 5, 1, 2, 200]:17 5094 2 340
[0.022716787770057666, 5, 1, 2, 200]:23 5088 2 340
[0.022716787770057666, 5, 1, 2, 200]:31 5080 2 339
[0.022716787770057666, 5, 1, 2, 200]:23 5088 1 341
[0.6480165454384462, 80, 5, 5, 528]:5111 0 342 0
[0.6480165454384462, 80, 5, 5, 528]:5112 0 341 0
[0.6480165454384462, 80, 5, 5, 528]:5111 0 342 0
[0.6480165454384462, 80, 5, 5, 528]:5112 0 341 0
[0.6480165454384462, 80, 5, 5, 528]:5111 0 342 0
[0.6480165454384462, 80, 5, 5, 528]:5112 0 341 0
[0.6480165454384462, 80, 5, 5, 528]:5111 0 342 0
[0.6480165454384462, 80, 5, 5, 528]:5111 0 342 0
[0.6480165454384462, 80, 5, 5, 528]:5112 0 341 0
[0.6480165454384462, 80, 5, 5, 528]:5111 0 341 0
[0.6145342735586319, 17, 2, 9, 1811]:5112 0 341 0
[0.6145342735586319, 17, 2, 9, 1811]:5112 0 341 0
[0.6145342735586319, 17, 2, 9, 1811]:5112 0 341 0
[0.6145342735586319, 17, 2, 9, 1811]:5111 0 342 0
[0.6145342735586319, 17, 2, 9, 1811]:5111 0 341 0
[0.6145342735586319, 17, 2, 9, 1811]:5111 0 342 0
[0.6145342735586319, 17, 2, 9, 1811]:5111 0 342 0
[0.6145342735586319, 17, 2, 9, 1811]:5111 0 342 0
[0.6145342735586319, 17, 2, 9, 1811]:5111 0 342 0
[0.6145342735586319, 17, 2, 9, 1811]:5112 0 341 0
[0.012001872131061964, 100, 5, 2, 200]:109 5003 7 334
[0.012001872131061964, 100, 5, 2, 200]:110 5002 6 335
[0.012001872131061964, 100, 5, 2, 200]:141 4970 15 326
[0.012001872131061964, 100, 5, 2, 200]:148 4963 9 333
[0.012001872131061964, 100, 5, 2, 200]:117 4994 6 336
[0.012001872131061964, 100, 5, 2, 200]:150 4961 10 332
[0.012001872131061964, 100, 5, 2, 200]:114 4997 2 340
[0.012001872131061964, 100, 5, 2, 200]:137 4975 9 332
[0.012001872131061964, 100, 5, 2, 200]:108 5003 4 338
[0.012001872131061964, 100, 5, 2, 200]:111 5001 3 338
[0.013449382611445067, 94, 4, 9, 1260]:171 4940 10 332
[0.013449382611445067, 94, 4, 9, 1260]:168 4943 17 324
[0.013449382611445067, 94, 4, 9, 1260]:139 4972 7 335
[0.013449382611445067, 94, 4, 9, 1260]:131 4980 6 336
[0.013449382611445067, 94, 4, 9, 1260]:137 4975 8 333
[0.013449382611445067, 94, 4, 9, 1260]:144 4968 3 338
[0.013449382611445067, 94, 4, 9, 1260]:173 4938 9 333
[0.013449382611445067, 94, 4, 9, 1260]:139 4972 5 337
[0.013449382611445067, 94, 4, 9, 1260]:143 4969 9 332
[0.013449382611445067, 94, 4, 9, 1260]:127 4985 8 333
[0.05835061034749798, 100, 1, 10, 2000]:296 4816 21 320
[0.05835061034749798, 100, 1, 10, 2000]:332 4780 16 325
[0.05835061034749798, 100, 1, 10, 2000]:318 4793 14 328
[0.05835061034749798, 100, 1, 10, 2000]:318 4793 26 315
[0.05835061034749798, 100, 1, 10, 2000]:321 4790 23 319
[0.05835061034749798, 100, 1, 10, 2000]:315 4797 13 328
[0.05835061034749798, 100, 1, 10, 2000]:336 4776 26 315
[0.05835061034749798, 100, 1, 10, 2000]:301 4810 15 327
[0.05835061034749798, 100, 1, 10, 2000]:341 4770 21 321
[0.05835061034749798, 100, 1, 10, 2000]:337 4774 23 319
[0.04708611053691174, 21, 1, 10, 250]:238 4873 10 332
[0.04708611053691174, 21, 1, 10, 250]:304 4807 19 323
[0.04708611053691174, 21, 1, 10, 250]:265 4846 17 325
[0.04708611053691174, 21, 1, 10, 250]:236 4875 15 327
[0.04708611053691174, 21, 1, 10, 250]:224 4888 14 327
[0.04708611053691174, 21, 1, 10, 250]:232 4880 8 333
[0.04708611053691174, 21, 1, 10, 250]:242 4869 24 317
[0.04708611053691174, 21, 1, 10, 250]:226 4886 10 331
[0.04708611053691174, 21, 1, 10, 250]:233 4879 16 325
[0.04708611053691174, 21, 1, 10, 250]:253 4858 10 332
[0.99, 90, 1, 8, 1115]:5111 0 342 0
[0.99, 90, 1, 8, 1115]:5111 0 342 0
[0.010499967651789814, 76, 5, 2, 1214]:134 4977 15 326
[0.010499967651789814, 76, 5, 2, 1214]:112 5000 3 338
[0.99, 90, 1, 8, 1115]:5112 0 341 0
[0.99, 90, 1, 8, 1115]:5111 0 341 0
[0.99, 90, 1, 8, 1115]:5111 0 342 0
[0.99, 90, 1, 8, 1115]:5111 0 342 0
[0.010499967651789814, 76, 5, 2, 1214]:107 5004 1 341
[0.99, 90, 1, 8, 1115]:5111 0 342 0
[0.010499967651789814, 76, 5, 2, 1214]:151 4960 9 333
[0.010499967651789814, 76, 5, 2, 1214]:104 5008 6 335
[0.010499967651789814, 76, 5, 2, 1214]:122 4990 9 332
[0.99, 90, 1, 8, 1115]:5112 0 341 0
[0.010499967651789814, 76, 5, 2, 1214]:107 5004 5 337
[0.010499967651789814, 76, 5, 2, 1214]:107 5005 8 333
[0.99, 90, 1, 8, 1115]:5112 0 341 0
[0.010499967651789814, 76, 5, 2, 1214]:118 4993 5 337
[0.99, 90, 1, 8, 1115]:5112 0 341 0
[0.010499967651789814, 76, 5, 2, 1214]:141 4970 7 335
[0.05858634819285116, 5, 5, 2, 200]:147 4964 10 331
[0.05858634819285116, 5, 5, 2, 200]:109 5003 9 332
[0.05858634819285116, 5, 5, 2, 200]:106 5005 4 338
[0.05858634819285116, 5, 5, 2, 200]:132 4980 11 330
[0.05858634819285116, 5, 5, 2, 200]:160 4951 9 333
[0.05858634819285116, 5, 5, 2, 200]:129 4983 10 331
[0.05858634819285116, 5, 5, 2, 200]:131 4980 11 331
[0.05858634819285116, 5, 5, 2, 200]:135 4976 8 334
[0.05858634819285116, 5, 5, 2, 200]:153 4958 10 332
[0.05858634819285116, 5, 5, 2, 200]:110 5002 1 340
[0.01613486454108412, 18, 1, 3, 1946]:156 4956 13 328
[0.01613486454108412, 18, 1, 3, 1946]:184 4927 19 322
[0.01613486454108412, 18, 1, 3, 1946]:190 4921 10 332
[0.01613486454108412, 18, 1, 3, 1946]:160 4952 11 330
[0.01613486454108412, 18, 1, 3, 1946]:184 4927 9 333
[0.01613486454108412, 18, 1, 3, 1946]:172 4940 5 336
[0.01613486454108412, 18, 1, 3, 1946]:165 4946 6 336
[0.01613486454108412, 18, 1, 3, 1946]:155 4956 7 335
[0.01613486454108412, 18, 1, 3, 1946]:169 4942 8 334
[0.01613486454108412, 18, 1, 3, 1946]:152 4960 8 333
[0.018232967622216135, 81, 1, 3, 1821]:185 4927 9 332
[0.018232967622216135, 81, 1, 3, 1821]:190 4922 14 327
[0.018232967622216135, 81, 1, 3, 1821]:183 4928 7 335
[0.018232967622216135, 81, 1, 3, 1821]:191 4921 14 327
[0.018232967622216135, 81, 1, 3, 1821]:213 4898 13 329
[0.018232967622216135, 81, 1, 3, 1821]:201 4910 7 335
[0.018232967622216135, 81, 1, 3, 1821]:208 4903 12 330
[0.018232967622216135, 81, 1, 3, 1821]:222 4889 13 329
[0.018232967622216135, 81, 1, 3, 1821]:201 4910 22 319
[0.018232967622216135, 81, 1, 3, 1821]:209 4903 6 335
[0.052824909909180255, 100, 1, 2, 200]:301 4811 12 329
[0.052824909909180255, 100, 1, 2, 200]:318 4794 13 328
[0.052824909909180255, 100, 1, 2, 200]:318 4793 21 321
[0.052824909909180255, 100, 1, 2, 200]:286 4826 23 318
[0.052824909909180255, 100, 1, 2, 200]:255 4856 25 316
[0.052824909909180255, 100, 1, 2, 200]:325 4786 19 323
[0.052824909909180255, 100, 1, 2, 200]:284 4828 19 322
[0.052824909909180255, 100, 1, 2, 200]:312 4799 16 326
[0.052824909909180255, 100, 1, 2, 200]:286 4825 13 329
[0.052824909909180255, 100, 1, 2, 200]:312 4799 22 320
[0.02826089319074304, 15, 1, 10, 854]:163 4949 3 338
[0.02826089319074304, 15, 1, 10, 854]:187 4924 9 333
[0.02826089319074304, 15, 1, 10, 854]:145 4967 8 333
[0.02826089319074304, 15, 1, 10, 854]:162 4949 8 334
[0.02826089319074304, 15, 1, 10, 854]:155 4957 11 330
[0.02826089319074304, 15, 1, 10, 854]:157 4954 7 335
[0.02826089319074304, 15, 1, 10, 854]:183 4928 9 333
[0.02826089319074304, 15, 1, 10, 854]:150 4962 12 329
[0.02826089319074304, 15, 1, 10, 854]:177 4934 18 323
[0.02826089319074304, 15, 1, 10, 854]:151 4960 4 338
[0.4027056109873349, 92, 4, 9, 1111]:5112 0 341 0
[0.4027056109873349, 92, 4, 9, 1111]:5112 0 341 0
[0.4027056109873349, 92, 4, 9, 1111]:5112 0 341 0
[0.4027056109873349, 92, 4, 9, 1111]:5111 0 342 0
[0.4027056109873349, 92, 4, 9, 1111]:5112 0 341 0
[0.4027056109873349, 92, 4, 9, 1111]:5111 0 342 0
[0.4027056109873349, 92, 4, 9, 1111]:5111 0 342 0
[0.4027056109873349, 92, 4, 9, 1111]:5111 0 342 0
[0.4027056109873349, 92, 4, 9, 1111]:5111 0 342 0
[0.4027056109873349, 92, 4, 9, 1111]:5111 0 341 0
[0.04190583381792295, 97, 4, 10, 343]:207 4905 4 337
[0.04190583381792295, 97, 4, 10, 343]:185 4926 8 334
[0.04190583381792295, 97, 4, 10, 343]:208 4903 14 328
[0.04190583381792295, 97, 4, 10, 343]:221 4890 23 318
[0.04190583381792295, 97, 4, 10, 343]:224 4887 14 328
[0.04190583381792295, 97, 4, 10, 343]:201 4911 15 326
[0.04190583381792295, 97, 4, 10, 343]:232 4879 15 327
[0.04190583381792295, 97, 4, 10, 343]:220 4891 7 335
[0.04190583381792295, 97, 4, 10, 343]:204 4908 14 327
[0.04190583381792295, 97, 4, 10, 343]:188 4924 10 331
[0.09070756498267893, 94, 3, 3, 1599]:5081 31 339 2
[0.09070756498267893, 94, 3, 3, 1599]:5092 20 339 2
[0.09070756498267893, 94, 3, 3, 1599]:5089 22 339 3
[0.09070756498267893, 94, 3, 3, 1599]:5097 15 339 2
[0.09070756498267893, 94, 3, 3, 1599]:5083 29 339 2
[0.09070756498267893, 94, 3, 3, 1599]:5088 23 339 3
[0.09070756498267893, 94, 3, 3, 1599]:5082 29 340 2
[0.09070756498267893, 94, 3, 3, 1599]:5095 16 341 0
[0.09070756498267893, 94, 3, 3, 1599]:5081 30 339 3
[0.09070756498267893, 94, 3, 3, 1599]:5086 25 342 0
[0.08791181427752488, 100, 5, 2, 2000]:5092 20 339 2
[0.08791181427752488, 100, 5, 2, 2000]:5086 26 340 1
[0.08791181427752488, 100, 5, 2, 2000]:5093 18 341 0
[0.08791181427752488, 100, 5, 2, 2000]:5098 14 339 2
[0.08791181427752488, 100, 5, 2, 2000]:5084 28 339 2
[0.08791181427752488, 100, 5, 2, 2000]:5083 28 340 2
[0.08791181427752488, 100, 5, 2, 2000]:5090 21 339 3
[0.08791181427752488, 100, 5, 2, 2000]:5092 19 341 1
[0.08791181427752488, 100, 5, 2, 2000]:5096 15 342 0
[0.08791181427752488, 100, 5, 2, 2000]:5089 22 340 2
[0.012965834036480951, 5, 1, 2, 200]:14 5097 1 341
[0.012965834036480951, 5, 1, 2, 200]:19 5092 0 342
[0.012965834036480951, 5, 1, 2, 200]:14 5098 0 341
[0.012965834036480951, 5, 1, 2, 200]:17 5094 0 342
[0.012965834036480951, 5, 1, 2, 200]:17 5095 2 339
[0.012965834036480951, 5, 1, 2, 200]:19 5093 2 339
[0.012965834036480951, 5, 1, 2, 200]:18 5093 1 340
[0.012965834036480951, 5, 1, 2, 200]:7 5104 1 341
[0.012965834036480951, 5, 1, 2, 200]:16 5095 2 340
[0.012965834036480951, 5, 1, 2, 200]:11 5101 1 340
[0.025497405240583974, 5, 1, 9, 1625]:20 5092 0 341
[0.025497405240583974, 5, 1, 9, 1625]:34 5077 1 341
[0.025497405240583974, 5, 1, 9, 1625]:21 5090 1 341
[0.025497405240583974, 5, 1, 9, 1625]:23 5088 2 340
[0.025497405240583974, 5, 1, 9, 1625]:32 5079 3 338
[0.025497405240583974, 5, 1, 9, 1625]:19 5092 2 340
[0.025497405240583974, 5, 1, 9, 1625]:28 5084 3 338
[0.025497405240583974, 5, 1, 9, 1625]:20 5092 1 340
[0.025497405240583974, 5, 1, 9, 1625]:29 5083 3 338
[0.025497405240583974, 5, 1, 9, 1625]:31 5080 1 341
[0.03104628268498646, 89, 1, 10, 837]:228 4883 14 328
[0.03104628268498646, 89, 1, 10, 837]:209 4903 15 326
[0.03104628268498646, 89, 1, 10, 837]:213 4898 9 333
[0.03104628268498646, 89, 1, 10, 837]:225 4887 7 334
[0.03104628268498646, 89, 1, 10, 837]:228 4883 16 326
[0.03104628268498646, 89, 1, 10, 837]:239 4872 9 333
[0.03104628268498646, 89, 1, 10, 837]:246 4865 13 329
[0.03104628268498646, 89, 1, 10, 837]:228 4883 24 317
[0.03104628268498646, 89, 1, 10, 837]:221 4891 10 331
[0.03104628268498646, 89, 1, 10, 837]:208 4904 14 327
[0.014188744605474854, 100, 5, 10, 200]:117 4995 6 335
[0.014188744605474854, 100, 5, 10, 200]:135 4977 8 333
[0.014188744605474854, 100, 5, 10, 200]:118 4994 3 338
[0.014188744605474854, 100, 5, 10, 200]:157 4954 9 333
[0.014188744605474854, 100, 5, 10, 200]:115 4996 2 340
[0.014188744605474854, 100, 5, 10, 200]:115 4996 5 337
[0.014188744605474854, 100, 5, 10, 200]:158 4953 9 333
[0.014188744605474854, 100, 5, 10, 200]:130 4981 7 335
[0.014188744605474854, 100, 5, 10, 200]:111 5001 7 334
[0.014188744605474854, 100, 5, 10, 200]:150 4961 16 325
[0.036483823963270615, 50, 1, 7, 407]:255 4856 14 328
[0.036483823963270615, 50, 1, 7, 407]:239 4872 14 328
[0.036483823963270615, 50, 1, 7, 407]:210 4902 14 327
[0.036483823963270615, 50, 1, 7, 407]:245 4866 11 331
[0.036483823963270615, 50, 1, 7, 407]:218 4893 10 332
[0.036483823963270615, 50, 1, 7, 407]:233 4878 24 317
[0.036483823963270615, 50, 1, 7, 407]:227 4885 10 331
[0.036483823963270615, 50, 1, 7, 407]:241 4871 8 333
[0.036483823963270615, 50, 1, 7, 407]:218 4894 16 325
[0.036483823963270615, 50, 1, 7, 407]:258 4853 17 325
[0.021692635830180062, 89, 5, 9, 734]:132 4979 5 337
[0.021692635830180062, 89, 5, 9, 734]:135 4976 7 335
[0.021692635830180062, 89, 5, 9, 734]:163 4948 10 332
[0.021692635830180062, 89, 5, 9, 734]:134 4978 8 333
[0.021692635830180062, 89, 5, 9, 734]:127 4984 6 336
[0.021692635830180062, 89, 5, 9, 734]:136 4976 3 338
[0.021692635830180062, 89, 5, 9, 734]:145 4967 9 332
[0.021692635830180062, 89, 5, 9, 734]:128 4984 8 333
[0.021692635830180062, 89, 5, 9, 734]:164 4947 18 323
[0.021692635830180062, 89, 5, 9, 734]:167 4944 9 333
