[0.026834123971849515, 84, 3, 10, 555]:4565 549 283 56
[0.026834123971849515, 84, 3, 10, 555]:4531 583 283 56
[0.3731827041616468, 37, 2, 9, 992]:5081 33 335 4
[0.3731827041616468, 37, 2, 9, 992]:5083 31 334 5
[0.026834123971849515, 84, 3, 10, 555]:4558 556 275 64
[0.026834123971849515, 84, 3, 10, 555]:4588 527 289 49
[0.026834123971849515, 84, 3, 10, 555]:4536 578 274 65
[0.013286474048671204, 12, 2, 8, 1015]:1331 3783 66 273
[0.013286474048671204, 12, 2, 8, 1015]:1413 3701 77 262
[0.013286474048671204, 12, 2, 8, 1015]:1345 3770 67 271
[0.026834123971849515, 84, 3, 10, 555]:4571 543 286 53
[0.013286474048671204, 12, 2, 8, 1015]:1378 3736 66 272
[0.3731827041616468, 37, 2, 9, 992]:5085 30 335 3
[0.013286474048671204, 12, 2, 8, 1015]:1331 3783 76 263
[0.013286474048671204, 12, 2, 8, 1015]:1248 3866 54 285
[0.013286474048671204, 12, 2, 8, 1015]:1361 3754 70 268
[0.3731827041616468, 37, 2, 9, 992]:5077 37 337 2
[0.3731827041616468, 37, 2, 9, 992]:5075 39 334 5
[0.3731827041616468, 37, 2, 9, 992]:5084 30 337 2
[0.3731827041616468, 37, 2, 9, 992]:5084 30 333 6
[0.3731827041616468, 37, 2, 9, 992]:5075 40 333 5
[0.026834123971849515, 84, 3, 10, 555]:4546 568 288 50
[0.3731827041616468, 37, 2, 9, 992]:5074 40 330 8
[0.013286474048671204, 12, 2, 8, 1015]:1391 3723 66 273
[0.026834123971849515, 84, 3, 10, 555]:4594 521 286 52
[0.3731827041616468, 37, 2, 9, 992]:5078 36 336 3
[0.026834123971849515, 84, 3, 10, 555]:4524 590 291 48
[0.013286474048671204, 12, 2, 8, 1015]:1422 3692 66 273
[0.026834123971849515, 84, 3, 10, 555]:4575 539 296 43
[0.013286474048671204, 12, 2, 8, 1015]:1347 3767 75 264
[0.04566463236196597, 76, 3, 6, 331]:4716 398 302 37
[0.04566463236196597, 76, 3, 6, 331]:4687 427 298 41
[0.04566463236196597, 76, 3, 6, 331]:4731 383 307 32
[0.04566463236196597, 76, 3, 6, 331]:4734 381 297 41
[0.04566463236196597, 76, 3, 6, 331]:4686 428 289 50
[0.04566463236196597, 76, 3, 6, 331]:4739 376 301 37
[0.04566463236196597, 76, 3, 6, 331]:4696 418 293 46
[0.04566463236196597, 76, 3, 6, 331]:4687 427 295 43
[0.04566463236196597, 76, 3, 6, 331]:4714 400 300 39
[0.04566463236196597, 76, 3, 6, 331]:4697 417 308 31
[0.10267776106300358, 15, 5, 5, 705]:4906 208 318 21
[0.10267776106300358, 15, 5, 5, 705]:4904 210 307 32
[0.10267776106300358, 15, 5, 5, 705]:4871 243 310 29
[0.10267776106300358, 15, 5, 5, 705]:4919 195 318 21
[0.10267776106300358, 15, 5, 5, 705]:4907 207 306 33
[0.10267776106300358, 15, 5, 5, 705]:4892 222 306 32
[0.10267776106300358, 15, 5, 5, 705]:4917 198 309 29
[0.10267776106300358, 15, 5, 5, 705]:4888 226 300 39
[0.10267776106300358, 15, 5, 5, 705]:4879 236 312 26
[0.10267776106300358, 15, 5, 5, 705]:4907 207 303 36
[0.44051903930634406, 82, 5, 5, 1667]:5113 2 338 0
[0.44051903930634406, 82, 5, 5, 1667]:5111 3 339 0
[0.44051903930634406, 82, 5, 5, 1667]:5111 3 338 1
[0.44051903930634406, 82, 5, 5, 1667]:5112 2 339 0
[0.44051903930634406, 82, 5, 5, 1667]:5111 3 339 0
[0.44051903930634406, 82, 5, 5, 1667]:5113 1 339 0
[0.44051903930634406, 82, 5, 5, 1667]:5111 3 336 2
[0.44051903930634406, 82, 5, 5, 1667]:5115 0 338 0
[0.44051903930634406, 82, 5, 5, 1667]:5113 1 337 2
[0.44051903930634406, 82, 5, 5, 1667]:5112 2 338 1
[0.6577657728090087, 9, 1, 3, 1148]:5114 0 338 0
[0.6577657728090087, 9, 1, 3, 1148]:5114 0 339 0
[0.6577657728090087, 9, 1, 3, 1148]:5115 0 338 0
[0.6577657728090087, 9, 1, 3, 1148]:5115 0 338 0
[0.6577657728090087, 9, 1, 3, 1148]:5114 0 339 0
[0.6577657728090087, 9, 1, 3, 1148]:5113 1 339 0
[0.6577657728090087, 9, 1, 3, 1148]:5113 1 339 0
[0.6577657728090087, 9, 1, 3, 1148]:5114 0 339 0
[0.6577657728090087, 9, 1, 3, 1148]:5114 0 339 0
[0.6577657728090087, 9, 1, 3, 1148]:5114 0 339 0
[0.11457159394834963, 71, 3, 6, 945]:4883 231 319 20
[0.11457159394834963, 71, 3, 6, 945]:4887 227 319 20
[0.11457159394834963, 71, 3, 6, 945]:4888 226 318 20
[0.11457159394834963, 71, 3, 6, 945]:4907 207 320 19
[0.11457159394834963, 71, 3, 6, 945]:4895 219 314 25
[0.11457159394834963, 71, 3, 6, 945]:4914 201 316 22
[0.11457159394834963, 71, 3, 6, 945]:4898 217 314 24
[0.11457159394834963, 71, 3, 6, 945]:4893 221 312 27
[0.11457159394834963, 71, 3, 6, 945]:4902 212 324 15
[0.11457159394834963, 71, 3, 6, 945]:4885 229 313 26
[0.010725587422633335, 42, 5, 5, 1507]:4278 836 262 77
[0.010725587422633335, 42, 5, 5, 1507]:4270 844 251 88
[0.010725587422633335, 42, 5, 5, 1507]:4320 795 266 72
[0.010725587422633335, 42, 5, 5, 1507]:4267 847 274 65
[0.010725587422633335, 42, 5, 5, 1507]:4232 882 264 75
[0.010725587422633335, 42, 5, 5, 1507]:4333 782 268 70
[0.010725587422633335, 42, 5, 5, 1507]:4244 870 236 103
[0.010725587422633335, 42, 5, 5, 1507]:4239 875 264 74
[0.010725587422633335, 42, 5, 5, 1507]:4321 793 275 64
[0.010725587422633335, 42, 5, 5, 1507]:4286 828 262 77
[0.01, 100, 1, 2, 200]:4849 265 313 25
[0.01, 100, 1, 2, 200]:4854 260 318 21
[0.01, 100, 1, 2, 200]:4862 252 318 21
[0.01, 100, 1, 2, 200]:4866 248 326 13
[0.01, 100, 1, 2, 200]:4881 234 314 24
[0.01, 100, 1, 2, 200]:4886 229 316 22
[0.01, 100, 1, 2, 200]:4843 271 311 28
[0.01, 100, 1, 2, 200]:4850 264 318 21
[0.01, 100, 1, 2, 200]:4846 268 311 28
[0.01, 100, 1, 2, 200]:4866 248 314 25
[0.02897176738704709, 5, 5, 10, 2000]:566 4548 19 319
[0.02897176738704709, 5, 5, 10, 2000]:418 4697 9 329
[0.02897176738704709, 5, 5, 10, 2000]:367 4747 5 334
[0.02897176738704709, 5, 5, 10, 2000]:453 4661 16 323
[0.02897176738704709, 5, 5, 10, 2000]:465 4650 15 323
[0.02897176738704709, 5, 5, 10, 2000]:443 4671 10 329
[0.02897176738704709, 5, 5, 10, 2000]:445 4669 10 329
[0.02897176738704709, 5, 5, 10, 2000]:477 4637 12 327
[0.02897176738704709, 5, 5, 10, 2000]:501 4613 12 327
[0.02897176738704709, 5, 5, 10, 2000]:437 4677 11 328
[0.018507645913768824, 53, 3, 7, 1822]:4611 503 289 50
[0.018507645913768824, 53, 3, 7, 1822]:4572 542 284 55
[0.018507645913768824, 53, 3, 7, 1822]:4576 538 297 42
[0.018507645913768824, 53, 3, 7, 1822]:4625 489 299 40
[0.018507645913768824, 53, 3, 7, 1822]:4584 530 281 58
[0.018507645913768824, 53, 3, 7, 1822]:4646 469 290 48
[0.018507645913768824, 53, 3, 7, 1822]:4635 480 293 45
[0.018507645913768824, 53, 3, 7, 1822]:4593 521 292 46
[0.018507645913768824, 53, 3, 7, 1822]:4617 497 289 50
[0.018507645913768824, 53, 3, 7, 1822]:4594 520 286 53
[0.013441755295096522, 5, 5, 10, 200]:6 5109 2 336
[0.013441755295096522, 5, 5, 10, 200]:2 5113 0 338
[0.013441755295096522, 5, 5, 10, 200]:3 5111 0 339
[0.013441755295096522, 5, 5, 10, 200]:0 5114 0 339
[0.013441755295096522, 5, 5, 10, 200]:2 5112 0 339
[0.013441755295096522, 5, 5, 10, 200]:0 5114 0 339
[0.013441755295096522, 5, 5, 10, 200]:0 5114 0 339
[0.013441755295096522, 5, 5, 10, 200]:0 5114 0 339
[0.013441755295096522, 5, 5, 10, 200]:1 5113 0 339
[0.013441755295096522, 5, 5, 10, 200]:1 5113 0 338
[0.01, 5, 5, 4, 200]:1 5113 0 339
[0.01, 5, 5, 4, 200]:1 5113 0 338
[0.01, 5, 5, 4, 200]:3 5111 0 339
[0.01, 5, 5, 4, 200]:6 5109 2 336
[0.01, 5, 5, 4, 200]:0 5114 0 339
[0.01, 5, 5, 4, 200]:0 5114 0 339
[0.01, 5, 5, 4, 200]:0 5115 0 338
[0.01, 5, 5, 4, 200]:1 5113 0 339
[0.01, 5, 5, 4, 200]:0 5114 0 339
[0.01, 5, 5, 4, 200]:1 5113 0 339
[0.022098273336824632, 5, 5, 10, 1003]:35 5080 1 337
[0.022098273336824632, 5, 5, 10, 1003]:9 5105 0 339
[0.022098273336824632, 5, 5, 10, 1003]:19 5096 3 335
[0.022098273336824632, 5, 5, 10, 1003]:42 5072 2 337
[0.022098273336824632, 5, 5, 10, 1003]:13 5101 0 339
[0.022098273336824632, 5, 5, 10, 1003]:26 5088 0 339
[0.022098273336824632, 5, 5, 10, 1003]:26 5088 2 337
[0.022098273336824632, 5, 5, 10, 1003]:20 5094 0 339
[0.022098273336824632, 5, 5, 10, 1003]:54 5060 2 336
[0.022098273336824632, 5, 5, 10, 1003]:6 5108 0 339
[0.03922890011285532, 5, 1, 2, 200]:1344 3770 41 298
[0.03922890011285532, 5, 1, 2, 200]:1351 3763 32 307
[0.03922890011285532, 5, 1, 2, 200]:1339 3775 42 297
[0.03922890011285532, 5, 1, 2, 200]:1447 3667 44 295
[0.03922890011285532, 5, 1, 2, 200]:1343 3772 36 302
[0.03922890011285532, 5, 1, 2, 200]:1399 3715 41 298
[0.03922890011285532, 5, 1, 2, 200]:1364 3750 48 291
[0.03922890011285532, 5, 1, 2, 200]:1338 3777 40 298
[0.03922890011285532, 5, 1, 2, 200]:1404 3710 39 300
[0.03922890011285532, 5, 1, 2, 200]:1312 3802 49 289
[0.04051141976158166, 5, 1, 2, 2000]:1447 3667 47 292
[0.04051141976158166, 5, 1, 2, 2000]:1398 3716 49 290
[0.04051141976158166, 5, 1, 2, 2000]:1441 3673 43 296
[0.04051141976158166, 5, 1, 2, 2000]:1378 3736 43 296
[0.04051141976158166, 5, 1, 2, 2000]:1420 3695 40 298
[0.04051141976158166, 5, 1, 2, 2000]:1383 3731 37 302
[0.04051141976158166, 5, 1, 2, 2000]:1362 3752 44 295
[0.04051141976158166, 5, 1, 2, 2000]:1453 3661 44 295
[0.04051141976158166, 5, 1, 2, 2000]:1376 3738 50 288
[0.04051141976158166, 5, 1, 2, 2000]:1375 3740 36 302
[0.01, 26, 5, 10, 2000]:4301 813 274 65
[0.01, 26, 5, 10, 2000]:4233 881 265 74
[0.01, 26, 5, 10, 2000]:4230 884 262 76
[0.01, 26, 5, 10, 2000]:4227 887 261 78
[0.01, 26, 5, 10, 2000]:4246 868 249 90
[0.01, 26, 5, 10, 2000]:4215 899 232 107
[0.01, 26, 5, 10, 2000]:4282 833 262 76
[0.01, 26, 5, 10, 2000]:4256 858 259 80
[0.01, 26, 5, 10, 2000]:4271 843 259 80
[0.01, 26, 5, 10, 2000]:4296 819 265 73
[0.05518085106374591, 5, 1, 10, 200]:2814 2300 126 213
[0.05518085106374591, 5, 1, 10, 200]:2727 2387 120 219
[0.05518085106374591, 5, 1, 10, 200]:2573 2541 98 241
[0.05518085106374591, 5, 1, 10, 200]:2827 2287 119 220
[0.05518085106374591, 5, 1, 10, 200]:2733 2382 111 227
[0.05518085106374591, 5, 1, 10, 200]:2751 2363 111 228
[0.05518085106374591, 5, 1, 10, 200]:2696 2418 123 216
[0.05518085106374591, 5, 1, 10, 200]:2571 2543 102 237
[0.05518085106374591, 5, 1, 10, 200]:2679 2435 125 213
[0.05518085106374591, 5, 1, 10, 200]:2762 2353 116 222
[0.047361145177834955, 21, 1, 10, 200]:4713 401 291 48
[0.047361145177834955, 21, 1, 10, 200]:4744 371 299 39
[0.047361145177834955, 21, 1, 10, 200]:4705 409 304 35
[0.047361145177834955, 21, 1, 10, 200]:4734 381 297 41
[0.047361145177834955, 21, 1, 10, 200]:4734 380 301 38
[0.047361145177834955, 21, 1, 10, 200]:4703 411 292 47
[0.047361145177834955, 21, 1, 10, 200]:4713 401 299 40
[0.047361145177834955, 21, 1, 10, 200]:4717 397 307 32
[0.047361145177834955, 21, 1, 10, 200]:4704 410 300 39
[0.047361145177834955, 21, 1, 10, 200]:4723 391 299 39
[0.0472984345815386, 12, 1, 2, 200]:3708 1407 208 130
[0.0472984345815386, 12, 1, 2, 200]:3699 1416 223 115
[0.0472984345815386, 12, 1, 2, 200]:3725 1389 224 115
[0.0472984345815386, 12, 1, 2, 200]:3755 1359 229 110
[0.0472984345815386, 12, 1, 2, 200]:3639 1475 205 134
[0.0472984345815386, 12, 1, 2, 200]:3700 1414 223 116
[0.0472984345815386, 12, 1, 2, 200]:3572 1542 214 124
[0.0472984345815386, 12, 1, 2, 200]:3732 1382 219 120
[0.0472984345815386, 12, 1, 2, 200]:3702 1412 224 115
[0.0472984345815386, 12, 1, 2, 200]:3680 1434 194 145
[0.07255565262172864, 5, 5, 2, 200]:3739 1376 169 169
[0.07255565262172864, 5, 5, 2, 200]:3783 1331 194 145
[0.07255565262172864, 5, 5, 2, 200]:3816 1298 172 167
[0.07255565262172864, 5, 5, 2, 200]:3777 1337 193 146
[0.07255565262172864, 5, 5, 2, 200]:3787 1328 191 147
[0.07255565262172864, 5, 5, 2, 200]:3811 1303 188 151
[0.07255565262172864, 5, 5, 2, 200]:3754 1360 192 146
[0.07255565262172864, 5, 5, 2, 200]:3815 1299 195 144
[0.07255565262172864, 5, 5, 2, 200]:3805 1309 182 157
[0.07255565262172864, 5, 5, 2, 200]:3948 1166 198 141
[0.08723126790148159, 100, 5, 5, 200]:4760 354 304 34
[0.08723126790148159, 100, 5, 5, 200]:4750 364 300 39
[0.08723126790148159, 100, 5, 5, 200]:4764 350 303 36
[0.08723126790148159, 100, 5, 5, 200]:4765 349 294 45
[0.08723126790148159, 100, 5, 5, 200]:4758 356 288 51
[0.08723126790148159, 100, 5, 5, 200]:4753 361 307 32
[0.05812620007931304, 100, 2, 8, 200]:4764 350 298 41
[0.05812620007931304, 100, 2, 8, 200]:4759 355 307 32
[0.05812620007931304, 100, 2, 8, 200]:4790 325 300 38
[0.08723126790148159, 100, 5, 5, 200]:4775 340 299 39
[0.08723126790148159, 100, 5, 5, 200]:4776 338 295 44
[0.08723126790148159, 100, 5, 5, 200]:4751 364 297 41
[0.05812620007931304, 100, 2, 8, 200]:4737 377 293 46
[0.05812620007931304, 100, 2, 8, 200]:4774 340 305 34
[0.08723126790148159, 100, 5, 5, 200]:4784 330 308 31
[0.05812620007931304, 100, 2, 8, 200]:4720 394 301 38
[0.05812620007931304, 100, 2, 8, 200]:4745 369 312 27
[0.05812620007931304, 100, 2, 8, 200]:4777 338 305 33
[0.05812620007931304, 100, 2, 8, 200]:4754 360 304 34
[0.05812620007931304, 100, 2, 8, 200]:4758 356 305 34
[0.01, 69, 4, 9, 633]:4404 710 261 78
[0.01, 69, 4, 9, 633]:4375 739 275 63
[0.01, 69, 4, 9, 633]:4444 671 275 63
[0.01, 69, 4, 9, 633]:4372 742 281 58
[0.01, 69, 4, 9, 633]:4449 665 279 60
[0.01, 69, 4, 9, 633]:4415 699 272 67
[0.01, 69, 4, 9, 633]:4428 686 273 66
[0.01, 69, 4, 9, 633]:4459 656 279 59
[0.01, 69, 4, 9, 633]:4377 737 271 68
[0.01, 69, 4, 9, 633]:4380 734 257 82
[0.01, 76, 5, 2, 2000]:4314 800 272 67
[0.01, 76, 5, 2, 2000]:4260 854 269 70
[0.01, 76, 5, 2, 2000]:4266 848 253 86
[0.01, 76, 5, 2, 2000]:4275 839 261 78
[0.01, 73, 1, 10, 2000]:4649 465 285 54
[0.01, 76, 5, 2, 2000]:4321 794 266 72
[0.01, 73, 1, 10, 2000]:4676 439 293 45
[0.01, 76, 5, 2, 2000]:4243 871 264 75
[0.01, 73, 1, 10, 2000]:4670 444 301 38
[0.01, 76, 5, 2, 2000]:4244 870 263 75
[0.01, 76, 5, 2, 2000]:4306 809 267 71
[0.01, 73, 1, 10, 2000]:4696 418 297 42
[0.01, 73, 1, 10, 2000]:4655 459 285 54
[0.01, 76, 5, 2, 2000]:4277 837 263 76
[0.01, 76, 5, 2, 2000]:4245 869 237 102
[0.01, 73, 1, 10, 2000]:4706 409 293 45
[0.01, 73, 1, 10, 2000]:4674 440 298 41
[0.01, 73, 1, 10, 2000]:4663 451 294 44
[0.01, 73, 1, 10, 2000]:4676 438 291 48
[0.01, 73, 1, 10, 2000]:4646 468 295 44
[0.11963340525531159, 5, 5, 2, 200]:4977 138 304 34
[0.11963340525531159, 5, 5, 2, 200]:4948 167 301 37
[0.11963340525531159, 5, 5, 2, 200]:4951 163 301 38
[0.11963340525531159, 5, 5, 2, 200]:4958 156 299 40
[0.11963340525531159, 5, 5, 2, 200]:4952 162 304 35
[0.11963340525531159, 5, 5, 2, 200]:4958 156 308 31
[0.11963340525531159, 5, 5, 2, 200]:4951 163 303 36
[0.11963340525531159, 5, 5, 2, 200]:4959 155 312 27
[0.11963340525531159, 5, 5, 2, 200]:4977 137 310 29
[0.11963340525531159, 5, 5, 2, 200]:4954 160 305 33
[0.09389687202996232, 5, 5, 10, 200]:4808 307 281 57
[0.09389687202996232, 5, 5, 10, 200]:4784 330 283 56
[0.09389687202996232, 5, 5, 10, 200]:4775 340 283 55
[0.09389687202996232, 5, 5, 10, 200]:4776 338 270 69
[0.09389687202996232, 5, 5, 10, 200]:4796 318 285 54
[0.09389687202996232, 5, 5, 10, 200]:4802 312 284 55
[0.09389687202996232, 5, 5, 10, 200]:4790 324 279 60
[0.09389687202996232, 5, 5, 10, 200]:4748 366 275 64
[0.09389687202996232, 5, 5, 10, 200]:4826 288 290 49
[0.09389687202996232, 5, 5, 10, 200]:4774 340 282 56
[0.99, 100, 3, 5, 328]:5115 0 338 0
[0.99, 100, 3, 5, 328]:5115 0 338 0
[0.99, 100, 3, 5, 328]:5114 0 339 0
[0.99, 100, 3, 5, 328]:5114 0 339 0
[0.99, 100, 3, 5, 328]:5114 0 339 0
[0.99, 100, 3, 5, 328]:5114 0 339 0
[0.99, 100, 3, 5, 328]:5114 0 338 0
[0.99, 100, 3, 5, 328]:5114 0 339 0
[0.99, 100, 3, 5, 328]:5114 0 339 0
[0.99, 100, 3, 5, 328]:5114 0 339 0
[0.99, 53, 5, 9, 200]:5115 0 338 0
[0.99, 53, 5, 9, 200]:5114 0 339 0
[0.99, 53, 5, 9, 200]:5115 0 338 0
[0.99, 53, 5, 9, 200]:5114 0 339 0
[0.99, 53, 5, 9, 200]:5114 0 339 0
[0.99, 53, 5, 9, 200]:5114 0 339 0
[0.99, 53, 5, 9, 200]:5114 0 339 0
[0.99, 53, 5, 9, 200]:5114 0 339 0
[0.99, 53, 5, 9, 200]:5114 0 338 0
[0.99, 53, 5, 9, 200]:5114 0 339 0
[0.9884864560993016, 47, 3, 2, 952]:5115 0 338 0
[0.9884864560993016, 47, 3, 2, 952]:5114 0 339 0
[0.9884864560993016, 47, 3, 2, 952]:5114 0 339 0
[0.9884864560993016, 47, 3, 2, 952]:5115 0 338 0
[0.9884864560993016, 47, 3, 2, 952]:5114 0 339 0
[0.9884864560993016, 47, 3, 2, 952]:5114 0 339 0
[0.9884864560993016, 47, 3, 2, 952]:5114 0 338 0
[0.9884864560993016, 47, 3, 2, 952]:5114 0 339 0
[0.9884864560993016, 47, 3, 2, 952]:5114 0 339 0
[0.9884864560993016, 47, 3, 2, 952]:5114 0 339 0
[0.99, 55, 1, 6, 1543]:5063 51 337 2
[0.99, 55, 1, 6, 1543]:5056 58 332 6
[0.99, 55, 1, 6, 1543]:5061 53 337 2
[0.99, 55, 1, 6, 1543]:5056 58 335 4
[0.99, 55, 1, 6, 1543]:5041 73 334 5
[0.99, 55, 1, 6, 1543]:5065 49 332 7
[0.99, 55, 1, 6, 1543]:5055 59 331 8
[0.99, 55, 1, 6, 1543]:5073 42 336 2
[0.99, 55, 1, 6, 1543]:5068 46 337 2
[0.99, 55, 1, 6, 1543]:5072 43 336 2
[0.19262840475792922, 5, 1, 4, 200]:5087 27 329 10
[0.19262840475792922, 5, 1, 4, 200]:5081 33 331 7
[0.19262840475792922, 5, 1, 4, 200]:5096 19 328 10
[0.19262840475792922, 5, 1, 4, 200]:5084 30 329 10
[0.19262840475792922, 5, 1, 4, 200]:5083 31 328 11
[0.19262840475792922, 5, 1, 4, 200]:5085 29 334 5
[0.19262840475792922, 5, 1, 4, 200]:5077 38 329 9
[0.19262840475792922, 5, 1, 4, 200]:5082 32 331 8
[0.19262840475792922, 5, 1, 4, 200]:5088 26 330 9
[0.19262840475792922, 5, 1, 4, 200]:5068 46 330 9
[0.18425175773055177, 100, 5, 3, 200]:5011 104 325 13
[0.18425175773055177, 100, 5, 3, 200]:5003 111 321 18
[0.18425175773055177, 100, 5, 3, 200]:5011 103 322 17
[0.18425175773055177, 100, 5, 3, 200]:4988 126 330 9
[0.18425175773055177, 100, 5, 3, 200]:5018 96 323 16
[0.18425175773055177, 100, 5, 3, 200]:4999 116 325 13
[0.18425175773055177, 100, 5, 3, 200]:5013 101 321 18
[0.18425175773055177, 100, 5, 3, 200]:4993 121 331 8
[0.18425175773055177, 100, 5, 3, 200]:5001 113 325 14
[0.18425175773055177, 100, 5, 3, 200]:4990 124 321 17
[0.17268038865686092, 100, 1, 10, 1309]:4959 155 325 14
[0.17268038865686092, 100, 1, 10, 1309]:4968 146 323 16
[0.17268038865686092, 100, 1, 10, 1309]:4950 164 320 19
[0.17268038865686092, 100, 1, 10, 1309]:4961 153 324 15
[0.17268038865686092, 100, 1, 10, 1309]:4974 141 322 16
[0.17268038865686092, 100, 1, 10, 1309]:4962 152 319 19
[0.17268038865686092, 100, 1, 10, 1309]:4947 167 328 11
[0.17268038865686092, 100, 1, 10, 1309]:4957 157 324 15
[0.17268038865686092, 100, 1, 10, 1309]:4960 154 325 14
[0.17268038865686092, 100, 1, 10, 1309]:4983 132 326 12
[0.0676075865194842, 5, 5, 10, 200]:3588 1527 156 182
[0.0676075865194842, 5, 5, 10, 200]:3606 1508 156 183
[0.0676075865194842, 5, 5, 10, 200]:3614 1500 182 157
[0.0676075865194842, 5, 5, 10, 200]:3682 1432 181 158
[0.0676075865194842, 5, 5, 10, 200]:3633 1481 174 165
[0.0676075865194842, 5, 5, 10, 200]:3615 1500 183 155
[0.0676075865194842, 5, 5, 10, 200]:3638 1476 166 173
[0.0676075865194842, 5, 5, 10, 200]:3606 1508 162 177
[0.0676075865194842, 5, 5, 10, 200]:3572 1542 180 159
[0.0676075865194842, 5, 5, 10, 200]:3602 1512 185 153
[0.05696409581595699, 5, 5, 7, 1844]:3045 2070 127 211
[0.05696409581595699, 5, 5, 7, 1844]:3140 1975 141 197
[0.05696409581595699, 5, 5, 7, 1844]:2826 2288 114 225
[0.05696409581595699, 5, 5, 7, 1844]:2974 2140 137 202
[0.05696409581595699, 5, 5, 7, 1844]:3070 2044 127 212
[0.05696409581595699, 5, 5, 7, 1844]:2957 2157 128 211
[0.05696409581595699, 5, 5, 7, 1844]:2919 2195 113 226
[0.05696409581595699, 5, 5, 7, 1844]:3087 2027 144 195
[0.06813257326245413, 5, 5, 10, 2000]:3681 1433 168 171
[0.05696409581595699, 5, 5, 7, 1844]:3074 2040 137 202
[0.05696409581595699, 5, 5, 7, 1844]:2943 2171 137 201
[0.06813257326245413, 5, 5, 10, 2000]:3689 1425 182 157
[0.06813257326245413, 5, 5, 10, 2000]:3593 1522 158 180
[0.06813257326245413, 5, 5, 10, 2000]:3617 1497 185 153
[0.06813257326245413, 5, 5, 10, 2000]:3664 1450 175 164
[0.06813257326245413, 5, 5, 10, 2000]:3667 1447 165 174
[0.06813257326245413, 5, 5, 10, 2000]:3656 1458 159 180
[0.06813257326245413, 5, 5, 10, 2000]:3620 1494 183 156
[0.06813257326245413, 5, 5, 10, 2000]:3641 1474 184 154
[0.06813257326245413, 5, 5, 10, 2000]:3645 1469 184 155
[0.07610958286396233, 5, 5, 10, 200]:3923 1191 205 134
[0.07610958286396233, 5, 5, 10, 200]:3925 1189 204 135
[0.07610958286396233, 5, 5, 10, 200]:3977 1137 210 129
[0.07610958286396233, 5, 5, 10, 200]:3932 1182 185 154
[0.07610958286396233, 5, 5, 10, 200]:4003 1111 196 143
[0.07610958286396233, 5, 5, 10, 200]:3878 1236 203 136
[0.07610958286396233, 5, 5, 10, 200]:3915 1200 186 152
[0.07610958286396233, 5, 5, 10, 200]:3934 1181 202 136
[0.07610958286396233, 5, 5, 10, 200]:3902 1212 206 132
[0.07610958286396233, 5, 5, 10, 200]:4009 1105 207 132
[0.07654606283736008, 5, 5, 2, 2000]:3900 1214 204 134
[0.07654606283736008, 5, 5, 2, 2000]:3969 1145 187 152
[0.07654606283736008, 5, 5, 2, 2000]:3945 1170 188 150
[0.07654606283736008, 5, 5, 2, 2000]:3990 1124 209 130
[0.07654606283736008, 5, 5, 2, 2000]:4031 1083 210 129
[0.07654606283736008, 5, 5, 2, 2000]:4013 1101 194 145
[0.07654606283736008, 5, 5, 2, 2000]:3914 1200 203 136
[0.07654606283736008, 5, 5, 2, 2000]:3922 1192 201 138
[0.07654606283736008, 5, 5, 2, 2000]:3945 1170 207 131
[0.07654606283736008, 5, 5, 2, 2000]:3942 1172 207 132
[0.019788642821010612, 28, 5, 2, 1449]:4360 754 267 72
[0.019788642821010612, 28, 5, 2, 1449]:4313 801 277 62
[0.019788642821010612, 28, 5, 2, 1449]:4354 760 267 72
[0.019788642821010612, 28, 5, 2, 1449]:4312 802 271 67
[0.019788642821010612, 28, 5, 2, 1449]:4335 779 257 82
[0.019788642821010612, 28, 5, 2, 1449]:4320 794 266 73
[0.019788642821010612, 28, 5, 2, 1449]:4392 723 271 67
[0.019788642821010612, 28, 5, 2, 1449]:4397 717 280 59
[0.019788642821010612, 28, 5, 2, 1449]:4394 721 272 66
[0.019788642821010612, 28, 5, 2, 1449]:4321 793 243 96
[0.026205654703838274, 100, 5, 3, 438]:4372 742 274 64
[0.026205654703838274, 100, 5, 3, 438]:4438 677 274 64
[0.026205654703838274, 100, 5, 3, 438]:4454 661 273 65
[0.026205654703838274, 100, 5, 3, 438]:4392 722 246 93
[0.026205654703838274, 100, 5, 3, 438]:4432 682 282 57
[0.026205654703838274, 100, 5, 3, 438]:4397 717 262 77
[0.026205654703838274, 100, 5, 3, 438]:4412 702 267 72
[0.026205654703838274, 100, 5, 3, 438]:4379 735 271 68
[0.026205654703838274, 100, 5, 3, 438]:4366 748 278 61
[0.026205654703838274, 100, 5, 3, 438]:4417 697 273 66
[0.08247915689297007, 5, 1, 2, 2000]:4199 915 232 107
[0.08247915689297007, 5, 1, 2, 2000]:4239 875 215 124
[0.08247915689297007, 5, 1, 2, 2000]:4236 878 223 116
[0.08247915689297007, 5, 1, 2, 2000]:4244 870 234 105
[0.08247915689297007, 5, 1, 2, 2000]:4135 979 225 114
[0.08247915689297007, 5, 1, 2, 2000]:4269 846 219 119
[0.08247915689297007, 5, 1, 2, 2000]:4176 938 219 120
[0.08247915689297007, 5, 1, 2, 2000]:4176 939 221 117
[0.08247915689297007, 5, 1, 2, 2000]:4179 935 228 110
[0.08247915689297007, 5, 1, 2, 2000]:4257 857 224 115
[0.020483948246939915, 100, 5, 9, 2000]:4332 782 243 96
[0.020483948246939915, 100, 5, 9, 2000]:4323 791 267 71
[0.020483948246939915, 100, 5, 9, 2000]:4402 712 279 60
[0.020483948246939915, 100, 5, 9, 2000]:4313 801 279 60
[0.020483948246939915, 100, 5, 9, 2000]:4365 749 267 72
[0.020483948246939915, 100, 5, 9, 2000]:4403 712 270 68
[0.020483948246939915, 100, 5, 9, 2000]:4395 720 271 67
[0.020483948246939915, 100, 5, 9, 2000]:4359 755 265 74
[0.020483948246939915, 100, 5, 9, 2000]:4342 772 257 82
[0.020483948246939915, 100, 5, 9, 2000]:4328 786 269 70
[0.07610278661391874, 5, 3, 2, 2000]:3905 1210 184 154
[0.07610278661391874, 5, 3, 2, 2000]:3944 1170 206 133
[0.07610278661391874, 5, 3, 2, 2000]:3898 1216 202 137
[0.07610278661391874, 5, 3, 2, 2000]:3952 1162 187 152
[0.07610278661391874, 5, 3, 2, 2000]:4023 1091 208 131
[0.07610278661391874, 5, 3, 2, 2000]:3920 1194 207 132
[0.07610278661391874, 5, 3, 2, 2000]:3922 1193 203 135
[0.07610278661391874, 5, 3, 2, 2000]:3983 1131 209 130
[0.07610278661391874, 5, 3, 2, 2000]:3849 1265 200 138
[0.07610278661391874, 5, 3, 2, 2000]:3980 1134 191 148
[0.04179011004020031, 53, 5, 9, 1803]:4500 614 282 57
[0.04179011004020031, 53, 5, 9, 1803]:4515 599 283 56
[0.04179011004020031, 53, 5, 9, 1803]:4489 625 287 52
[0.04179011004020031, 53, 5, 9, 1803]:4503 611 281 57
[0.04179011004020031, 53, 5, 9, 1803]:4534 581 282 56
[0.04179011004020031, 53, 5, 9, 1803]:4553 562 285 53
[0.04179011004020031, 53, 5, 9, 1803]:4546 568 289 50
[0.04179011004020031, 53, 5, 9, 1803]:4514 600 276 63
[0.04179011004020031, 53, 5, 9, 1803]:4516 598 261 78
[0.04179011004020031, 53, 5, 9, 1803]:4516 598 270 69
[0.056539635758626486, 87, 5, 2, 2000]:4596 518 292 46
[0.056539635758626486, 87, 5, 2, 2000]:4612 502 276 63
[0.056539635758626486, 87, 5, 2, 2000]:4636 478 295 44
[0.056539635758626486, 87, 5, 2, 2000]:4627 487 284 55
[0.056539635758626486, 87, 5, 2, 2000]:4611 503 281 58
[0.056539635758626486, 87, 5, 2, 2000]:4596 518 294 45
[0.056539635758626486, 87, 5, 2, 2000]:4606 509 288 50
[0.056539635758626486, 87, 5, 2, 2000]:4599 515 290 49
[0.056539635758626486, 87, 5, 2, 2000]:4605 509 290 49
[0.056539635758626486, 87, 5, 2, 2000]:4640 475 291 47
[0.020717094533475776, 70, 5, 2, 296]:4331 783 269 69
[0.020717094533475776, 70, 5, 2, 296]:4340 774 256 83
[0.020717094533475776, 70, 5, 2, 296]:4348 766 270 69
[0.020717094533475776, 70, 5, 2, 296]:4388 727 270 68
[0.020717094533475776, 70, 5, 2, 296]:4411 704 273 65
[0.020717094533475776, 70, 5, 2, 296]:4333 781 271 68
[0.020717094533475776, 70, 5, 2, 296]:4354 760 264 75
[0.020717094533475776, 70, 5, 2, 296]:4406 708 280 59
[0.020717094533475776, 70, 5, 2, 296]:4321 793 273 66
[0.020717094533475776, 70, 5, 2, 296]:4324 790 244 95
[0.017828006716684566, 69, 5, 2, 200]:4388 727 272 66
[0.017828006716684566, 69, 5, 2, 200]:4333 781 257 82
[0.017828006716684566, 69, 5, 2, 200]:4340 774 263 76
[0.017828006716684566, 69, 5, 2, 200]:4392 722 274 65
[0.017828006716684566, 69, 5, 2, 200]:4309 805 270 68
[0.017828006716684566, 69, 5, 2, 200]:4302 812 243 96
[0.017828006716684566, 69, 5, 2, 200]:4380 735 268 70
[0.017828006716684566, 69, 5, 2, 200]:4312 802 268 71
[0.017828006716684566, 69, 5, 2, 200]:4291 823 273 66
[0.017828006716684566, 69, 5, 2, 200]:4314 800 266 73
[0.017327672641493767, 73, 5, 3, 1503]:4296 818 276 63
[0.017327672641493767, 73, 5, 3, 1503]:4307 807 264 75
[0.017327672641493767, 73, 5, 3, 1503]:4346 768 267 72
[0.017327672641493767, 73, 5, 3, 1503]:4309 805 267 71
[0.017327672641493767, 73, 5, 3, 1503]:4358 757 270 68
[0.017327672641493767, 73, 5, 3, 1503]:4304 810 241 98
[0.017327672641493767, 73, 5, 3, 1503]:4368 746 275 64
[0.017327672641493767, 73, 5, 3, 1503]:4314 800 254 85
[0.017327672641493767, 73, 5, 3, 1503]:4330 784 266 73
[0.017327672641493767, 73, 5, 3, 1503]:4369 746 268 70
[0.07767096925318845, 5, 1, 2, 2000]:3999 1116 189 149
[0.07767096925318845, 5, 1, 2, 2000]:3976 1139 208 130
[0.07767096925318845, 5, 1, 2, 2000]:3976 1138 207 132
[0.07767096925318845, 5, 1, 2, 2000]:4000 1114 193 146
[0.07767096925318845, 5, 1, 2, 2000]:4046 1068 199 140
[0.07767096925318845, 5, 1, 2, 2000]:3995 1119 212 127
[0.07767096925318845, 5, 1, 2, 2000]:3944 1170 210 128
[0.07767096925318845, 5, 1, 2, 2000]:4058 1056 210 129
[0.07767096925318845, 5, 1, 2, 2000]:3978 1136 214 125
[0.07767096925318845, 5, 1, 2, 2000]:4037 1077 212 127
[0.07993360268476388, 5, 1, 2, 2000]:4130 984 222 117
[0.07993360268476388, 5, 1, 2, 2000]:4111 1004 203 135
[0.07993360268476388, 5, 1, 2, 2000]:4065 1049 214 125
[0.07993360268476388, 5, 1, 2, 2000]:4038 1076 216 123
[0.07993360268476388, 5, 1, 2, 2000]:4122 992 214 125
[0.07993360268476388, 5, 1, 2, 2000]:4045 1069 219 119
[0.07993360268476388, 5, 1, 2, 2000]:4174 940 215 124
[0.07993360268476388, 5, 1, 2, 2000]:4097 1017 200 139
[0.07993360268476388, 5, 1, 2, 2000]:4085 1029 214 125
[0.07993360268476388, 5, 1, 2, 2000]:4075 1040 216 122
[0.09033688975684642, 49, 5, 8, 1421]:4777 338 300 38
[0.09033688975684642, 49, 5, 8, 1421]:4773 341 294 45
[0.09033688975684642, 49, 5, 8, 1421]:4793 321 307 32
[0.09033688975684642, 49, 5, 8, 1421]:4790 324 298 41
[0.09033688975684642, 49, 5, 8, 1421]:4814 300 309 30
[0.09033688975684642, 49, 5, 8, 1421]:4764 350 304 34
[0.09033688975684642, 49, 5, 8, 1421]:4767 347 303 36
[0.09033688975684642, 49, 5, 8, 1421]:4794 320 304 35
[0.09033688975684642, 49, 5, 8, 1421]:4782 332 297 42
[0.09033688975684642, 49, 5, 8, 1421]:4798 317 301 37
[0.08401528377673623, 5, 1, 6, 200]:4288 826 228 111
[0.08401528377673623, 5, 1, 6, 200]:4323 791 240 99
[0.08401528377673623, 5, 1, 6, 200]:4326 789 225 113
[0.08401528377673623, 5, 1, 6, 200]:4304 810 224 115
[0.08401528377673623, 5, 1, 6, 200]:4324 790 230 109
[0.08401528377673623, 5, 1, 6, 200]:4279 835 235 104
[0.08401528377673623, 5, 1, 6, 200]:4260 855 228 110
[0.08401528377673623, 5, 1, 6, 200]:4283 831 241 97
[0.08401528377673623, 5, 1, 6, 200]:4360 754 238 101
[0.08401528377673623, 5, 1, 6, 200]:4208 906 230 109
[0.08622084277003765, 5, 1, 4, 2000]:4423 691 248 91
[0.08622084277003765, 5, 1, 4, 2000]:4380 734 235 104
[0.08622084277003765, 5, 1, 4, 2000]:4374 741 238 100
[0.08622084277003765, 5, 1, 4, 2000]:4405 709 238 101
[0.08622084277003765, 5, 1, 4, 2000]:4384 730 244 95
[0.08622084277003765, 5, 1, 4, 2000]:4394 720 253 85
[0.08622084277003765, 5, 1, 4, 2000]:4503 611 247 92
[0.08622084277003765, 5, 1, 4, 2000]:4396 718 247 92
[0.08622084277003765, 5, 1, 4, 2000]:4453 662 236 102
[0.08622084277003765, 5, 1, 4, 2000]:4458 656 243 96
[0.010223749226852848, 33, 1, 2, 1722]:4839 275 312 27
[0.010223749226852848, 33, 1, 2, 1722]:4892 223 316 22
[0.010223749226852848, 33, 1, 2, 1722]:4862 252 315 24
[0.010223749226852848, 33, 1, 2, 1722]:4850 264 319 20
[0.010223749226852848, 33, 1, 2, 1722]:4851 263 319 20
[0.010223749226852848, 33, 1, 2, 1722]:4879 236 315 23
[0.010223749226852848, 33, 1, 2, 1722]:4844 270 311 27
[0.010223749226852848, 33, 1, 2, 1722]:4839 275 316 23
[0.010223749226852848, 33, 1, 2, 1722]:4841 273 311 28
[0.010223749226852848, 33, 1, 2, 1722]:4860 254 325 14
[0.08403171526634669, 5, 2, 2, 2000]:4252 862 225 114
[0.08403171526634669, 5, 2, 2, 2000]:4225 889 230 109
[0.08403171526634669, 5, 2, 2, 2000]:4333 781 237 102
[0.08403171526634669, 5, 2, 2, 2000]:4319 795 231 108
[0.08403171526634669, 5, 2, 2, 2000]:4295 819 222 117
[0.08403171526634669, 5, 2, 2, 2000]:4334 781 222 116
[0.08403171526634669, 5, 2, 2, 2000]:4293 821 238 101
[0.08403171526634669, 5, 2, 2, 2000]:4288 826 236 102
[0.08403171526634669, 5, 2, 2, 2000]:4293 821 239 100
[0.08403171526634669, 5, 2, 2, 2000]:4261 854 228 110
[0.0838355073060214, 5, 1, 10, 2000]:4290 824 239 100
[0.0838355073060214, 5, 1, 10, 2000]:4260 854 234 104
[0.0838355073060214, 5, 1, 10, 2000]:4325 789 234 105
[0.0838355073060214, 5, 1, 10, 2000]:4289 825 221 118
[0.0838355073060214, 5, 1, 10, 2000]:4252 863 226 112
[0.0838355073060214, 5, 1, 10, 2000]:4296 818 238 101
[0.0838355073060214, 5, 1, 10, 2000]:4335 780 222 116
[0.0838355073060214, 5, 1, 10, 2000]:4310 804 231 108
[0.0838355073060214, 5, 1, 10, 2000]:4198 916 230 109
[0.0838355073060214, 5, 1, 10, 2000]:4241 873 223 116
[0.06876074668563158, 53, 1, 6, 1563]:4825 289 313 26
[0.06876074668563158, 53, 1, 6, 1563]:4833 281 307 32
[0.06876074668563158, 53, 1, 6, 1563]:4819 295 307 32
[0.06876074668563158, 53, 1, 6, 1563]:4835 279 314 25
[0.06876074668563158, 53, 1, 6, 1563]:4857 258 313 25
[0.06876074668563158, 53, 1, 6, 1563]:4829 285 310 28
[0.06876074668563158, 53, 1, 6, 1563]:4844 270 316 23
[0.06876074668563158, 53, 1, 6, 1563]:4864 251 310 28
[0.06876074668563158, 53, 1, 6, 1563]:4816 298 317 22
[0.06876074668563158, 53, 1, 6, 1563]:4854 260 320 19
