[0.0837870144857317, 75, 4, 9, 385]:5043 71 327 12
[0.0837870144857317, 75, 4, 9, 385]:5055 60 326 12
[0.0837870144857317, 75, 4, 9, 385]:5059 55 327 12
[0.0837870144857317, 75, 4, 9, 385]:5068 46 334 5
[0.0837870144857317, 75, 4, 9, 385]:5061 53 331 7
[0.0837870144857317, 75, 4, 9, 385]:5061 54 331 7
[0.0837870144857317, 75, 4, 9, 385]:5063 52 331 7
[0.0837870144857317, 75, 4, 9, 385]:5073 41 331 8
[0.0837870144857317, 75, 4, 9, 385]:5076 39 329 9
[0.0837870144857317, 75, 4, 9, 385]:5069 46 334 4
[0.062489530279998665, 13, 2, 8, 545]:4899 216 313 25
[0.062489530279998665, 13, 2, 8, 545]:4919 195 315 24
[0.062489530279998665, 13, 2, 8, 545]:4903 212 323 15
[0.062489530279998665, 13, 2, 8, 545]:4896 218 312 27
[0.062489530279998665, 13, 2, 8, 545]:4865 249 311 28
[0.062489530279998665, 13, 2, 8, 545]:4897 217 310 29
[0.062489530279998665, 13, 2, 8, 545]:4871 244 314 24
[0.062489530279998665, 13, 2, 8, 545]:4893 222 313 25
[0.062489530279998665, 13, 2, 8, 545]:4895 219 315 23
[0.062489530279998665, 13, 2, 8, 545]:4889 226 314 24
[0.7547299945865751, 40, 3, 5, 1083]:5114 0 338 0
[0.7547299945865751, 40, 3, 5, 1083]:5115 0 338 0
[0.7547299945865751, 40, 3, 5, 1083]:5114 0 339 0
[0.7547299945865751, 40, 3, 5, 1083]:5115 0 338 0
[0.7547299945865751, 40, 3, 5, 1083]:5114 0 339 0
[0.7547299945865751, 40, 3, 5, 1083]:5115 0 338 0
[0.7547299945865751, 40, 3, 5, 1083]:5114 0 339 0
[0.7547299945865751, 40, 3, 5, 1083]:5114 0 339 0
[0.7547299945865751, 40, 3, 5, 1083]:5115 0 338 0
[0.7547299945865751, 40, 3, 5, 1083]:5115 0 338 0
[0.016126531164964424, 21, 2, 4, 234]:5052 62 334 5
[0.016126531164964424, 21, 2, 4, 234]:5018 96 329 10
[0.016126531164964424, 21, 2, 4, 234]:5046 68 329 9
[0.016126531164964424, 21, 2, 4, 234]:5044 71 332 6
[0.016126531164964424, 21, 2, 4, 234]:5032 83 329 9
[0.016126531164964424, 21, 2, 4, 234]:5038 77 334 4
[0.016126531164964424, 21, 2, 4, 234]:5049 65 329 10
[0.016126531164964424, 21, 2, 4, 234]:5035 80 329 9
[0.016126531164964424, 21, 2, 4, 234]:5021 93 329 10
[0.016126531164964424, 21, 2, 4, 234]:5044 71 328 10
[0.01964088304644902, 12, 3, 2, 1232]:2413 2701 125 214
[0.01964088304644902, 12, 3, 2, 1232]:2354 2760 122 217
[0.01964088304644902, 12, 3, 2, 1232]:2422 2692 111 227
[0.01964088304644902, 12, 3, 2, 1232]:2380 2734 130 209
[0.01964088304644902, 12, 3, 2, 1232]:2438 2676 129 210
[0.01964088304644902, 12, 3, 2, 1232]:2386 2729 116 222
[0.01964088304644902, 12, 3, 2, 1232]:2375 2740 113 225
[0.01964088304644902, 12, 3, 2, 1232]:2400 2715 130 208
[0.01964088304644902, 12, 3, 2, 1232]:2414 2701 130 208
[0.01964088304644902, 12, 3, 2, 1232]:2475 2640 143 195
[0.876050873280423, 49, 2, 9, 1878]:5115 0 338 0
[0.876050873280423, 49, 2, 9, 1878]:5114 0 339 0
[0.876050873280423, 49, 2, 9, 1878]:5115 0 338 0
[0.876050873280423, 49, 2, 9, 1878]:5114 0 339 0
[0.876050873280423, 49, 2, 9, 1878]:5114 0 338 0
[0.876050873280423, 49, 2, 9, 1878]:5115 0 338 0
[0.876050873280423, 49, 2, 9, 1878]:5114 0 339 0
[0.876050873280423, 49, 2, 9, 1878]:5115 0 338 0
[0.876050873280423, 49, 2, 9, 1878]:5114 0 339 0
[0.876050873280423, 49, 2, 9, 1878]:5115 0 338 0
[0.297011903889105, 86, 4, 4, 226]:5115 0 338 0
[0.297011903889105, 86, 4, 4, 226]:5114 0 339 0
[0.297011903889105, 86, 4, 4, 226]:5115 0 338 0
[0.297011903889105, 86, 4, 4, 226]:5115 0 338 0
[0.297011903889105, 86, 4, 4, 226]:5113 2 338 0
[0.297011903889105, 86, 4, 4, 226]:5114 0 338 0
[0.297011903889105, 86, 4, 4, 226]:5114 0 339 0
[0.297011903889105, 86, 4, 4, 226]:5115 0 338 0
[0.297011903889105, 86, 4, 4, 226]:5114 0 339 0
[0.297011903889105, 86, 4, 4, 226]:5114 0 339 0
[0.012106372603795146, 62, 2, 6, 879]:5027 88 325 13
[0.012106372603795146, 62, 2, 6, 879]:5006 108 324 15
[0.012106372603795146, 62, 2, 6, 879]:5013 101 328 11
[0.012106372603795146, 62, 2, 6, 879]:5028 87 325 13
[0.012106372603795146, 62, 2, 6, 879]:5047 67 330 9
[0.012106372603795146, 62, 2, 6, 879]:5042 73 330 8
[0.012106372603795146, 62, 2, 6, 879]:5039 76 331 7
[0.012106372603795146, 62, 2, 6, 879]:5025 90 327 11
[0.012106372603795146, 62, 2, 6, 879]:5034 80 327 11
[0.012106372603795146, 62, 2, 6, 879]:5040 74 329 10
[0.045973369579054686, 26, 1, 9, 1680]:5038 76 328 11
[0.045973369579054686, 26, 1, 9, 1680]:5054 61 330 8
[0.045973369579054686, 26, 1, 9, 1680]:5049 65 330 9
[0.045973369579054686, 26, 1, 9, 1680]:5074 41 333 5
[0.045973369579054686, 26, 1, 9, 1680]:5063 52 331 7
[0.045973369579054686, 26, 1, 9, 1680]:5069 46 334 4
[0.045973369579054686, 26, 1, 9, 1680]:5063 51 332 7
[0.045973369579054686, 26, 1, 9, 1680]:5046 69 334 4
[0.045973369579054686, 26, 1, 9, 1680]:5071 43 333 6
[0.045973369579054686, 26, 1, 9, 1680]:5056 58 330 8
[0.032407473873749815, 7, 4, 2, 872]:406 4709 14 324
[0.032407473873749815, 7, 4, 2, 872]:327 4788 6 332
[0.032407473873749815, 7, 4, 2, 872]:397 4717 12 327
[0.032407473873749815, 7, 4, 2, 872]:336 4778 8 330
[0.032407473873749815, 7, 4, 2, 872]:312 4803 4 334
[0.032407473873749815, 7, 4, 2, 872]:380 4735 5 333
[0.032407473873749815, 7, 4, 2, 872]:314 4800 9 330
[0.032407473873749815, 7, 4, 2, 872]:369 4745 9 330
[0.032407473873749815, 7, 4, 2, 872]:372 4742 14 325
[0.032407473873749815, 7, 4, 2, 872]:305 4810 3 335
[0.01583240792979264, 11, 3, 5, 1072]:1129 3985 44 295
[0.01583240792979264, 11, 3, 5, 1072]:1181 3934 57 281
[0.01583240792979264, 11, 3, 5, 1072]:1250 3865 49 289
[0.01583240792979264, 11, 3, 5, 1072]:1153 3962 53 285
[0.01583240792979264, 11, 3, 5, 1072]:1219 3895 64 275
[0.01583240792979264, 11, 3, 5, 1072]:1276 3838 49 290
[0.01583240792979264, 11, 3, 5, 1072]:1226 3888 56 282
[0.01583240792979264, 11, 3, 5, 1072]:1155 3959 52 287
[0.01583240792979264, 11, 3, 5, 1072]:1285 3830 58 280
[0.01583240792979264, 11, 3, 5, 1072]:1153 3962 48 290
[0.26865064074653766, 30, 1, 6, 954]:5114 1 338 0
[0.26865064074653766, 30, 1, 6, 954]:5112 3 338 0
[0.26865064074653766, 30, 1, 6, 954]:5112 2 338 1
[0.26865064074653766, 30, 1, 6, 954]:5114 1 338 0
[0.26865064074653766, 30, 1, 6, 954]:5114 1 338 0
[0.26865064074653766, 30, 1, 6, 954]:5113 1 338 0
[0.26865064074653766, 30, 1, 6, 954]:5112 3 338 0
[0.26865064074653766, 30, 1, 6, 954]:5113 1 339 0
[0.26865064074653766, 30, 1, 6, 954]:5113 1 339 0
[0.26865064074653766, 30, 1, 6, 954]:5113 1 339 0
[0.01, 5, 4, 6, 2000]:0 5114 0 339
[0.01, 5, 4, 6, 2000]:0 5114 0 338
[0.01, 5, 4, 6, 2000]:0 5114 0 339
[0.01, 5, 4, 6, 2000]:0 5115 0 338
[0.01, 5, 4, 6, 2000]:0 5115 0 338
[0.01, 5, 4, 6, 2000]:0 5114 0 339
[0.01, 5, 4, 6, 2000]:0 5115 0 338
[0.01, 5, 4, 6, 2000]:0 5114 0 339
[0.01, 5, 4, 6, 2000]:0 5115 0 338
[0.01, 5, 4, 6, 2000]:0 5115 0 338
[0.99, 9, 1, 2, 1748]:5114 0 338 0
[0.99, 9, 1, 2, 1748]:5115 0 338 0
[0.99, 9, 1, 2, 1748]:5115 0 338 0
[0.99, 9, 1, 2, 1748]:5115 0 338 0
[0.99, 9, 1, 2, 1748]:5114 0 339 0
[0.99, 9, 1, 2, 1748]:5115 0 338 0
[0.99, 9, 1, 2, 1748]:5114 0 339 0
[0.99, 9, 1, 2, 1748]:5114 0 339 0
[0.99, 9, 1, 2, 1748]:5115 0 338 0
[0.99, 9, 1, 2, 1748]:5114 0 339 0
[0.99, 14, 5, 10, 2000]:5114 0 338 0
[0.99, 14, 5, 10, 2000]:5115 0 338 0
[0.99, 14, 5, 10, 2000]:5115 0 338 0
[0.99, 14, 5, 10, 2000]:5114 0 339 0
[0.99, 14, 5, 10, 2000]:5115 0 338 0
[0.99, 14, 5, 10, 2000]:5115 0 338 0
[0.99, 14, 5, 10, 2000]:5115 0 338 0
[0.99, 14, 5, 10, 2000]:5114 0 339 0
[0.99, 14, 5, 10, 2000]:5114 0 339 0
[0.99, 14, 5, 10, 2000]:5114 0 339 0
[0.020715594229667893, 5, 3, 2, 200]:0 5115 0 338
[0.020715594229667893, 5, 3, 2, 200]:0 5115 0 338
[0.020715594229667893, 5, 3, 2, 200]:0 5114 0 339
[0.020715594229667893, 5, 3, 2, 200]:0 5114 0 339
[0.020715594229667893, 5, 3, 2, 200]:0 5115 0 338
[0.020715594229667893, 5, 3, 2, 200]:0 5114 0 339
[0.020715594229667893, 5, 3, 2, 200]:0 5115 0 338
[0.020715594229667893, 5, 3, 2, 200]:0 5114 0 338
[0.020715594229667893, 5, 3, 2, 200]:0 5114 0 339
[0.020715594229667893, 5, 3, 2, 200]:0 5115 0 338
[0.021923240540595496, 5, 3, 9, 1735]:0 5114 0 339
[0.021923240540595496, 5, 3, 9, 1735]:0 5115 0 338
[0.021923240540595496, 5, 3, 9, 1735]:0 5115 0 338
[0.021923240540595496, 5, 3, 9, 1735]:0 5115 0 338
[0.021923240540595496, 5, 3, 9, 1735]:0 5114 0 339
[0.021923240540595496, 5, 3, 9, 1735]:0 5114 0 339
[0.021923240540595496, 5, 3, 9, 1735]:0 5115 0 338
[0.021923240540595496, 5, 3, 9, 1735]:0 5114 0 339
[0.021923240540595496, 5, 3, 9, 1735]:0 5115 0 338
[0.021923240540595496, 5, 3, 9, 1735]:0 5114 0 338
[0.02000855910082212, 46, 3, 3, 1766]:4987 128 323 15
[0.02000855910082212, 46, 3, 3, 1766]:4982 133 317 21
[0.02000855910082212, 46, 3, 3, 1766]:4993 122 319 19
[0.02000855910082212, 46, 3, 3, 1766]:4999 115 322 16
[0.02000855910082212, 46, 3, 3, 1766]:5004 111 325 13
[0.02000855910082212, 46, 3, 3, 1766]:4998 116 324 15
[0.02000855910082212, 46, 3, 3, 1766]:4987 128 329 9
[0.02000855910082212, 46, 3, 3, 1766]:4976 138 321 18
[0.02000855910082212, 46, 3, 3, 1766]:4972 142 323 16
[0.02000855910082212, 46, 3, 3, 1766]:4993 121 324 15
[0.018358199844371953, 22, 4, 2, 200]:4844 270 304 35
[0.018358199844371953, 22, 4, 2, 200]:4817 298 306 32
[0.018358199844371953, 22, 4, 2, 200]:4812 303 296 42
[0.018358199844371953, 22, 4, 2, 200]:4811 304 311 27
[0.018358199844371953, 22, 4, 2, 200]:4829 285 291 48
[0.018358199844371953, 22, 4, 2, 200]:4846 268 306 33
[0.018358199844371953, 22, 4, 2, 200]:4801 313 302 37
[0.018358199844371953, 22, 4, 2, 200]:4830 285 301 37
[0.018358199844371953, 22, 4, 2, 200]:4841 274 302 36
[0.02163176912436654, 15, 3, 2, 200]:4358 756 265 74
[0.02163176912436654, 15, 3, 2, 200]:4369 745 266 73
[0.02163176912436654, 15, 3, 2, 200]:4345 770 270 68
[0.02163176912436654, 15, 3, 2, 200]:4340 775 265 73
[0.02163176912436654, 15, 3, 2, 200]:4355 759 250 89
[0.02163176912436654, 15, 3, 2, 200]:4348 767 270 68
[0.02163176912436654, 15, 3, 2, 200]:4366 749 271 67
[0.02163176912436654, 15, 3, 2, 200]:4276 838 259 80
[0.02163176912436654, 15, 3, 2, 200]:4342 772 266 72
[0.02163176912436654, 15, 3, 2, 200]:4368 747 250 88
[0.018358199844371953, 22, 4, 2, 200]:4834 280 299 39
[0.02137967316827893, 14, 3, 2, 302]:3946 1169 242 96
[0.02137967316827893, 14, 3, 2, 302]:3931 1183 223 116
[0.02137967316827893, 14, 3, 2, 302]:3953 1162 221 117
[0.02137967316827893, 14, 3, 2, 302]:3918 1197 237 101
[0.02137967316827893, 14, 3, 2, 302]:3924 1191 232 106
[0.02137967316827893, 14, 3, 2, 302]:3913 1201 228 111
[0.02137967316827893, 14, 3, 2, 302]:3884 1230 228 111
[0.02137967316827893, 14, 3, 2, 302]:3961 1153 230 108
[0.02137967316827893, 14, 3, 2, 302]:3973 1142 241 97
[0.02137967316827893, 14, 3, 2, 302]:3931 1183 224 115
[0.01, 55, 5, 4, 201]:4508 607 267 71
[0.01, 55, 5, 4, 201]:4568 546 279 60
[0.01, 55, 5, 4, 201]:4514 600 264 75
[0.01, 55, 5, 4, 201]:4521 593 270 69
[0.01, 55, 5, 4, 201]:4545 569 260 78
[0.01, 55, 5, 4, 201]:4541 574 268 70
[0.01, 55, 5, 4, 201]:4573 542 269 69
[0.01, 55, 5, 4, 201]:4554 560 264 75
[0.01, 55, 5, 4, 201]:4515 600 277 61
[0.01, 55, 5, 4, 201]:4531 584 265 73
[0.01, 96, 5, 7, 1890]:4545 570 261 77
[0.01, 96, 5, 7, 1890]:4547 567 275 64
[0.01, 70, 5, 6, 1884]:4555 560 280 58
[0.01, 96, 5, 7, 1890]:4553 562 269 69
[0.01, 70, 5, 6, 1884]:4552 562 268 71
[0.01, 70, 5, 6, 1884]:4567 548 273 65
[0.01, 96, 5, 7, 1890]:4569 546 275 63
[0.01, 96, 5, 7, 1890]:4551 563 264 74
[0.01, 70, 5, 6, 1884]:4558 556 262 77
[0.01, 96, 5, 7, 1890]:4530 585 269 69
[0.01, 96, 5, 7, 1890]:4593 521 283 56
[0.01, 70, 5, 6, 1884]:4595 519 288 51
[0.01, 70, 5, 6, 1884]:4542 572 276 63
[0.01, 70, 5, 6, 1884]:4543 572 258 80
[0.01, 96, 5, 7, 1890]:4535 579 270 69
[0.01, 96, 5, 7, 1890]:4536 579 280 58
[0.01, 96, 5, 7, 1890]:4568 546 264 75
[0.01, 70, 5, 6, 1884]:4553 562 275 63
[0.01, 70, 5, 6, 1884]:4564 550 261 77
[0.01, 70, 5, 6, 1884]:4528 587 266 72
[0.01, 85, 5, 2, 200]:4545 569 260 79
[0.01, 85, 5, 2, 200]:4518 597 265 73
[0.01, 85, 5, 2, 200]:4573 541 278 61
[0.01, 85, 5, 2, 200]:4513 601 271 68
[0.01, 85, 5, 2, 200]:4549 566 271 67
[0.01, 100, 4, 2, 200]:4776 338 291 48
[0.01, 100, 4, 2, 200]:4743 371 292 47
[0.01, 100, 4, 2, 200]:4759 356 298 40
[0.01, 85, 5, 2, 200]:4523 592 276 62
[0.01, 100, 4, 2, 200]:4738 377 292 46
[0.01, 85, 5, 2, 200]:4533 581 261 77
[0.01, 100, 4, 2, 200]:4773 342 300 38
[0.01, 85, 5, 2, 200]:4517 598 260 78
[0.01, 85, 5, 2, 200]:4514 600 266 73
[0.01, 85, 5, 2, 200]:4551 564 270 68
[0.01, 100, 4, 2, 200]:4795 319 304 35
[0.01, 100, 4, 2, 200]:4736 379 289 49
[0.01, 100, 4, 2, 200]:4742 372 298 41
[0.01, 100, 4, 2, 200]:4756 359 295 43
[0.01, 100, 4, 2, 200]:4776 338 285 53
[0.01, 100, 5, 8, 1718]:4552 563 260 78
[0.01, 100, 5, 8, 1718]:4541 573 260 78
[0.01, 100, 5, 8, 1718]:4556 559 274 64
[0.01, 100, 5, 8, 1718]:4596 518 281 58
[0.01, 100, 5, 8, 1718]:4568 547 269 69
[0.01, 100, 5, 8, 1718]:4546 568 273 66
[0.01, 100, 5, 8, 1718]:4549 566 277 61
[0.01, 100, 5, 8, 1718]:4556 558 263 76
[0.01, 100, 5, 8, 1718]:4541 574 271 67
[0.01, 100, 5, 8, 1718]:4543 571 274 65
[0.01, 5, 5, 2, 200]:0 5115 0 338
[0.01, 5, 5, 2, 200]:0 5115 0 338
[0.01, 5, 5, 2, 200]:0 5114 0 338
[0.01, 5, 5, 2, 200]:0 5115 0 338
[0.01, 5, 5, 2, 200]:0 5114 0 339
[0.01, 5, 5, 2, 200]:0 5114 0 339
[0.01, 5, 5, 2, 200]:0 5114 0 339
[0.01, 5, 5, 2, 200]:0 5114 0 339
[0.01, 5, 5, 2, 200]:0 5115 0 338
[0.01, 5, 5, 2, 200]:0 5115 0 338
[0.033829541127949184, 5, 5, 5, 1809]:32 5082 0 339
[0.033829541127949184, 5, 5, 5, 1809]:25 5089 0 338
[0.033829541127949184, 5, 5, 5, 1809]:22 5092 0 339
[0.033829541127949184, 5, 5, 5, 1809]:32 5083 0 338
[0.033829541127949184, 5, 5, 5, 1809]:18 5096 1 338
[0.033829541127949184, 5, 5, 5, 1809]:15 5100 0 338
[0.033829541127949184, 5, 5, 5, 1809]:30 5085 1 337
[0.033829541127949184, 5, 5, 5, 1809]:38 5077 0 338
[0.033829541127949184, 5, 5, 5, 1809]:18 5097 0 338
[0.033829541127949184, 5, 5, 5, 1809]:25 5089 0 339
[0.01, 27, 5, 7, 1962]:4549 566 271 67
[0.01, 27, 5, 7, 1962]:4545 569 274 65
[0.01, 27, 5, 7, 1962]:4536 579 259 79
[0.01, 27, 5, 7, 1962]:4544 571 279 59
[0.01, 27, 5, 7, 1962]:4542 572 269 70
[0.01, 27, 5, 7, 1962]:4587 527 283 56
[0.01, 27, 5, 7, 1962]:4569 546 269 69
[0.01, 27, 5, 7, 1962]:4563 551 261 78
[0.01, 27, 5, 7, 1962]:4536 579 272 66
[0.01, 27, 5, 7, 1962]:4538 576 262 76
[0.024264652628518533, 100, 1, 9, 1393]:5038 77 330 8
[0.024264652628518533, 100, 1, 9, 1393]:5026 88 327 11
[0.024264652628518533, 100, 1, 9, 1393]:5038 76 330 9
[0.024264652628518533, 100, 1, 9, 1393]:5017 97 327 12
[0.024264652628518533, 100, 1, 9, 1393]:5028 87 326 12
[0.024264652628518533, 100, 1, 9, 1393]:5014 101 325 13
[0.024264652628518533, 100, 1, 9, 1393]:5001 113 326 13
[0.024264652628518533, 100, 1, 9, 1393]:5038 77 332 6
[0.024264652628518533, 100, 1, 9, 1393]:5044 70 330 9
[0.024264652628518533, 100, 1, 9, 1393]:5026 89 327 11
[0.016381119159688182, 40, 5, 2, 2000]:4682 433 284 54
[0.016381119159688182, 40, 5, 2, 2000]:4645 470 276 62
[0.016381119159688182, 40, 5, 2, 2000]:4665 450 274 64
[0.016381119159688182, 40, 5, 2, 2000]:4657 457 277 62
[0.01, 100, 1, 2, 1902]:5099 15 338 1
[0.016381119159688182, 40, 5, 2, 2000]:4713 401 292 47
[0.016381119159688182, 40, 5, 2, 2000]:4640 474 284 55
[0.016381119159688182, 40, 5, 2, 2000]:4673 441 275 63
[0.016381119159688182, 40, 5, 2, 2000]:4674 440 282 57
[0.01, 100, 1, 2, 1902]:5107 8 337 1
[0.01, 100, 1, 2, 1902]:5108 7 338 0
[0.016381119159688182, 40, 5, 2, 2000]:4671 444 288 50
[0.016381119159688182, 40, 5, 2, 2000]:4682 433 285 53
[0.01, 100, 1, 2, 1902]:5101 14 338 0
[0.01, 100, 1, 2, 1902]:5104 10 338 1
[0.01, 100, 1, 2, 1902]:5107 8 338 0
[0.01, 100, 1, 2, 1902]:5102 12 338 0
[0.01, 100, 1, 2, 1902]:5107 7 338 1
[0.01, 100, 1, 2, 1902]:5104 11 336 2
[0.01, 100, 1, 2, 1902]:5100 14 339 0
[0.02083747190276604, 100, 5, 2, 200]:4685 429 286 53
[0.02083747190276604, 100, 5, 2, 200]:4666 448 278 61
[0.02083747190276604, 100, 5, 2, 200]:4723 391 295 44
[0.02083747190276604, 100, 5, 2, 200]:4707 408 291 47
[0.02083747190276604, 100, 5, 2, 200]:4709 406 278 60
[0.01898622903977814, 83, 5, 10, 200]:4700 415 289 49
[0.02083747190276604, 100, 5, 2, 200]:4710 405 280 58
[0.01898622903977814, 83, 5, 10, 200]:4688 426 274 64
[0.01898622903977814, 83, 5, 10, 200]:4690 424 278 61
[0.01898622903977814, 83, 5, 10, 200]:4733 381 296 43
[0.02083747190276604, 100, 5, 2, 200]:4707 407 279 60
[0.02083747190276604, 100, 5, 2, 200]:4741 374 291 47
[0.02083747190276604, 100, 5, 2, 200]:4710 405 295 43
[0.01898622903977814, 83, 5, 10, 200]:4705 410 288 50
[0.02083747190276604, 100, 5, 2, 200]:4749 365 275 63
[0.01898622903977814, 83, 5, 10, 200]:4680 434 276 63
[0.01898622903977814, 83, 5, 10, 200]:4674 441 297 41
[0.01898622903977814, 83, 5, 10, 200]:4677 438 280 58
[0.01898622903977814, 83, 5, 10, 200]:4681 434 280 58
[0.01898622903977814, 83, 5, 10, 200]:4666 448 284 55
[0.99, 100, 1, 3, 335]:5115 0 338 0
[0.99, 100, 1, 3, 335]:5114 1 338 0
[0.99, 100, 1, 3, 335]:5115 0 338 0
[0.99, 100, 1, 3, 335]:5114 0 339 0
[0.99, 100, 1, 3, 335]:5115 0 338 0
[0.99, 100, 1, 3, 335]:5114 0 339 0
[0.99, 100, 1, 3, 335]:5114 0 338 0
[0.99, 100, 1, 3, 335]:5114 0 339 0
[0.99, 100, 1, 3, 335]:5114 0 339 0
[0.99, 100, 1, 3, 335]:5114 1 338 0
[0.10590030029443823, 5, 3, 2, 1472]:5023 92 317 21
[0.10590030029443823, 5, 3, 2, 1472]:5047 67 320 19
[0.10590030029443823, 5, 3, 2, 1472]:5036 78 310 28
[0.10590030029443823, 5, 3, 2, 1472]:5054 61 318 20
[0.10590030029443823, 5, 3, 2, 1472]:5040 74 311 28
[0.10590030029443823, 5, 3, 2, 1472]:5036 79 309 29
[0.10590030029443823, 5, 3, 2, 1472]:5029 86 313 25
[0.10590030029443823, 5, 3, 2, 1472]:5046 69 318 20
[0.10590030029443823, 5, 3, 2, 1472]:5043 71 316 23
[0.10590030029443823, 5, 3, 2, 1472]:5010 104 316 23
[0.10597211648989915, 5, 4, 7, 1611]:5038 76 310 29
[0.10597211648989915, 5, 4, 7, 1611]:5047 68 317 21
[0.10597211648989915, 5, 4, 7, 1611]:5045 70 322 16
[0.10597211648989915, 5, 4, 7, 1611]:5041 73 317 22
[0.10597211648989915, 5, 4, 7, 1611]:5013 101 316 23
[0.10597211648989915, 5, 4, 7, 1611]:5036 78 309 29
[0.10597211648989915, 5, 4, 7, 1611]:5040 75 309 29
[0.10597211648989915, 5, 4, 7, 1611]:5031 84 314 24
[0.10597211648989915, 5, 4, 7, 1611]:5032 83 318 20
[0.10597211648989915, 5, 4, 7, 1611]:5046 68 321 18
[0.01, 100, 5, 2, 1590]:4540 575 265 73
[0.01, 100, 5, 2, 1590]:4562 552 266 73
[0.01, 100, 5, 2, 1590]:4571 544 272 66
[0.01, 100, 5, 2, 1590]:4550 564 268 71
[0.01, 100, 5, 2, 1590]:4547 568 279 59
[0.01, 100, 5, 2, 1590]:4543 571 263 75
[0.01, 100, 5, 2, 1590]:4537 577 272 67
[0.01, 100, 5, 2, 1590]:4596 518 282 57
[0.01, 100, 5, 2, 1590]:4537 578 270 68
[0.01, 100, 5, 2, 1590]:4544 571 275 63
[0.03521952574043344, 100, 3, 9, 891]:4995 119 322 16
[0.03521952574043344, 100, 3, 9, 891]:4965 149 322 17
[0.03521952574043344, 100, 3, 9, 891]:5005 109 323 16
[0.03521952574043344, 100, 3, 9, 891]:4975 139 316 23
[0.03521952574043344, 100, 3, 9, 891]:5002 113 321 17
[0.03521952574043344, 100, 3, 9, 891]:4989 126 323 15
[0.03521952574043344, 100, 3, 9, 891]:5009 105 320 19
[0.03521952574043344, 100, 3, 9, 891]:4996 119 328 10
[0.03521952574043344, 100, 3, 9, 891]:4991 124 322 16
[0.03521952574043344, 100, 3, 9, 891]:4993 122 319 19
[0.03481591391154122, 100, 3, 10, 1587]:4994 120 320 19
[0.03481591391154122, 100, 3, 10, 1587]:4967 148 321 17
[0.03481591391154122, 100, 3, 10, 1587]:4971 144 320 18
[0.03481591391154122, 100, 3, 10, 1587]:4945 169 322 17
[0.03481591391154122, 100, 3, 10, 1587]:4987 128 320 18
[0.03481591391154122, 100, 3, 10, 1587]:4975 139 322 17
[0.03481591391154122, 100, 3, 10, 1587]:4981 133 320 18
[0.03481591391154122, 100, 3, 10, 1587]:4974 141 311 27
[0.03481591391154122, 100, 3, 10, 1587]:4983 132 328 10
[0.03481591391154122, 100, 3, 10, 1587]:4957 157 316 23
[0.01, 40, 5, 5, 2000]:4554 561 275 63
[0.01, 40, 5, 5, 2000]:4547 567 263 75
[0.01, 40, 5, 5, 2000]:4528 587 270 68
[0.01, 40, 5, 5, 2000]:4591 523 284 55
[0.01, 40, 5, 5, 2000]:4549 566 278 60
[0.01, 40, 5, 5, 2000]:4556 558 263 76
[0.01, 40, 5, 5, 2000]:4537 578 261 77
[0.01, 40, 5, 5, 2000]:4536 578 274 65
[0.01, 40, 5, 5, 2000]:4557 557 267 72
[0.01, 40, 5, 5, 2000]:4575 540 272 66
[0.054512019795159905, 45, 5, 2, 200]:4971 144 317 21
[0.05282330632811243, 30, 5, 10, 200]:4971 143 309 30
[0.05282330632811243, 30, 5, 10, 200]:4946 168 307 32
[0.05282330632811243, 30, 5, 10, 200]:4973 142 316 22
[0.05282330632811243, 30, 5, 10, 200]:4985 129 317 22
[0.05282330632811243, 30, 5, 10, 200]:4931 183 317 22
[0.054512019795159905, 45, 5, 2, 200]:4970 145 312 26
[0.054512019795159905, 45, 5, 2, 200]:4986 129 321 17
[0.054512019795159905, 45, 5, 2, 200]:4967 148 312 26
[0.05282330632811243, 30, 5, 10, 200]:4967 147 311 27
[0.054512019795159905, 45, 5, 2, 200]:4950 165 317 21
[0.054512019795159905, 45, 5, 2, 200]:4930 184 316 23
[0.05282330632811243, 30, 5, 10, 200]:4953 162 312 26
[0.05282330632811243, 30, 5, 10, 200]:4966 149 321 17
[0.054512019795159905, 45, 5, 2, 200]:4948 166 308 31
[0.054512019795159905, 45, 5, 2, 200]:4957 157 310 28
[0.05282330632811243, 30, 5, 10, 200]:4941 174 315 23
[0.054512019795159905, 45, 5, 2, 200]:4976 138 314 25
[0.05282330632811243, 30, 5, 10, 200]:4970 145 311 27
[0.054512019795159905, 45, 5, 2, 200]:4986 128 319 20
[0.09002777613079835, 36, 5, 2, 291]:5077 38 328 10
[0.09002777613079835, 36, 5, 2, 291]:5053 62 329 9
[0.09002777613079835, 36, 5, 2, 291]:5070 44 325 14
[0.09002777613079835, 36, 5, 2, 291]:5051 64 326 12
[0.09002777613079835, 36, 5, 2, 291]:5041 73 326 13
[0.09002777613079835, 36, 5, 2, 291]:5070 45 331 7
[0.09002777613079835, 36, 5, 2, 291]:5061 53 329 9
[0.09002777613079835, 36, 5, 2, 291]:5051 64 325 13
[0.09002777613079835, 36, 5, 2, 291]:5059 55 331 8
[0.09002777613079835, 36, 5, 2, 291]:5046 68 326 13
[0.0152142626038748, 60, 5, 10, 200]:4628 486 268 70
[0.01, 79, 5, 10, 200]:4539 575 263 75
[0.0152142626038748, 60, 5, 10, 200]:4649 466 284 54
[0.01, 79, 5, 10, 200]:4555 559 259 80
[0.0152142626038748, 60, 5, 10, 200]:4635 480 285 53
[0.0152142626038748, 60, 5, 10, 200]:4607 507 279 60
[0.0152142626038748, 60, 5, 10, 200]:4600 514 274 65
[0.0152142626038748, 60, 5, 10, 200]:4597 518 273 65
[0.0152142626038748, 60, 5, 10, 200]:4644 471 282 56
[0.01, 79, 5, 10, 200]:4520 595 275 63
[0.0152142626038748, 60, 5, 10, 200]:4637 477 272 67
[0.01, 79, 5, 10, 200]:4504 610 262 77
[0.0152142626038748, 60, 5, 10, 200]:4660 454 290 49
[0.01, 79, 5, 10, 200]:4531 583 269 70
[0.0152142626038748, 60, 5, 10, 200]:4630 485 266 72
[0.01, 79, 5, 10, 200]:4540 575 265 73
[0.01, 79, 5, 10, 200]:4531 584 270 68
[0.01, 72, 4, 9, 247]:4741 374 296 42
[0.01, 79, 5, 10, 200]:4583 531 278 61
[0.01, 79, 5, 10, 200]:4521 594 262 76
[0.01, 72, 4, 9, 247]:4720 395 284 54
[0.01, 79, 5, 10, 200]:4535 580 279 59
[0.01, 72, 4, 9, 247]:4730 384 289 50
[0.01, 72, 4, 9, 247]:4704 410 287 52
[0.01, 72, 4, 9, 247]:4741 374 292 46
[0.01, 72, 4, 9, 247]:4717 397 282 57
[0.01, 72, 4, 9, 247]:4756 358 285 53
[0.01, 72, 4, 9, 247]:4737 378 292 46
[0.01, 72, 4, 9, 247]:4772 342 296 43
[0.01, 72, 4, 9, 247]:4723 392 299 39
[0.013884660965203863, 28, 5, 10, 200]:4601 514 287 51
[0.01562725645231421, 23, 5, 10, 200]:4645 470 278 60
[0.01562725645231421, 23, 5, 10, 200]:4634 481 286 52
[0.01, 61, 5, 10, 200]:4506 608 267 72
[0.01, 61, 5, 10, 200]:4552 563 265 73
[0.013884660965203863, 28, 5, 10, 200]:4658 456 278 61
[0.013884660965203863, 28, 5, 10, 200]:4594 520 269 69
[0.01562725645231421, 23, 5, 10, 200]:4608 507 276 62
[0.01, 61, 5, 10, 200]:4534 580 256 83
[0.01, 61, 5, 10, 200]:4532 582 266 72
[0.013884660965203863, 28, 5, 10, 200]:4640 475 281 57
[0.01562725645231421, 23, 5, 10, 200]:4641 474 275 63
[0.013884660965203863, 28, 5, 10, 200]:4589 525 281 58
[0.013884660965203863, 28, 5, 10, 200]:4607 508 274 64
[0.013884660965203863, 28, 5, 10, 200]:4629 485 270 69
[0.01, 61, 5, 10, 200]:4581 533 276 63
[0.01, 61, 5, 10, 200]:4528 586 273 66
[0.01562725645231421, 23, 5, 10, 200]:4637 477 268 71
[0.01, 61, 5, 10, 200]:4535 580 262 76
[0.01, 61, 5, 10, 200]:4546 569 270 68
[0.01562725645231421, 23, 5, 10, 200]:4670 444 290 49
[0.01562725645231421, 23, 5, 10, 200]:4606 509 279 59
[0.013884660965203863, 28, 5, 10, 200]:4586 528 273 66
[0.01, 61, 5, 10, 200]:4546 569 278 60
[0.01, 61, 5, 10, 200]:4528 587 268 70
[0.013884660965203863, 28, 5, 10, 200]:4605 510 276 62
[0.013884660965203863, 28, 5, 10, 200]:4585 530 278 60
[0.01562725645231421, 23, 5, 10, 200]:4605 509 274 65
[0.01562725645231421, 23, 5, 10, 200]:4608 506 285 54
[0.01562725645231421, 23, 5, 10, 200]:4646 468 274 64
[0.07952868645802945, 100, 5, 9, 1310]:5054 60 324 15
[0.07952868645802945, 100, 5, 9, 1310]:5037 78 323 15
[0.07952868645802945, 100, 5, 9, 1310]:5038 77 326 12
[0.07952868645802945, 100, 5, 9, 1310]:5048 67 329 9
[0.07952868645802945, 100, 5, 9, 1310]:5041 74 325 13
[0.07952868645802945, 100, 5, 9, 1310]:5025 89 322 17
[0.07952868645802945, 100, 5, 9, 1310]:5050 64 326 13
[0.07952868645802945, 100, 5, 9, 1310]:5042 72 327 11
[0.07952868645802945, 100, 5, 9, 1310]:5055 60 325 13
[0.07952868645802945, 100, 5, 9, 1310]:5030 84 326 13
[0.1730194753893325, 100, 5, 10, 1792]:5109 5 337 2
[0.1730194753893325, 100, 5, 10, 1792]:5106 9 336 2
[0.1730194753893325, 100, 5, 10, 1792]:5113 1 339 0
[0.1730194753893325, 100, 5, 10, 1792]:5108 6 337 2
[0.1730194753893325, 100, 5, 10, 1792]:5111 4 338 0
[0.1730194753893325, 100, 5, 10, 1792]:5111 4 337 1
[0.1730194753893325, 100, 5, 10, 1792]:5109 6 336 2
[0.1730194753893325, 100, 5, 10, 1792]:5111 4 338 0
[0.1730194753893325, 100, 5, 10, 1792]:5110 4 334 4
[0.1730194753893325, 100, 5, 10, 1792]:5107 7 338 1
[0.01, 52, 5, 10, 2000]:4540 574 274 65
[0.01, 52, 5, 10, 2000]:4540 575 259 79
[0.01, 52, 5, 10, 2000]:4566 548 262 77
[0.01, 52, 5, 10, 2000]:4553 562 280 58
[0.01, 52, 5, 10, 2000]:4561 553 262 76
[0.01, 52, 5, 10, 2000]:4560 555 270 68
[0.01, 52, 5, 10, 2000]:4579 536 272 66
[0.01, 52, 5, 10, 2000]:4592 522 282 57
[0.01, 52, 5, 10, 2000]:4537 578 267 71
[0.01, 52, 5, 10, 2000]:4541 573 268 71
[0.01, 62, 5, 10, 200]:4514 601 271 67
[0.01, 62, 5, 10, 200]:4501 613 268 71
[0.01, 62, 5, 10, 200]:4522 593 265 73
[0.01, 62, 5, 10, 200]:4532 582 257 82
[0.01, 62, 5, 10, 200]:4549 566 268 70
[0.01, 62, 5, 10, 200]:4523 592 260 78
[0.01, 62, 5, 10, 200]:4536 578 270 69
[0.01, 62, 5, 10, 200]:4520 595 262 76
[0.01, 62, 5, 10, 200]:4535 580 265 73
[0.01, 62, 5, 10, 200]:4540 575 277 61
[0.01, 62, 5, 10, 200]:4521 593 262 77
[0.01, 62, 5, 10, 200]:4514 601 277 61
[0.01, 62, 5, 10, 200]:4544 570 265 73
[0.01, 62, 5, 10, 200]:4584 530 285 54
[0.01, 62, 5, 10, 200]:4560 555 267 71
[0.01, 62, 5, 10, 200]:4573 541 278 61
[0.01, 62, 5, 10, 200]:4545 569 265 73
[0.01, 62, 5, 10, 200]:4565 549 264 75
[0.01, 62, 5, 10, 200]:4554 561 270 68
[0.01, 62, 5, 10, 200]:4532 582 268 71
[0.01, 82, 5, 10, 1454]:4531 584 269 69
[0.01, 82, 5, 10, 1454]:4545 569 266 73
[0.01, 82, 5, 10, 1454]:4551 563 264 74
[0.01, 82, 5, 10, 1454]:4541 574 261 77
[0.01, 82, 5, 10, 1454]:4558 556 262 77
[0.01, 82, 5, 10, 1454]:4597 517 283 56
[0.01, 82, 5, 10, 1454]:4548 567 270 68
[0.01, 82, 5, 10, 1454]:4547 567 273 66
[0.01, 82, 5, 10, 1454]:4545 570 277 61
[0.01, 82, 5, 10, 1454]:4566 549 271 67
[0.012593963223018529, 92, 5, 10, 200]:4584 531 273 65
[0.012593963223018529, 92, 5, 10, 200]:4573 542 273 65
[0.012593963223018529, 92, 5, 10, 200]:4563 551 277 62
[0.012593963223018529, 92, 5, 10, 200]:4576 539 273 65
[0.012593963223018529, 92, 5, 10, 200]:4574 541 279 59
[0.012593963223018529, 92, 5, 10, 200]:4579 536 284 54
[0.012593963223018529, 92, 5, 10, 200]:4564 550 264 74
[0.012593963223018529, 92, 5, 10, 200]:4603 511 272 67
[0.012593963223018529, 92, 5, 10, 200]:4561 553 269 70
[0.012593963223018529, 92, 5, 10, 200]:4584 530 280 59
[0.01, 100, 3, 9, 484]:4859 256 318 20
[0.01, 100, 3, 9, 484]:4868 246 303 35
[0.01, 100, 3, 9, 484]:4861 254 310 28
[0.01, 100, 3, 9, 484]:4845 269 305 34
[0.01, 100, 3, 9, 484]:4868 247 306 32
[0.01, 100, 3, 9, 484]:4871 243 306 33
[0.01, 100, 3, 9, 484]:4864 251 304 34
[0.01, 100, 3, 9, 484]:4847 267 300 39
[0.01, 100, 3, 9, 484]:4876 238 313 26
[0.01, 100, 3, 9, 484]:4875 240 304 34
[0.01, 89, 3, 10, 2000]:4834 281 306 32
[0.01, 89, 3, 10, 2000]:4857 257 308 31
[0.01, 89, 3, 10, 2000]:4832 283 297 41
[0.01, 89, 3, 10, 2000]:4834 281 303 35
[0.01, 89, 3, 10, 2000]:4831 283 304 35
[0.01, 89, 3, 10, 2000]:4838 276 300 38
[0.01, 89, 3, 10, 2000]:4832 283 309 29
[0.01, 89, 3, 10, 2000]:4812 302 294 45
[0.01, 89, 3, 10, 2000]:4791 323 304 35
[0.01, 89, 3, 10, 2000]:4817 298 307 31
