[0.06567989214839962, 15, 3, 2, 390]:4994 119 332 8
[0.06567989214839962, 15, 3, 2, 390]:5028 85 334 6
[0.06567989214839962, 15, 3, 2, 390]:4945 168 332 8
[0.06567989214839962, 15, 3, 2, 390]:4992 121 335 5
[0.06567989214839962, 15, 3, 2, 390]:5037 77 334 5
[0.06567989214839962, 15, 3, 2, 390]:5049 64 338 2
[0.06567989214839962, 15, 3, 2, 390]:5029 84 337 3
[0.06567989214839962, 15, 3, 2, 390]:5007 106 335 5
[0.06567989214839962, 15, 3, 2, 390]:5018 95 335 4
[0.06567989214839962, 15, 3, 2, 390]:5018 95 334 6
[0.13566926666822085, 18, 1, 5, 1173]:5104 9 339 1
[0.13566926666822085, 18, 1, 5, 1173]:5106 7 340 0
[0.13566926666822085, 18, 1, 5, 1173]:5103 10 339 1
[0.13566926666822085, 18, 1, 5, 1173]:5101 12 340 0
[0.13566926666822085, 18, 1, 5, 1173]:5105 8 340 0
[0.13566926666822085, 18, 1, 5, 1173]:5108 5 339 1
[0.13566926666822085, 18, 1, 5, 1173]:5108 5 338 1
[0.13566926666822085, 18, 1, 5, 1173]:5100 14 339 0
[0.13566926666822085, 18, 1, 5, 1173]:5107 6 340 0
[0.13566926666822085, 18, 1, 5, 1173]:5104 9 340 0
[0.3125231248110557, 75, 3, 6, 1387]:5113 0 340 0
[0.3125231248110557, 75, 3, 6, 1387]:5113 0 339 0
[0.3125231248110557, 75, 3, 6, 1387]:5113 0 340 0
[0.3125231248110557, 75, 3, 6, 1387]:5113 0 340 0
[0.3125231248110557, 75, 3, 6, 1387]:5114 0 339 0
[0.3125231248110557, 75, 3, 6, 1387]:5113 0 340 0
[0.3125231248110557, 75, 3, 6, 1387]:5113 0 340 0
[0.3125231248110557, 75, 3, 6, 1387]:5113 0 340 0
[0.3125231248110557, 75, 3, 6, 1387]:5113 0 340 0
[0.3125231248110557, 75, 3, 6, 1387]:5113 0 340 0
[0.7855409523595707, 99, 5, 3, 205]:5114 0 339 0
[0.7855409523595707, 99, 5, 3, 205]:5113 0 340 0
[0.7855409523595707, 99, 5, 3, 205]:5113 0 340 0
[0.7855409523595707, 99, 5, 3, 205]:5113 0 340 0
[0.7855409523595707, 99, 5, 3, 205]:5113 0 340 0
[0.7855409523595707, 99, 5, 3, 205]:5113 0 339 0
[0.7855409523595707, 99, 5, 3, 205]:5113 0 340 0
[0.17769784709219527, 84, 5, 7, 218]:5113 0 339 0
[0.17769784709219527, 84, 5, 7, 218]:5113 0 340 0
[0.17769784709219527, 84, 5, 7, 218]:5113 0 340 0
[0.17769784709219527, 84, 5, 7, 218]:5113 0 340 0
[0.17769784709219527, 84, 5, 7, 218]:5113 0 340 0
[0.17769784709219527, 84, 5, 7, 218]:5113 0 340 0
[0.7855409523595707, 99, 5, 3, 205]:5113 0 340 0
[0.17769784709219527, 84, 5, 7, 218]:5113 0 340 0
[0.7855409523595707, 99, 5, 3, 205]:5113 0 340 0
[0.7855409523595707, 99, 5, 3, 205]:5113 0 340 0
[0.17769784709219527, 84, 5, 7, 218]:5113 0 340 0
[0.17769784709219527, 84, 5, 7, 218]:5114 0 339 0
[0.17769784709219527, 84, 5, 7, 218]:5113 0 340 0
[0.57673167408156, 88, 4, 5, 1436]:5113 0 340 0
[0.57673167408156, 88, 4, 5, 1436]:5113 0 340 0
[0.57673167408156, 88, 4, 5, 1436]:5114 0 339 0
[0.57673167408156, 88, 4, 5, 1436]:5113 0 340 0
[0.57673167408156, 88, 4, 5, 1436]:5113 0 340 0
[0.57673167408156, 88, 4, 5, 1436]:5113 0 340 0
[0.57673167408156, 88, 4, 5, 1436]:5113 0 340 0
[0.57673167408156, 88, 4, 5, 1436]:5113 0 340 0
[0.57673167408156, 88, 4, 5, 1436]:5113 0 340 0
[0.57673167408156, 88, 4, 5, 1436]:5113 0 339 0
[0.36126378642564694, 69, 3, 9, 400]:5113 0 340 0
[0.36126378642564694, 69, 3, 9, 400]:5113 0 340 0
[0.36126378642564694, 69, 3, 9, 400]:5113 0 340 0
[0.36126378642564694, 69, 3, 9, 400]:5113 0 340 0
[0.36126378642564694, 69, 3, 9, 400]:5113 0 340 0
[0.36126378642564694, 69, 3, 9, 400]:5113 0 339 0
[0.36126378642564694, 69, 3, 9, 400]:5113 0 340 0
[0.36126378642564694, 69, 3, 9, 400]:5113 0 340 0
[0.36126378642564694, 69, 3, 9, 400]:5113 0 340 0
[0.36126378642564694, 69, 3, 9, 400]:5114 0 339 0
[0.31969230992749426, 83, 3, 6, 1258]:5113 0 340 0
[0.31969230992749426, 83, 3, 6, 1258]:5113 0 340 0
[0.31969230992749426, 83, 3, 6, 1258]:5114 0 339 0
[0.31969230992749426, 83, 3, 6, 1258]:5113 0 340 0
[0.31969230992749426, 83, 3, 6, 1258]:5113 0 340 0
[0.31969230992749426, 83, 3, 6, 1258]:5113 0 340 0
[0.31969230992749426, 83, 3, 6, 1258]:5113 0 340 0
[0.31969230992749426, 83, 3, 6, 1258]:5113 0 340 0
[0.31969230992749426, 83, 3, 6, 1258]:5113 0 339 0
[0.31969230992749426, 83, 3, 6, 1258]:5113 0 340 0
[0.07954529792245228, 95, 5, 3, 1785]:5085 28 338 2
[0.07954529792245228, 95, 5, 3, 1785]:5079 34 336 4
[0.07954529792245228, 95, 5, 3, 1785]:5090 23 339 1
[0.07954529792245228, 95, 5, 3, 1785]:5077 36 337 3
[0.07954529792245228, 95, 5, 3, 1785]:5082 31 338 2
[0.07954529792245228, 95, 5, 3, 1785]:5081 32 336 3
[0.07954529792245228, 95, 5, 3, 1785]:5084 30 336 3
[0.07954529792245228, 95, 5, 3, 1785]:5093 20 338 2
[0.07954529792245228, 95, 5, 3, 1785]:5089 24 338 2
[0.07954529792245228, 95, 5, 3, 1785]:5079 34 339 1
[0.04134163170400271, 5, 1, 5, 200]:49 5064 1 339
[0.04134163170400271, 5, 1, 5, 200]:36 5078 3 336
[0.04134163170400271, 5, 1, 5, 200]:61 5052 4 336
[0.04134163170400271, 5, 1, 5, 200]:43 5070 3 337
[0.04134163170400271, 5, 1, 5, 200]:40 5073 3 337
[0.04134163170400271, 5, 1, 5, 200]:59 5054 4 335
[0.04134163170400271, 5, 1, 5, 200]:46 5067 3 337
[0.04134163170400271, 5, 1, 5, 200]:55 5058 5 335
[0.04134163170400271, 5, 1, 5, 200]:47 5066 0 340
[0.04134163170400271, 5, 1, 5, 200]:57 5056 5 335
[0.06253580999796694, 94, 4, 7, 1357]:4930 183 327 13
[0.06253580999796694, 94, 4, 7, 1357]:368 4745 31 309
[0.06253580999796694, 94, 4, 7, 1357]:4940 174 329 10
[0.06253580999796694, 94, 4, 7, 1357]:365 4748 31 308
[0.06253580999796694, 94, 4, 7, 1357]:4967 146 332 8
[0.06253580999796694, 94, 4, 7, 1357]:4921 192 333 7
[0.06253580999796694, 94, 4, 7, 1357]:4958 155 332 8
[0.020326748222740287, 93, 3, 7, 1407]:179 4934 9 331
[0.020326748222740287, 93, 3, 7, 1407]:208 4905 8 332
[0.06253580999796694, 94, 4, 7, 1357]:4934 179 325 15
[0.020326748222740287, 93, 3, 7, 1407]:171 4942 10 330
[0.06253580999796694, 94, 4, 7, 1357]:4961 152 330 10
[0.020326748222740287, 93, 3, 7, 1407]:196 4917 14 326
[0.020326748222740287, 93, 3, 7, 1407]:156 4957 8 332
[0.020326748222740287, 93, 3, 7, 1407]:163 4950 9 331
[0.06253580999796694, 94, 4, 7, 1357]:360 4753 34 306
[0.020326748222740287, 93, 3, 7, 1407]:166 4947 7 333
[0.020326748222740287, 93, 3, 7, 1407]:138 4976 8 331
[0.020326748222740287, 93, 3, 7, 1407]:180 4933 16 324
[0.020326748222740287, 93, 3, 7, 1407]:148 4965 9 330
[0.032885763842733964, 10, 1, 6, 364]:106 5007 10 330
[0.032885763842733964, 10, 1, 6, 364]:147 4966 8 332
[0.032885763842733964, 10, 1, 6, 364]:124 4989 9 331
[0.031582373671684115, 5, 3, 10, 587]:31 5082 0 340
[0.031582373671684115, 5, 3, 10, 587]:27 5087 2 337
[0.031582373671684115, 5, 3, 10, 587]:34 5079 3 337
[0.031582373671684115, 5, 3, 10, 587]:43 5070 3 337
[0.032885763842733964, 10, 1, 6, 364]:114 4999 4 336
[0.032885763842733964, 10, 1, 6, 364]:108 5005 7 333
[0.032885763842733964, 10, 1, 6, 364]:88 5026 7 332
[0.031582373671684115, 5, 3, 10, 587]:33 5080 1 338
[0.032885763842733964, 10, 1, 6, 364]:109 5004 5 335
[0.031582373671684115, 5, 3, 10, 587]:47 5066 3 337
[0.031582373671684115, 5, 3, 10, 587]:24 5089 2 338
[0.032885763842733964, 10, 1, 6, 364]:132 4981 4 336
[0.032885763842733964, 10, 1, 6, 364]:105 5008 5 335
[0.032885763842733964, 10, 1, 6, 364]:100 5013 5 334
[0.031582373671684115, 5, 3, 10, 587]:21 5092 3 337
[0.031582373671684115, 5, 3, 10, 587]:27 5086 1 339
[0.031582373671684115, 5, 3, 10, 587]:34 5079 3 337
[0.012204361045852229, 78, 5, 10, 855]:132 4981 8 332
[0.012204361045852229, 78, 5, 10, 855]:123 4990 6 334
[0.012204361045852229, 78, 5, 10, 855]:110 5004 6 333
[0.012204361045852229, 78, 5, 10, 855]:166 4947 7 333
[0.012204361045852229, 78, 5, 10, 855]:115 4998 7 332
[0.012204361045852229, 78, 5, 10, 855]:148 4965 12 328
[0.012204361045852229, 78, 5, 10, 855]:138 4975 8 332
[0.012204361045852229, 78, 5, 10, 855]:116 4997 7 333
[0.012204361045852229, 78, 5, 10, 855]:143 4970 7 333
[0.012204361045852229, 78, 5, 10, 855]:136 4977 9 331
[0.016369355901173898, 78, 4, 2, 848]:165 4948 9 331
[0.016369355901173898, 78, 4, 2, 848]:185 4928 14 326
[0.016369355901173898, 78, 4, 2, 848]:144 4969 8 332
[0.016369355901173898, 78, 4, 2, 848]:128 4986 6 333
[0.016369355901173898, 78, 4, 2, 848]:142 4971 9 330
[0.016369355901173898, 78, 4, 2, 848]:148 4965 9 331
[0.016369355901173898, 78, 4, 2, 848]:164 4949 10 330
[0.016369355901173898, 78, 4, 2, 848]:152 4961 6 334
[0.016369355901173898, 78, 4, 2, 848]:161 4952 13 327
[0.016369355901173898, 78, 4, 2, 848]:198 4915 8 332
[0.011987216290525023, 16, 3, 2, 1947]:82 5032 5 334
[0.011987216290525023, 16, 3, 2, 1947]:107 5006 2 338
[0.011987216290525023, 16, 3, 2, 1947]:100 5013 5 335
[0.011987216290525023, 16, 3, 2, 1947]:105 5008 5 335
[0.011987216290525023, 16, 3, 2, 1947]:103 5010 5 335
[0.011987216290525023, 16, 3, 2, 1947]:146 4967 7 333
[0.011987216290525023, 16, 3, 2, 1947]:102 5011 9 331
[0.011987216290525023, 16, 3, 2, 1947]:89 5024 4 335
[0.011987216290525023, 16, 3, 2, 1947]:110 5003 8 332
[0.011987216290525023, 16, 3, 2, 1947]:92 5021 5 335
[0.04013054040748804, 100, 1, 10, 2000]:222 4892 12 327
[0.04013054040748804, 100, 1, 10, 2000]:256 4857 28 312
[0.04013054040748804, 100, 1, 10, 2000]:245 4868 13 327
[0.04013054040748804, 100, 1, 10, 2000]:236 4877 12 328
[0.04013054040748804, 100, 1, 10, 2000]:222 4891 15 325
[0.04013054040748804, 100, 1, 10, 2000]:269 4844 9 331
[0.04013054040748804, 100, 1, 10, 2000]:230 4883 14 326
[0.04013054040748804, 100, 1, 10, 2000]:219 4894 14 326
[0.04013054040748804, 100, 1, 10, 2000]:278 4835 21 319
[0.04013054040748804, 100, 1, 10, 2000]:231 4882 16 323
[0.01, 100, 1, 6, 200]:214 4899 14 326
[0.01, 100, 1, 6, 200]:171 4942 9 331
[0.01, 100, 1, 6, 200]:169 4944 13 327
[0.01, 100, 1, 6, 200]:221 4892 9 331
[0.01, 100, 1, 6, 200]:171 4942 12 327
[0.01, 100, 1, 6, 200]:193 4920 17 323
[0.01, 100, 1, 6, 200]:189 4924 10 330
[0.01, 100, 1, 6, 200]:181 4932 10 330
[0.01, 100, 1, 6, 200]:152 4962 10 329
[0.01, 100, 1, 6, 200]:188 4925 8 332
[0.016180074322946405, 29, 1, 10, 893]:176 4937 13 327
[0.016180074322946405, 29, 1, 10, 893]:173 4940 11 328
[0.016180074322946405, 29, 1, 10, 893]:200 4913 21 319
[0.016180074322946405, 29, 1, 10, 893]:230 4883 9 331
[0.016180074322946405, 29, 1, 10, 893]:190 4923 11 329
[0.016180074322946405, 29, 1, 10, 893]:220 4893 14 326
[0.016180074322946405, 29, 1, 10, 893]:188 4925 8 332
[0.016180074322946405, 29, 1, 10, 893]:173 4940 9 331
[0.016180074322946405, 29, 1, 10, 893]:198 4915 11 329
[0.016180074322946405, 29, 1, 10, 893]:159 4955 9 330
[0.01389604332378018, 100, 5, 6, 200]:117 4996 7 332
[0.01389604332378018, 100, 5, 6, 200]:109 5005 6 333
[0.01389604332378018, 100, 5, 6, 200]:134 4979 8 332
[0.01389604332378018, 100, 5, 6, 200]:156 4957 12 328
[0.01389604332378018, 100, 5, 6, 200]:143 4970 7 333
[0.01389604332378018, 100, 5, 6, 200]:169 4944 7 333
[0.01389604332378018, 100, 5, 6, 200]:126 4987 6 334
[0.01389604332378018, 100, 5, 6, 200]:117 4996 7 333
[0.01389604332378018, 100, 5, 6, 200]:148 4965 9 331
[0.01389604332378018, 100, 5, 6, 200]:140 4973 7 333
[0.024085754261922655, 5, 5, 2, 2000]:28 5085 2 338
[0.01, 5, 1, 10, 2000]:12 5101 1 339
[0.024085754261922655, 5, 5, 2, 2000]:18 5096 2 337
[0.01, 5, 1, 10, 2000]:20 5093 2 338
[0.01, 5, 1, 10, 2000]:12 5101 2 338
[0.024085754261922655, 5, 5, 2, 2000]:20 5093 1 338
[0.024085754261922655, 5, 5, 2, 2000]:20 5093 0 340
[0.024085754261922655, 5, 5, 2, 2000]:34 5079 3 337
[0.01, 5, 1, 10, 2000]:12 5101 1 339
[0.01, 5, 1, 10, 2000]:11 5102 0 340
[0.024085754261922655, 5, 5, 2, 2000]:15 5098 2 338
[0.024085754261922655, 5, 5, 2, 2000]:26 5087 3 337
[0.01, 5, 1, 10, 2000]:6 5107 0 339
[0.01, 5, 1, 10, 2000]:18 5095 1 339
[0.024085754261922655, 5, 5, 2, 2000]:33 5080 3 337
[0.024085754261922655, 5, 5, 2, 2000]:18 5095 1 339
[0.01, 5, 1, 10, 2000]:20 5093 1 339
[0.01, 5, 1, 10, 2000]:13 5101 0 339
[0.01, 5, 1, 10, 2000]:15 5098 0 340
[0.024085754261922655, 5, 5, 2, 2000]:16 5097 1 339
[0.03503806000608808, 100, 5, 2, 2000]:162 4952 8 331
[0.03503806000608808, 100, 5, 2, 2000]:170 4943 9 331
[0.03503806000608808, 100, 5, 2, 2000]:218 4895 15 325
[0.03503806000608808, 100, 5, 2, 2000]:172 4941 11 328
[0.03503806000608808, 100, 5, 2, 2000]:226 4887 8 332
[0.03503806000608808, 100, 5, 2, 2000]:190 4923 8 332
[0.03503806000608808, 100, 5, 2, 2000]:205 4908 19 321
[0.03503806000608808, 100, 5, 2, 2000]:187 4926 11 329
[0.03503806000608808, 100, 5, 2, 2000]:195 4918 10 330
[0.03503806000608808, 100, 5, 2, 2000]:166 4947 12 328
[0.023643861185242063, 5, 5, 10, 200]:18 5095 1 338
[0.023643861185242063, 5, 5, 10, 200]:35 5078 3 337
[0.023643861185242063, 5, 5, 10, 200]:19 5094 2 338
[0.023643861185242063, 5, 5, 10, 200]:18 5095 1 339
[0.023643861185242063, 5, 5, 10, 200]:25 5088 0 340
[0.023643861185242063, 5, 5, 10, 200]:16 5097 2 338
[0.023643861185242063, 5, 5, 10, 200]:20 5093 0 340
[0.023643861185242063, 5, 5, 10, 200]:30 5083 1 339
[0.023643861185242063, 5, 5, 10, 200]:18 5096 2 337
[0.023643861185242063, 5, 5, 10, 200]:24 5089 3 337
[0.02627317458904417, 100, 1, 10, 200]:207 4906 10 330
[0.02627317458904417, 100, 1, 10, 200]:202 4911 11 329
[0.02627317458904417, 100, 1, 10, 200]:173 4941 9 330
[0.02627317458904417, 100, 1, 10, 200]:184 4929 12 327
[0.02627317458904417, 100, 1, 10, 200]:208 4905 11 329
[0.02627317458904417, 100, 1, 10, 200]:236 4877 17 323
[0.02627317458904417, 100, 1, 10, 200]:192 4921 12 328
[0.02627317458904417, 100, 1, 10, 200]:244 4869 9 331
[0.02627317458904417, 100, 1, 10, 200]:229 4884 26 314
[0.02627317458904417, 100, 1, 10, 200]:204 4909 14 326
[0.01, 50, 4, 2, 1079]:139 4974 9 331
[0.01, 50, 4, 2, 1079]:144 4969 10 330
[0.01, 50, 4, 2, 1079]:126 4988 6 333
[0.01, 50, 4, 2, 1079]:131 4982 8 331
[0.01, 50, 4, 2, 1079]:156 4957 9 331
[0.01, 50, 4, 2, 1079]:160 4953 8 332
[0.01, 50, 4, 2, 1079]:185 4928 7 333
[0.01, 50, 4, 2, 1079]:137 4976 7 333
[0.01, 50, 4, 2, 1079]:145 4968 6 334
[0.01, 50, 4, 2, 1079]:175 4938 14 326
[0.014191160224051815, 5, 4, 3, 463]:10 5103 0 339
[0.014191160224051815, 5, 4, 3, 463]:12 5101 2 338
[0.014191160224051815, 5, 4, 3, 463]:11 5102 1 339
[0.014191160224051815, 5, 4, 3, 463]:17 5096 0 340
[0.014191160224051815, 5, 4, 3, 463]:22 5091 1 339
[0.014191160224051815, 5, 4, 3, 463]:14 5099 0 340
[0.014191160224051815, 5, 4, 3, 463]:20 5093 3 337
[0.014191160224051815, 5, 4, 3, 463]:13 5100 1 339
[0.014191160224051815, 5, 4, 3, 463]:14 5100 0 339
[0.014191160224051815, 5, 4, 3, 463]:23 5090 2 338
[0.019853165103542434, 34, 4, 2, 307]:201 4912 8 332
[0.019853165103542434, 34, 4, 2, 307]:188 4925 14 326
[0.019853165103542434, 34, 4, 2, 307]:146 4967 9 331
[0.019853165103542434, 34, 4, 2, 307]:161 4952 7 333
[0.019853165103542434, 34, 4, 2, 307]:147 4966 8 332
[0.019853165103542434, 34, 4, 2, 307]:131 4983 6 333
[0.019853165103542434, 34, 4, 2, 307]:168 4945 13 327
[0.019853165103542434, 34, 4, 2, 307]:167 4946 10 330
[0.019853165103542434, 34, 4, 2, 307]:166 4947 9 331
[0.019853165103542434, 34, 4, 2, 307]:141 4972 9 330
[0.03753996277501041, 35, 5, 9, 806]:161 4953 9 330
[0.03753996277501041, 35, 5, 9, 806]:228 4885 18 322
[0.03753996277501041, 35, 5, 9, 806]:197 4916 10 330
[0.03753996277501041, 35, 5, 9, 806]:172 4941 9 331
[0.03753996277501041, 35, 5, 9, 806]:209 4904 22 318
[0.03753996277501041, 35, 5, 9, 806]:230 4883 8 332
[0.03753996277501041, 35, 5, 9, 806]:189 4924 11 329
[0.03753996277501041, 35, 5, 9, 806]:171 4942 13 327
[0.03753996277501041, 35, 5, 9, 806]:199 4914 9 331
[0.03753996277501041, 35, 5, 9, 806]:174 4939 11 328
[0.0439040951448324, 100, 5, 2, 200]:234 4879 25 315
[0.0439040951448324, 100, 5, 2, 200]:244 4869 8 332
[0.0439040951448324, 100, 5, 2, 200]:221 4892 12 328
[0.0439040951448324, 100, 5, 2, 200]:186 4927 13 327
[0.0439040951448324, 100, 5, 2, 200]:182 4931 10 330
[0.0439040951448324, 100, 5, 2, 200]:219 4894 10 330
[0.0439040951448324, 100, 5, 2, 200]:169 4945 8 331
[0.0439040951448324, 100, 5, 2, 200]:247 4866 19 321
[0.0439040951448324, 100, 5, 2, 200]:208 4905 13 326
[0.0439040951448324, 100, 5, 2, 200]:195 4918 11 329
[0.037432338489732035, 5, 1, 2, 1552]:31 5083 2 337
[0.037432338489732035, 5, 1, 2, 1552]:54 5059 3 336
[0.037432338489732035, 5, 1, 2, 1552]:43 5070 0 340
[0.037432338489732035, 5, 1, 2, 1552]:37 5076 2 338
[0.037432338489732035, 5, 1, 2, 1552]:45 5068 6 334
[0.037432338489732035, 5, 1, 2, 1552]:43 5070 3 337
[0.037432338489732035, 5, 1, 2, 1552]:60 5053 4 336
[0.037432338489732035, 5, 1, 2, 1552]:35 5078 1 339
[0.037432338489732035, 5, 1, 2, 1552]:51 5062 5 335
[0.037432338489732035, 5, 1, 2, 1552]:32 5081 3 337
[0.04704122533242447, 99, 3, 3, 1323]:225 4888 13 327
[0.04704122533242447, 99, 3, 3, 1323]:259 4854 9 331
[0.04704122533242447, 99, 3, 3, 1323]:208 4906 12 327
[0.04704122533242447, 99, 3, 3, 1323]:236 4877 11 329
[0.04704122533242447, 99, 3, 3, 1323]:298 4815 28 312
[0.04704122533242447, 99, 3, 3, 1323]:226 4887 15 325
[0.04704122533242447, 99, 3, 3, 1323]:211 4902 12 328
[0.04704122533242447, 99, 3, 3, 1323]:259 4854 28 312
[0.04704122533242447, 99, 3, 3, 1323]:243 4870 13 327
[0.04704122533242447, 99, 3, 3, 1323]:228 4885 15 324
[0.9887856831301458, 7, 3, 7, 1061]:5113 0 340 0
[0.9887856831301458, 7, 3, 7, 1061]:5113 0 340 0
[0.9887856831301458, 7, 3, 7, 1061]:5113 0 340 0
[0.9887856831301458, 7, 3, 7, 1061]:5113 0 340 0
[0.9887856831301458, 7, 3, 7, 1061]:5113 0 340 0
[0.9887856831301458, 7, 3, 7, 1061]:5113 0 340 0
[0.9887856831301458, 7, 3, 7, 1061]:5113 0 340 0
[0.9887856831301458, 7, 3, 7, 1061]:5114 0 339 0
[0.9887856831301458, 7, 3, 7, 1061]:5113 0 340 0
[0.9887856831301458, 7, 3, 7, 1061]:5113 0 339 0
[0.030100256321661845, 91, 2, 9, 1976]:198 4915 11 329
[0.030100256321661845, 91, 2, 9, 1976]:211 4902 21 319
[0.030100256321661845, 91, 2, 9, 1976]:177 4936 11 328
[0.030100256321661845, 91, 2, 9, 1976]:234 4879 17 323
[0.030100256321661845, 91, 2, 9, 1976]:201 4912 9 331
[0.030100256321661845, 91, 2, 9, 1976]:179 4934 10 330
[0.030100256321661845, 91, 2, 9, 1976]:237 4876 9 331
[0.030100256321661845, 91, 2, 9, 1976]:183 4930 14 326
[0.030100256321661845, 91, 2, 9, 1976]:203 4910 11 329
[0.01111698343284602, 100, 1, 2, 2000]:220 4893 14 326
[0.01111698343284602, 100, 1, 2, 2000]:194 4919 18 322
[0.01111698343284602, 100, 1, 2, 2000]:181 4932 10 330
[0.030100256321661845, 91, 2, 9, 1976]:168 4946 9 330
[0.01111698343284602, 100, 1, 2, 2000]:175 4938 9 331
[0.01111698343284602, 100, 1, 2, 2000]:157 4957 10 329
[0.01111698343284602, 100, 1, 2, 2000]:174 4939 13 327
[0.01111698343284602, 100, 1, 2, 2000]:188 4925 8 332
[0.01111698343284602, 100, 1, 2, 2000]:228 4885 9 331
[0.01111698343284602, 100, 1, 2, 2000]:192 4921 10 330
[0.01111698343284602, 100, 1, 2, 2000]:170 4943 11 328
[0.017789376304241024, 6, 4, 5, 251]:21 5093 2 337
[0.017789376304241024, 6, 4, 5, 251]:22 5091 1 338
[0.017789376304241024, 6, 4, 5, 251]:26 5087 1 339
[0.017789376304241024, 6, 4, 5, 251]:31 5082 3 337
[0.017789376304241024, 6, 4, 5, 251]:21 5092 0 340
[0.017789376304241024, 6, 4, 5, 251]:18 5095 1 339
[0.017789376304241024, 6, 4, 5, 251]:19 5094 2 338
[0.017789376304241024, 6, 4, 5, 251]:18 5095 1 339
[0.017789376304241024, 6, 4, 5, 251]:35 5078 3 337
[0.026496579341517078, 5, 1, 2, 347]:28 5085 0 340
[0.017789376304241024, 6, 4, 5, 251]:30 5083 3 337
[0.026496579341517078, 5, 1, 2, 347]:23 5090 1 339
[0.026496579341517078, 5, 1, 2, 347]:28 5085 1 338
[0.026496579341517078, 5, 1, 2, 347]:34 5079 3 337
[0.026496579341517078, 5, 1, 2, 347]:30 5083 3 337
[0.026496579341517078, 5, 1, 2, 347]:40 5073 3 337
[0.026496579341517078, 5, 1, 2, 347]:20 5094 2 337
[0.026496579341517078, 5, 1, 2, 347]:20 5093 2 338
[0.026496579341517078, 5, 1, 2, 347]:37 5076 3 337
[0.026496579341517078, 5, 1, 2, 347]:20 5093 2 338
[0.010908808100668806, 5, 5, 6, 200]:12 5102 0 339
[0.010908808100668806, 5, 5, 6, 200]:20 5093 2 338
[0.010908808100668806, 5, 5, 6, 200]:18 5095 1 339
[0.010908808100668806, 5, 5, 6, 200]:17 5096 1 339
[0.010908808100668806, 5, 5, 6, 200]:10 5103 1 339
[0.010908808100668806, 5, 5, 6, 200]:11 5102 2 338
[0.010908808100668806, 5, 5, 6, 200]:14 5099 0 340
[0.010908808100668806, 5, 5, 6, 200]:10 5103 1 339
[0.010908808100668806, 5, 5, 6, 200]:6 5107 0 339
[0.010908808100668806, 5, 5, 6, 200]:13 5100 0 340
[0.02276984631117015, 100, 1, 2, 200]:209 4904 11 329
[0.02276984631117015, 100, 1, 2, 200]:216 4897 24 316
[0.02276984631117015, 100, 1, 2, 200]:200 4913 11 329
[0.02276984631117015, 100, 1, 2, 200]:184 4929 14 326
[0.02276984631117015, 100, 1, 2, 200]:184 4929 13 326
[0.02276984631117015, 100, 1, 2, 200]:240 4873 17 323
[0.02276984631117015, 100, 1, 2, 200]:189 4924 10 330
[0.02276984631117015, 100, 1, 2, 200]:246 4867 9 331
[0.02276984631117015, 100, 1, 2, 200]:203 4910 11 329
[0.02276984631117015, 100, 1, 2, 200]:170 4944 10 329
[0.01687848792900339, 5, 5, 2, 2000]:10 5103 0 339
[0.01687848792900339, 5, 5, 2, 2000]:16 5097 0 340
[0.01687848792900339, 5, 5, 2, 2000]:17 5096 0 340
[0.01687848792900339, 5, 5, 2, 2000]:23 5090 1 339
[0.046704843148340926, 8, 4, 3, 1905]:136 4977 7 333
[0.01687848792900339, 5, 5, 2, 2000]:15 5099 1 338
[0.01687848792900339, 5, 5, 2, 2000]:12 5101 2 338
[0.01687848792900339, 5, 5, 2, 2000]:27 5086 2 338
[0.01687848792900339, 5, 5, 2, 2000]:15 5098 1 339
[0.01687848792900339, 5, 5, 2, 2000]:20 5093 2 338
[0.01687848792900339, 5, 5, 2, 2000]:11 5102 1 339
[0.046704843148340926, 8, 4, 3, 1905]:98 5015 3 337
[0.046704843148340926, 8, 4, 3, 1905]:106 5007 4 336
[0.046704843148340926, 8, 4, 3, 1905]:122 4991 9 331
[0.046704843148340926, 8, 4, 3, 1905]:77 5037 6 333
[0.046704843148340926, 8, 4, 3, 1905]:110 5003 5 335
[0.046704843148340926, 8, 4, 3, 1905]:93 5020 4 335
[0.046704843148340926, 8, 4, 3, 1905]:119 4994 1 339
[0.046704843148340926, 8, 4, 3, 1905]:112 5001 11 329
[0.046704843148340926, 8, 4, 3, 1905]:100 5013 5 335
[0.04272604424402643, 100, 5, 2, 1238]:239 4874 19 321
[0.04272604424402643, 100, 5, 2, 1238]:211 4902 10 330
[0.04272604424402643, 100, 5, 2, 1238]:191 4922 13 327
[0.04272604424402643, 100, 5, 2, 1238]:237 4876 8 332
[0.04272604424402643, 100, 5, 2, 1238]:190 4923 13 327
[0.04272604424402643, 100, 5, 2, 1238]:191 4922 12 327
[0.04272604424402643, 100, 5, 2, 1238]:223 4890 24 316
[0.04272604424402643, 100, 5, 2, 1238]:174 4939 10 330
[0.04272604424402643, 100, 5, 2, 1238]:181 4933 9 330
[0.04272604424402643, 100, 5, 2, 1238]:214 4899 11 329
[0.04447394944963299, 44, 5, 10, 2000]:224 4889 11 329
[0.04447394944963299, 44, 5, 10, 2000]:203 4910 12 328
[0.04447394944963299, 44, 5, 10, 2000]:182 4932 10 329
[0.04447394944963299, 44, 5, 10, 2000]:239 4874 26 314
[0.04447394944963299, 44, 5, 10, 2000]:199 4914 12 327
[0.04447394944963299, 44, 5, 10, 2000]:240 4873 19 321
[0.04447394944963299, 44, 5, 10, 2000]:197 4916 13 327
[0.04447394944963299, 44, 5, 10, 2000]:223 4890 11 329
[0.04447394944963299, 44, 5, 10, 2000]:243 4870 8 332
[0.04447394944963299, 44, 5, 10, 2000]:177 4936 10 330
[0.014392132135315809, 72, 3, 5, 1994]:162 4951 6 334
[0.014392132135315809, 72, 3, 5, 1994]:148 4965 8 332
[0.014392132135315809, 72, 3, 5, 1994]:152 4961 9 331
[0.014392132135315809, 72, 3, 5, 1994]:161 4952 10 330
[0.014392132135315809, 72, 3, 5, 1994]:169 4944 10 330
[0.014392132135315809, 72, 3, 5, 1994]:133 4981 8 331
[0.014392132135315809, 72, 3, 5, 1994]:194 4919 14 326
[0.014392132135315809, 72, 3, 5, 1994]:147 4966 9 330
[0.014392132135315809, 72, 3, 5, 1994]:173 4940 9 331
[0.014392132135315809, 72, 3, 5, 1994]:208 4905 8 332
[0.012417001761399163, 89, 1, 2, 200]:181 4932 10 330
[0.012417001761399163, 89, 1, 2, 200]:184 4929 11 329
[0.012417001761399163, 89, 1, 2, 200]:160 4954 10 329
[0.012417001761399163, 89, 1, 2, 200]:228 4885 9 331
[0.012417001761399163, 89, 1, 2, 200]:175 4938 13 327
[0.012417001761399163, 89, 1, 2, 200]:223 4890 14 326
[0.012417001761399163, 89, 1, 2, 200]:191 4922 8 332
[0.012417001761399163, 89, 1, 2, 200]:204 4909 20 320
[0.012417001761399163, 89, 1, 2, 200]:192 4921 10 330
[0.012417001761399163, 89, 1, 2, 200]:164 4949 11 328
[0.025646511190483185, 95, 3, 10, 1210]:169 4944 10 330
[0.025646511190483185, 95, 3, 10, 1210]:182 4931 7 333
[0.025646511190483185, 95, 3, 10, 1210]:196 4917 10 330
[0.025646511190483185, 95, 3, 10, 1210]:171 4942 11 328
[0.025646511190483185, 95, 3, 10, 1210]:212 4901 14 326
[0.025646511190483185, 95, 3, 10, 1210]:221 4892 8 332
[0.025646511190483185, 95, 3, 10, 1210]:177 4936 10 330
[0.025646511190483185, 95, 3, 10, 1210]:151 4963 8 331
[0.025646511190483185, 95, 3, 10, 1210]:163 4950 10 330
[0.025646511190483185, 95, 3, 10, 1210]:196 4917 19 321
[0.047489985448454904, 100, 1, 9, 2000]:231 4883 13 326
[0.047489985448454904, 100, 1, 9, 2000]:261 4852 29 311
[0.047489985448454904, 100, 1, 9, 2000]:249 4864 13 327
[0.047489985448454904, 100, 1, 9, 2000]:263 4850 13 327
[0.047489985448454904, 100, 1, 9, 2000]:284 4829 9 331
[0.047489985448454904, 100, 1, 9, 2000]:252 4861 14 326
[0.047489985448454904, 100, 1, 9, 2000]:242 4871 17 322
[0.047489985448454904, 100, 1, 9, 2000]:243 4870 15 325
[0.047489985448454904, 100, 1, 9, 2000]:309 4804 28 312
[0.047489985448454904, 100, 1, 9, 2000]:236 4877 15 325
[0.05025798646428604, 43, 1, 3, 365]:252 4861 16 324
[0.05025798646428604, 43, 1, 3, 365]:312 4801 13 327
[0.05025798646428604, 43, 1, 3, 365]:253 4860 13 327
[0.05025798646428604, 43, 1, 3, 365]:269 4844 15 325
[0.05025798646428604, 43, 1, 3, 365]:239 4875 14 325
[0.05025798646428604, 43, 1, 3, 365]:265 4848 28 312
[0.05025798646428604, 43, 1, 3, 365]:255 4858 20 319
[0.05025798646428604, 43, 1, 3, 365]:257 4856 15 325
[0.05025798646428604, 43, 1, 3, 365]:306 4807 27 313
[0.05025798646428604, 43, 1, 3, 365]:247 4866 15 325
[0.020686189379125277, 5, 3, 10, 2000]:25 5088 1 339
[0.020686189379125277, 5, 3, 10, 2000]:17 5097 2 337
[0.020686189379125277, 5, 3, 10, 2000]:31 5082 3 337
[0.020686189379125277, 5, 3, 10, 2000]:15 5098 1 339
[0.020686189379125277, 5, 3, 10, 2000]:19 5094 0 340
[0.020686189379125277, 5, 3, 10, 2000]:15 5098 2 338
[0.020686189379125277, 5, 3, 10, 2000]:18 5095 1 339
[0.020686189379125277, 5, 3, 10, 2000]:22 5091 3 337
[0.020686189379125277, 5, 3, 10, 2000]:29 5084 1 339
[0.020686189379125277, 5, 3, 10, 2000]:19 5094 0 339
[0.01771431965955295, 97, 1, 7, 1683]:231 4882 16 324
[0.01771431965955295, 97, 1, 7, 1683]:177 4936 13 327
[0.01771431965955295, 97, 1, 7, 1683]:167 4947 10 329
[0.01771431965955295, 97, 1, 7, 1683]:204 4909 21 319
[0.01771431965955295, 97, 1, 7, 1683]:232 4881 9 331
[0.01771431965955295, 97, 1, 7, 1683]:178 4935 11 328
[0.01771431965955295, 97, 1, 7, 1683]:193 4920 11 329
[0.01771431965955295, 97, 1, 7, 1683]:198 4915 9 331
[0.01771431965955295, 97, 1, 7, 1683]:181 4932 10 330
[0.01771431965955295, 97, 1, 7, 1683]:203 4910 11 329
[0.0470750243481386, 42, 1, 2, 200]:244 4869 15 325
[0.0470750243481386, 42, 1, 2, 200]:308 4805 27 313
[0.0470750243481386, 42, 1, 2, 200]:305 4808 12 328
[0.0470750243481386, 42, 1, 2, 200]:255 4858 14 326
[0.0470750243481386, 42, 1, 2, 200]:240 4873 16 323
[0.0470750243481386, 42, 1, 2, 200]:268 4845 15 325
[0.0470750243481386, 42, 1, 2, 200]:255 4858 13 327
[0.0470750243481386, 42, 1, 2, 200]:267 4846 28 312
[0.0470750243481386, 42, 1, 2, 200]:243 4870 15 325
[0.0470750243481386, 42, 1, 2, 200]:232 4882 13 326
[0.10644782909627484, 99, 3, 6, 464]:5101 12 339 1
[0.10644782909627484, 99, 3, 6, 464]:5095 18 340 0
[0.10644782909627484, 99, 3, 6, 464]:5099 14 340 0
[0.10644782909627484, 99, 3, 6, 464]:5098 15 339 1
[0.10644782909627484, 99, 3, 6, 464]:5097 16 339 1
[0.10644782909627484, 99, 3, 6, 464]:5092 22 338 1
[0.10644782909627484, 99, 3, 6, 464]:5102 11 339 1
[0.10644782909627484, 99, 3, 6, 464]:5100 13 339 1
[0.10644782909627484, 99, 3, 6, 464]:5092 21 339 1
[0.10644782909627484, 99, 3, 6, 464]:5101 12 337 2
[0.09971866550375681, 37, 3, 10, 1825]:5089 25 337 2
[0.09971866550375681, 37, 3, 10, 1825]:5101 12 339 1
[0.09971866550375681, 37, 3, 10, 1825]:5101 12 339 1
[0.09971866550375681, 37, 3, 10, 1825]:5099 14 336 3
[0.09971866550375681, 37, 3, 10, 1825]:5099 14 339 1
[0.09971866550375681, 37, 3, 10, 1825]:5097 16 339 1
[0.09971866550375681, 37, 3, 10, 1825]:5092 21 339 1
[0.09971866550375681, 37, 3, 10, 1825]:5091 22 339 1
[0.09971866550375681, 37, 3, 10, 1825]:5097 16 339 1
[0.09971866550375681, 37, 3, 10, 1825]:5097 16 339 1
[0.05470468605963695, 5, 5, 10, 2000]:135 4978 9 331
[0.05470468605963695, 5, 5, 10, 2000]:123 4990 12 328
[0.05470468605963695, 5, 5, 10, 2000]:98 5015 4 335
[0.05470468605963695, 5, 5, 10, 2000]:113 5000 8 332
[0.05470468605963695, 5, 5, 10, 2000]:107 5006 1 339
[0.2407451915905114, 46, 5, 2, 1013]:5114 0 339 0
[0.2407451915905114, 46, 5, 2, 1013]:5113 0 340 0
[0.05470468605963695, 5, 5, 10, 2000]:96 5017 4 336
[0.05470468605963695, 5, 5, 10, 2000]:98 5015 5 335
[0.2407451915905114, 46, 5, 2, 1013]:5113 0 340 0
[0.05470468605963695, 5, 5, 10, 2000]:95 5018 3 337
[0.2407451915905114, 46, 5, 2, 1013]:5113 0 339 0
[0.2407451915905114, 46, 5, 2, 1013]:5113 0 340 0
[0.2407451915905114, 46, 5, 2, 1013]:5113 0 340 0
[0.2407451915905114, 46, 5, 2, 1013]:5113 0 340 0
[0.2407451915905114, 46, 5, 2, 1013]:5113 0 340 0
[0.05470468605963695, 5, 5, 10, 2000]:80 5034 6 333
[0.2407451915905114, 46, 5, 2, 1013]:5113 0 340 0
[0.05470468605963695, 5, 5, 10, 2000]:102 5011 5 335
[0.2407451915905114, 46, 5, 2, 1013]:5113 0 340 0
[0.229194242106942, 50, 1, 2, 1754]:5110 3 339 1
[0.229194242106942, 50, 1, 2, 1754]:5106 7 340 0
[0.229194242106942, 50, 1, 2, 1754]:5106 7 340 0
[0.229194242106942, 50, 1, 2, 1754]:5107 6 338 1
[0.229194242106942, 50, 1, 2, 1754]:5106 8 339 0
[0.229194242106942, 50, 1, 2, 1754]:5105 8 339 1
[0.229194242106942, 50, 1, 2, 1754]:5105 8 339 1
[0.229194242106942, 50, 1, 2, 1754]:5108 5 339 1
[0.229194242106942, 50, 1, 2, 1754]:5106 7 340 0
[0.229194242106942, 50, 1, 2, 1754]:5102 11 340 0
[0.48470970637145866, 7, 5, 2, 262]:5114 0 339 0
[0.48470970637145866, 7, 5, 2, 262]:5113 0 340 0
[0.48470970637145866, 7, 5, 2, 262]:5113 0 340 0
[0.48470970637145866, 7, 5, 2, 262]:5113 0 340 0
[0.48470970637145866, 7, 5, 2, 262]:5113 0 340 0
[0.48470970637145866, 7, 5, 2, 262]:5113 0 340 0
[0.48470970637145866, 7, 5, 2, 262]:5113 0 340 0
[0.48470970637145866, 7, 5, 2, 262]:5113 0 340 0
[0.48470970637145866, 7, 5, 2, 262]:5113 0 340 0
[0.48470970637145866, 7, 5, 2, 262]:5113 0 339 0
[0.47444070824910384, 100, 1, 10, 1368]:5113 0 340 0
[0.47444070824910384, 100, 1, 10, 1368]:5113 0 340 0
[0.47444070824910384, 100, 1, 10, 1368]:5114 0 339 0
[0.47444070824910384, 100, 1, 10, 1368]:5113 0 340 0
[0.47444070824910384, 100, 1, 10, 1368]:5113 0 340 0
[0.47444070824910384, 100, 1, 10, 1368]:5113 0 339 0
[0.47444070824910384, 100, 1, 10, 1368]:5113 0 340 0
[0.47444070824910384, 100, 1, 10, 1368]:5113 0 340 0
[0.47444070824910384, 100, 1, 10, 1368]:5113 0 340 0
[0.47444070824910384, 100, 1, 10, 1368]:5113 0 340 0
[0.46279478564756, 82, 2, 2, 1951]:5113 0 340 0
[0.46279478564756, 82, 2, 2, 1951]:5113 0 340 0
[0.46279478564756, 82, 2, 2, 1951]:5113 0 340 0
[0.46279478564756, 82, 2, 2, 1951]:5114 0 339 0
[0.46279478564756, 82, 2, 2, 1951]:5113 0 340 0
[0.46279478564756, 82, 2, 2, 1951]:5113 0 340 0
[0.46279478564756, 82, 2, 2, 1951]:5113 0 340 0
[0.46279478564756, 82, 2, 2, 1951]:5113 0 340 0
[0.46279478564756, 82, 2, 2, 1951]:5113 0 339 0
[0.46279478564756, 82, 2, 2, 1951]:5113 0 340 0
