[0.2674580894930149, 28, 1, 10, 243]:5026 86 332 9
[0.2674580894930149, 28, 1, 10, 243]:5022 90 336 5
[0.2674580894930149, 28, 1, 10, 243]:5006 106 328 13
[0.2674580894930149, 28, 1, 10, 243]:5009 102 336 6
[0.012193488980863323, 18, 4, 3, 559]:3850 1261 227 115
[0.012193488980863323, 18, 4, 3, 559]:3887 1225 229 112
[0.012193488980863323, 18, 4, 3, 559]:3825 1286 244 98
[0.2674580894930149, 28, 1, 10, 243]:5043 69 331 10
[0.012193488980863323, 18, 4, 3, 559]:3831 1280 242 100
[0.012193488980863323, 18, 4, 3, 559]:3870 1242 231 110
[0.2674580894930149, 28, 1, 10, 243]:5041 70 332 10
[0.012193488980863323, 18, 4, 3, 559]:3866 1245 226 116
[0.012193488980863323, 18, 4, 3, 559]:3914 1198 245 96
[0.012193488980863323, 18, 4, 3, 559]:3906 1205 250 91
[0.012193488980863323, 18, 4, 3, 559]:3842 1270 230 111
[0.012193488980863323, 18, 4, 3, 559]:3792 1319 242 100
[0.2674580894930149, 28, 1, 10, 243]:5038 73 335 7
[0.2674580894930149, 28, 1, 10, 243]:5029 82 337 5
[0.2674580894930149, 28, 1, 10, 243]:5036 75 336 6
[0.2674580894930149, 28, 1, 10, 243]:5027 84 333 8
[0.010524172457548725, 61, 2, 6, 297]:4720 392 311 30
[0.010524172457548725, 61, 2, 6, 297]:4659 453 292 49
[0.010524172457548725, 61, 2, 6, 297]:4704 408 299 42
[0.010524172457548725, 61, 2, 6, 297]:4696 416 294 47
[0.010524172457548725, 61, 2, 6, 297]:4669 442 307 35
[0.010524172457548725, 61, 2, 6, 297]:4702 409 297 45
[0.010524172457548725, 61, 2, 6, 297]:4687 424 304 38
[0.010524172457548725, 61, 2, 6, 297]:4705 406 311 31
[0.010524172457548725, 61, 2, 6, 297]:4698 413 296 46
[0.010524172457548725, 61, 2, 6, 297]:4689 422 312 29
[0.5159013932052959, 77, 4, 8, 1632]:5111 1 341 0
[0.5159013932052959, 77, 4, 8, 1632]:5109 2 342 0
[0.5159013932052959, 77, 4, 8, 1632]:5111 0 342 0
[0.5159013932052959, 77, 4, 8, 1632]:5110 1 342 0
[0.5159013932052959, 77, 4, 8, 1632]:5111 1 340 1
[0.5159013932052959, 77, 4, 8, 1632]:5110 1 342 0
[0.5159013932052959, 77, 4, 8, 1632]:5109 3 339 2
[0.5159013932052959, 77, 4, 8, 1632]:5112 0 339 2
[0.5159013932052959, 77, 4, 8, 1632]:5109 2 339 2
[0.5159013932052959, 77, 4, 8, 1632]:5107 4 340 2
[0.012708388714383055, 94, 2, 7, 1974]:4677 434 307 34
[0.012708388714383055, 94, 2, 7, 1974]:4671 440 307 35
[0.23867881534312638, 88, 3, 7, 1915]:5008 104 330 11
[0.23867881534312638, 88, 3, 7, 1915]:5047 65 330 11
[0.23867881534312638, 88, 3, 7, 1915]:5043 68 331 11
[0.23867881534312638, 88, 3, 7, 1915]:5016 95 332 9
[0.23867881534312638, 88, 3, 7, 1915]:5032 79 335 7
[0.23867881534312638, 88, 3, 7, 1915]:5026 85 334 8
[0.23867881534312638, 88, 3, 7, 1915]:5031 81 332 9
[0.23867881534312638, 88, 3, 7, 1915]:5031 81 332 9
[0.23867881534312638, 88, 3, 7, 1915]:5019 92 336 6
[0.012708388714383055, 94, 2, 7, 1974]:4694 418 307 34
[0.23867881534312638, 88, 3, 7, 1915]:5014 97 335 7
[0.012708388714383055, 94, 2, 7, 1974]:4675 436 295 47
[0.012708388714383055, 94, 2, 7, 1974]:4662 450 293 48
[0.012708388714383055, 94, 2, 7, 1974]:4650 461 304 38
[0.012708388714383055, 94, 2, 7, 1974]:4636 476 290 51
[0.012708388714383055, 94, 2, 7, 1974]:4679 432 293 49
[0.012708388714383055, 94, 2, 7, 1974]:4685 427 294 47
[0.012708388714383055, 94, 2, 7, 1974]:4665 446 299 43
[0.0372618942734021, 22, 2, 8, 239]:4643 469 293 48
[0.0372618942734021, 22, 2, 8, 239]:4688 423 298 44
[0.0372618942734021, 22, 2, 8, 239]:4662 449 307 35
[0.0372618942734021, 22, 2, 8, 239]:4687 425 296 45
[0.39794506295046467, 20, 5, 6, 348]:5106 5 341 1
[0.0372618942734021, 22, 2, 8, 239]:4726 386 306 35
[0.0372618942734021, 22, 2, 8, 239]:4690 422 298 43
[0.0372618942734021, 22, 2, 8, 239]:4669 442 297 45
[0.0372618942734021, 22, 2, 8, 239]:4697 414 305 36
[0.0372618942734021, 22, 2, 8, 239]:4676 435 293 49
[0.0372618942734021, 22, 2, 8, 239]:4687 424 303 39
[0.39794506295046467, 20, 5, 6, 348]:5105 6 342 0
[0.39794506295046467, 20, 5, 6, 348]:5105 6 339 2
[0.39794506295046467, 20, 5, 6, 348]:5111 1 340 1
[0.39794506295046467, 20, 5, 6, 348]:5107 4 338 4
[0.39794506295046467, 20, 5, 6, 348]:5101 10 339 3
[0.39794506295046467, 20, 5, 6, 348]:5106 6 339 2
[0.39794506295046467, 20, 5, 6, 348]:5106 6 339 2
[0.39794506295046467, 20, 5, 6, 348]:5107 5 340 1
[0.39794506295046467, 20, 5, 6, 348]:5109 2 342 0
[0.015780249232584583, 54, 1, 9, 504]:4711 400 299 43
[0.015780249232584583, 54, 1, 9, 504]:4716 396 292 49
[0.015780249232584583, 54, 1, 9, 504]:4686 425 308 34
[0.015780249232584583, 54, 1, 9, 504]:4729 383 305 36
[0.015780249232584583, 54, 1, 9, 504]:4674 438 291 50
[0.015780249232584583, 54, 1, 9, 504]:4712 399 305 37
[0.015780249232584583, 54, 1, 9, 504]:4719 393 300 41
[0.015780249232584583, 54, 1, 9, 504]:4716 395 293 49
[0.015780249232584583, 54, 1, 9, 504]:4707 404 309 32
[0.015780249232584583, 54, 1, 9, 504]:4697 414 302 40
[0.023453756185506026, 100, 5, 2, 200]:4398 713 283 58
[0.023453756185506026, 100, 5, 2, 200]:4390 722 271 70
[0.023453756185506026, 100, 5, 2, 200]:4416 696 287 54
[0.023453756185506026, 100, 5, 2, 200]:4345 766 264 78
[0.023453756185506026, 100, 5, 2, 200]:4354 758 272 69
[0.023453756185506026, 100, 5, 2, 200]:4369 742 274 68
[0.023453756185506026, 100, 5, 2, 200]:4400 712 267 74
[0.023453756185506026, 100, 5, 2, 200]:4406 705 266 76
[0.023453756185506026, 100, 5, 2, 200]:4352 759 271 71
[0.023453756185506026, 100, 5, 2, 200]:4360 751 279 63
[0.01876268691617241, 5, 5, 10, 2000]:6 5106 1 340
[0.01876268691617241, 5, 5, 10, 2000]:4 5107 1 340
[0.01876268691617241, 5, 5, 10, 2000]:3 5109 0 341
[0.01876268691617241, 5, 5, 10, 2000]:7 5105 1 340
[0.01876268691617241, 5, 5, 10, 2000]:6 5106 1 340
[0.01876268691617241, 5, 5, 10, 2000]:13 5098 1 341
[0.01876268691617241, 5, 5, 10, 2000]:17 5094 2 340
[0.01876268691617241, 5, 5, 10, 2000]:2 5109 0 342
[0.01876268691617241, 5, 5, 10, 2000]:2 5109 0 342
[0.01876268691617241, 5, 5, 10, 2000]:0 5111 0 342
[0.032485422390453156, 50, 3, 7, 1656]:4662 449 304 37
[0.032485422390453156, 50, 3, 7, 1656]:4648 463 301 41
[0.032485422390453156, 50, 3, 7, 1656]:4630 481 292 50
[0.032485422390453156, 50, 3, 7, 1656]:4659 453 297 44
[0.032485422390453156, 50, 3, 7, 1656]:4653 459 294 47
[0.032485422390453156, 50, 3, 7, 1656]:4640 471 294 48
[0.032485422390453156, 50, 3, 7, 1656]:4627 485 290 51
[0.032485422390453156, 50, 3, 7, 1656]:4626 485 306 36
[0.032485422390453156, 50, 3, 7, 1656]:4687 425 304 37
[0.032485422390453156, 50, 3, 7, 1656]:4644 467 287 55
[0.01, 100, 5, 2, 200]:4308 804 274 67
[0.01, 100, 5, 2, 200]:4281 830 277 64
[0.01, 100, 5, 2, 200]:4236 875 264 78
[0.01, 100, 5, 2, 200]:4257 854 263 79
[0.01, 100, 5, 2, 200]:4249 863 257 84
[0.01, 100, 5, 2, 200]:4286 826 264 77
[0.01, 100, 5, 2, 200]:4231 880 249 93
[0.01, 100, 5, 2, 200]:4272 839 253 89
[0.01, 100, 5, 2, 200]:4229 882 266 76
[0.01, 100, 5, 2, 200]:4264 848 261 80
[0.01, 5, 5, 2, 2000]:1 5111 0 341
[0.015951685780181527, 5, 5, 2, 2000]:2 5109 1 340
[0.01, 5, 5, 2, 2000]:1 5110 1 340
[0.015951685780181527, 5, 5, 2, 2000]:3 5109 1 340
[0.015951685780181527, 5, 5, 2, 2000]:10 5101 1 341
[0.01, 5, 5, 2, 2000]:7 5104 1 341
[0.015951685780181527, 5, 5, 2, 2000]:0 5111 0 342
[0.01, 5, 5, 2, 2000]:2 5109 0 342
[0.015951685780181527, 5, 5, 2, 2000]:2 5109 0 342
[0.015951685780181527, 5, 5, 2, 2000]:5 5106 1 341
[0.01, 5, 5, 2, 2000]:3 5108 0 342
[0.01, 5, 5, 2, 2000]:2 5110 0 341
[0.01, 5, 5, 2, 2000]:4 5107 1 341
[0.015951685780181527, 5, 5, 2, 2000]:3 5109 0 341
[0.015951685780181527, 5, 5, 2, 2000]:3 5109 0 341
[0.01, 5, 5, 2, 2000]:3 5109 0 341
[0.015951685780181527, 5, 5, 2, 2000]:1 5110 0 342
[0.01, 5, 5, 2, 2000]:0 5111 0 342
[0.015951685780181527, 5, 5, 2, 2000]:2 5110 0 341
[0.01, 5, 5, 2, 2000]:4 5108 1 340
[0.014195146958674762, 23, 5, 8, 202]:4283 829 256 85
[0.014195146958674762, 23, 5, 8, 202]:4272 839 255 87
[0.014195146958674762, 23, 5, 8, 202]:4262 849 265 77
[0.014195146958674762, 23, 5, 8, 202]:4258 854 253 88
[0.014195146958674762, 23, 5, 8, 202]:4245 867 260 81
[0.014195146958674762, 23, 5, 8, 202]:4271 840 273 68
[0.014195146958674762, 23, 5, 8, 202]:4217 894 251 91
[0.014195146958674762, 23, 5, 8, 202]:4294 818 274 67
[0.014195146958674762, 23, 5, 8, 202]:4204 907 259 83
[0.014195146958674762, 23, 5, 8, 202]:4208 903 268 74
[0.06646522264402174, 36, 5, 9, 403]:4655 456 311 31
[0.06646522264402174, 36, 5, 9, 403]:4668 443 294 48
[0.06646522264402174, 36, 5, 9, 403]:4676 436 294 47
[0.06646522264402174, 36, 5, 9, 403]:4677 434 298 43
[0.06646522264402174, 36, 5, 9, 403]:4659 452 287 55
[0.06646522264402174, 36, 5, 9, 403]:4687 425 294 47
[0.06646522264402174, 36, 5, 9, 403]:4646 466 289 52
[0.06646522264402174, 36, 5, 9, 403]:4678 433 301 41
[0.06646522264402174, 36, 5, 9, 403]:4710 402 301 40
[0.06646522264402174, 36, 5, 9, 403]:4653 458 291 51
[0.08323174947572468, 27, 1, 8, 2000]:4831 281 310 31
[0.08323174947572468, 27, 1, 8, 2000]:4836 276 309 32
[0.08323174947572468, 27, 1, 8, 2000]:4839 273 317 24
[0.08323174947572468, 27, 1, 8, 2000]:4855 256 315 27
[0.08323174947572468, 27, 1, 8, 2000]:4837 274 310 32
[0.08323174947572468, 27, 1, 8, 2000]:4822 289 312 30
[0.08323174947572468, 27, 1, 8, 2000]:4817 294 321 20
[0.08323174947572468, 27, 1, 8, 2000]:4821 290 316 26
[0.08323174947572468, 27, 1, 8, 2000]:4816 295 318 24
[0.08323174947572468, 27, 1, 8, 2000]:4797 315 307 34
[0.01807202402536021, 82, 3, 10, 200]:4479 632 269 73
[0.01807202402536021, 82, 3, 10, 200]:4545 567 292 49
[0.01807202402536021, 82, 3, 10, 200]:4499 612 285 57
[0.01807202402536021, 82, 3, 10, 200]:4536 576 281 60
[0.01807202402536021, 82, 3, 10, 200]:4511 600 273 69
[0.01807202402536021, 82, 3, 10, 200]:4488 623 292 50
[0.01807202402536021, 82, 3, 10, 200]:4524 587 297 44
[0.01807202402536021, 82, 3, 10, 200]:4471 641 281 60
[0.01807202402536021, 82, 3, 10, 200]:4482 629 293 49
[0.01807202402536021, 82, 3, 10, 200]:4537 575 283 58
[0.99, 51, 1, 4, 331]:4990 121 331 11
[0.10966616292224236, 44, 5, 5, 366]:4860 252 307 34
[0.10966616292224236, 44, 5, 5, 366]:4865 247 314 27
[0.99, 51, 1, 4, 331]:4994 117 330 12
[0.10966616292224236, 44, 5, 5, 366]:4826 285 310 32
[0.99, 51, 1, 4, 331]:4986 126 336 5
[0.10966616292224236, 44, 5, 5, 366]:4830 281 306 36
[0.99, 51, 1, 4, 331]:4998 113 331 11
[0.10966616292224236, 44, 5, 5, 366]:4843 268 315 27
[0.99, 51, 1, 4, 331]:4987 124 328 14
[0.99, 51, 1, 4, 331]:5009 103 328 13
[0.10966616292224236, 44, 5, 5, 366]:4833 279 305 36
[0.10966616292224236, 44, 5, 5, 366]:4845 266 315 27
[0.99, 51, 1, 4, 331]:5031 80 337 5
[0.10966616292224236, 44, 5, 5, 366]:4837 274 323 19
[0.99, 51, 1, 4, 331]:5000 112 333 8
[0.99, 51, 1, 4, 331]:4979 133 330 11
[0.99, 51, 1, 4, 331]:4993 118 333 8
[0.10966616292224236, 44, 5, 5, 366]:4838 273 313 28
[0.10966616292224236, 44, 5, 5, 366]:4805 307 308 33
[0.01, 5, 4, 10, 200]:2 5110 1 340
[0.01, 5, 4, 10, 200]:2 5109 0 342
[0.01, 5, 4, 10, 200]:0 5112 0 341
[0.01, 5, 4, 10, 200]:3 5109 0 341
[0.01, 5, 4, 10, 200]:6 5106 0 341
[0.01, 5, 4, 10, 200]:3 5108 1 341
[0.01, 5, 4, 10, 200]:8 5103 1 341
[0.01, 5, 4, 10, 200]:2 5109 0 341
[0.01, 5, 4, 10, 200]:0 5111 0 342
[0.01, 5, 4, 10, 200]:1 5110 0 342
[0.04210746671401702, 49, 5, 10, 1962]:4511 600 272 70
[0.04210746671401702, 49, 5, 10, 1962]:4537 574 290 51
[0.02952932070870994, 84, 1, 3, 1982]:4878 233 321 21
[0.04210746671401702, 49, 5, 10, 1962]:4486 626 283 58
[0.04210746671401702, 49, 5, 10, 1962]:4477 634 280 62
[0.02952932070870994, 84, 1, 3, 1982]:4851 260 315 27
[0.04210746671401702, 49, 5, 10, 1962]:4515 596 276 66
[0.04210746671401702, 49, 5, 10, 1962]:4539 573 277 64
[0.02952932070870994, 84, 1, 3, 1982]:4868 243 320 22
[0.04210746671401702, 49, 5, 10, 1962]:4499 612 299 43
[0.04210746671401702, 49, 5, 10, 1962]:4510 601 287 55
[0.04210746671401702, 49, 5, 10, 1962]:4552 560 294 47
[0.04210746671401702, 49, 5, 10, 1962]:4530 582 282 59
[0.02952932070870994, 84, 1, 3, 1982]:4865 247 322 19
[0.02952932070870994, 84, 1, 3, 1982]:4874 238 317 24
[0.02952932070870994, 84, 1, 3, 1982]:4818 293 318 24
[0.02952932070870994, 84, 1, 3, 1982]:4833 278 322 19
[0.02952932070870994, 84, 1, 3, 1982]:4851 260 310 32
[0.02952932070870994, 84, 1, 3, 1982]:4845 267 316 25
[0.02952932070870994, 84, 1, 3, 1982]:4846 266 313 28
[0.06563442295991427, 9, 3, 10, 200]:3912 1200 209 132
[0.06563442295991427, 9, 3, 10, 200]:3888 1224 216 125
[0.06563442295991427, 9, 3, 10, 200]:3880 1231 224 117
[0.06563442295991427, 9, 3, 10, 200]:3876 1236 203 138
[0.06563442295991427, 9, 3, 10, 200]:3910 1202 216 125
[0.06563442295991427, 9, 3, 10, 200]:3945 1166 208 134
[0.06563442295991427, 9, 3, 10, 200]:3701 1410 194 148
[0.06563442295991427, 9, 3, 10, 200]:3871 1240 216 126
[0.06563442295991427, 9, 3, 10, 200]:3815 1296 188 154
[0.06563442295991427, 9, 3, 10, 200]:3852 1259 198 144
[0.05206912193833345, 87, 3, 4, 212]:4757 355 313 28
[0.05206912193833345, 87, 3, 4, 212]:4710 401 305 37
[0.05206912193833345, 87, 3, 4, 212]:4692 420 302 39
[0.05206912193833345, 87, 3, 4, 212]:4723 388 311 30
[0.05206912193833345, 87, 3, 4, 212]:4712 399 312 30
[0.05206912193833345, 87, 3, 4, 212]:4717 394 302 40
[0.05206912193833345, 87, 3, 4, 212]:4749 363 300 41
[0.05206912193833345, 87, 3, 4, 212]:4735 376 304 38
[0.05206912193833345, 87, 3, 4, 212]:4731 381 300 41
[0.05206912193833345, 87, 3, 4, 212]:4727 384 300 42
[0.06450632179219849, 73, 3, 4, 1928]:4785 327 317 24
[0.06450632179219849, 73, 3, 4, 1928]:4773 339 302 39
[0.06450632179219849, 73, 3, 4, 1928]:4724 388 297 44
[0.06450632179219849, 73, 3, 4, 1928]:4738 373 310 32
[0.06450632179219849, 73, 3, 4, 1928]:4755 356 305 37
[0.06450632179219849, 73, 3, 4, 1928]:4764 347 312 29
[0.06450632179219849, 73, 3, 4, 1928]:4754 357 316 26
[0.06450632179219849, 73, 3, 4, 1928]:4775 337 305 36
[0.06450632179219849, 73, 3, 4, 1928]:4775 336 307 35
[0.06450632179219849, 73, 3, 4, 1928]:4770 341 305 37
[0.06711703427650094, 100, 4, 10, 200]:4684 427 299 43
[0.05814242844146727, 100, 3, 10, 200]:4725 387 305 36
[0.06711703427650094, 100, 4, 10, 200]:4711 401 301 40
[0.06711703427650094, 100, 4, 10, 200]:4706 405 296 46
[0.05814242844146727, 100, 3, 10, 200]:4709 402 304 37
[0.05814242844146727, 100, 3, 10, 200]:4696 415 290 52
[0.05814242844146727, 100, 3, 10, 200]:4672 440 289 52
[0.06711703427650094, 100, 4, 10, 200]:4728 384 299 42
[0.05814242844146727, 100, 3, 10, 200]:4663 448 304 38
[0.05814242844146727, 100, 3, 10, 200]:4662 449 313 29
[0.06711703427650094, 100, 4, 10, 200]:4699 413 295 46
[0.05814242844146727, 100, 3, 10, 200]:4724 387 295 47
[0.06711703427650094, 100, 4, 10, 200]:4702 409 304 38
[0.06711703427650094, 100, 4, 10, 200]:4702 409 304 37
[0.06711703427650094, 100, 4, 10, 200]:4663 449 295 46
[0.05814242844146727, 100, 3, 10, 200]:4701 411 298 43
[0.05814242844146727, 100, 3, 10, 200]:4685 426 300 42
[0.06711703427650094, 100, 4, 10, 200]:4688 423 313 29
[0.05814242844146727, 100, 3, 10, 200]:4704 408 298 43
[0.06711703427650094, 100, 4, 10, 200]:4680 431 292 50
[0.07489529625588345, 100, 3, 10, 2000]:4751 360 317 25
[0.07489529625588345, 100, 3, 10, 2000]:4784 328 305 36
[0.07489529625588345, 100, 3, 10, 2000]:4769 343 301 40
[0.07489529625588345, 100, 3, 10, 2000]:4744 367 301 41
[0.07489529625588345, 100, 3, 10, 2000]:4731 381 296 45
[0.07489529625588345, 100, 3, 10, 2000]:4756 355 310 32
[0.07489529625588345, 100, 3, 10, 2000]:4754 357 307 35
[0.07489529625588345, 100, 3, 10, 2000]:4804 308 307 34
[0.07489529625588345, 100, 3, 10, 2000]:4781 330 309 32
[0.07489529625588345, 100, 3, 10, 2000]:4765 346 305 37
[0.056607507813171885, 5, 4, 10, 200]:3104 2008 140 201
[0.056607507813171885, 5, 4, 10, 200]:2886 2226 128 213
[0.056607507813171885, 5, 4, 10, 200]:3034 2078 126 215
[0.056607507813171885, 5, 4, 10, 200]:2629 2482 99 243
[0.056607507813171885, 5, 4, 10, 200]:2888 2223 124 218
[0.056607507813171885, 5, 4, 10, 200]:2688 2423 127 215
[0.06122411201533184, 5, 3, 2, 200]:3420 1692 166 175
[0.06122411201533184, 5, 3, 2, 200]:3337 1775 159 182
[0.06122411201533184, 5, 3, 2, 200]:3372 1740 150 191
[0.056607507813171885, 5, 4, 10, 200]:2998 2113 147 194
[0.06122411201533184, 5, 3, 2, 200]:3215 1896 140 202
[0.056607507813171885, 5, 4, 10, 200]:3029 2082 150 192
[0.06122411201533184, 5, 3, 2, 200]:3361 1750 141 201
[0.056607507813171885, 5, 4, 10, 200]:2878 2234 120 221
[0.06122411201533184, 5, 3, 2, 200]:3214 1897 153 189
[0.06122411201533184, 5, 3, 2, 200]:3298 1813 144 198
[0.056607507813171885, 5, 4, 10, 200]:2954 2157 122 220
[0.06122411201533184, 5, 3, 2, 200]:3365 1746 168 173
[0.06122411201533184, 5, 3, 2, 200]:3429 1683 160 181
[0.06122411201533184, 5, 3, 2, 200]:3341 1770 166 176
[0.07246432018354289, 5, 3, 10, 1858]:3796 1316 200 141
[0.07246432018354289, 5, 3, 10, 1858]:3812 1299 180 162
[0.07246432018354289, 5, 3, 10, 1858]:3781 1330 181 161
[0.07246432018354289, 5, 3, 10, 1858]:3814 1298 196 145
[0.07246432018354289, 5, 3, 10, 1858]:3745 1366 172 170
[0.07246432018354289, 5, 3, 10, 1858]:3768 1343 194 148
[0.07246432018354289, 5, 3, 10, 1858]:3625 1486 180 162
[0.07246432018354289, 5, 3, 10, 1858]:3876 1236 179 162
[0.07246432018354289, 5, 3, 10, 1858]:3868 1244 200 141
[0.07246432018354289, 5, 3, 10, 1858]:3849 1262 208 133
[0.09367741338999196, 5, 4, 2, 200]:4783 329 272 69
[0.09778494975309954, 5, 2, 2, 200]:4824 287 284 58
[0.09778494975309954, 5, 2, 2, 200]:4864 248 282 59
[0.09778494975309954, 5, 2, 2, 200]:4858 253 284 58
[0.09367741338999196, 5, 4, 2, 200]:4810 301 277 65
[0.09778494975309954, 5, 2, 2, 200]:4802 309 281 61
[0.09778494975309954, 5, 2, 2, 200]:4800 311 299 42
[0.09367741338999196, 5, 4, 2, 200]:4762 350 296 45
[0.09367741338999196, 5, 4, 2, 200]:4769 342 281 61
[0.09778494975309954, 5, 2, 2, 200]:4780 332 287 54
[0.09367741338999196, 5, 4, 2, 200]:4775 336 294 47
[0.09778494975309954, 5, 2, 2, 200]:4824 288 288 53
[0.09367741338999196, 5, 4, 2, 200]:4729 382 273 69
[0.09367741338999196, 5, 4, 2, 200]:4749 363 283 58
[0.09367741338999196, 5, 4, 2, 200]:4760 352 273 68
[0.09367741338999196, 5, 4, 2, 200]:4775 336 278 64
[0.09778494975309954, 5, 2, 2, 200]:4812 299 283 59
[0.09778494975309954, 5, 2, 2, 200]:4798 314 298 43
[0.09778494975309954, 5, 2, 2, 200]:4800 311 292 50
[0.09367741338999196, 5, 4, 2, 200]:4759 352 287 55
[0.99, 100, 1, 4, 346]:4991 121 336 5
[0.99, 100, 1, 4, 346]:4998 114 332 9
[0.99, 100, 1, 4, 346]:5025 86 335 7
[0.99, 100, 1, 4, 346]:4974 138 332 9
[0.99, 100, 1, 4, 346]:4997 114 329 13
[0.99, 100, 1, 4, 346]:4996 115 328 14
[0.99, 100, 1, 4, 346]:4986 125 329 13
[0.99, 100, 1, 4, 346]:5014 98 330 11
[0.99, 100, 1, 4, 346]:4981 130 331 11
[0.99, 100, 1, 4, 346]:4987 124 335 6
[0.016324754131852567, 59, 5, 9, 1820]:4293 818 269 73
[0.016324754131852567, 59, 5, 9, 1820]:4295 816 257 85
[0.016324754131852567, 59, 5, 9, 1820]:4318 793 268 74
[0.016324754131852567, 59, 5, 9, 1820]:4279 832 267 75
[0.016324754131852567, 59, 5, 9, 1820]:4318 794 262 79
[0.016324754131852567, 59, 5, 9, 1820]:4302 810 266 75
[0.016324754131852567, 59, 5, 9, 1820]:4330 781 278 63
[0.019332343904679753, 63, 5, 2, 2000]:4310 801 269 73
[0.016324754131852567, 59, 5, 9, 1820]:4349 763 262 79
[0.016324754131852567, 59, 5, 9, 1820]:4333 778 259 83
[0.019332343904679753, 63, 5, 2, 2000]:4361 750 280 61
[0.019332343904679753, 63, 5, 2, 2000]:4317 795 266 75
[0.019332343904679753, 63, 5, 2, 2000]:4334 778 265 76
[0.016324754131852567, 59, 5, 9, 1820]:4366 746 281 60
[0.019332343904679753, 63, 5, 2, 2000]:4376 736 269 72
[0.019332343904679753, 63, 5, 2, 2000]:4388 724 285 56
[0.019332343904679753, 63, 5, 2, 2000]:4325 786 259 83
[0.019332343904679753, 63, 5, 2, 2000]:4324 787 276 66
[0.014759533189950564, 69, 5, 2, 2000]:4316 796 263 78
[0.014759533189950564, 69, 5, 2, 2000]:4313 798 269 73
[0.014759533189950564, 69, 5, 2, 2000]:4268 843 269 73
[0.019332343904679753, 63, 5, 2, 2000]:4366 745 271 71
[0.014759533189950564, 69, 5, 2, 2000]:4328 783 277 64
[0.014759533189950564, 69, 5, 2, 2000]:4280 831 256 86
[0.014759533189950564, 69, 5, 2, 2000]:4270 841 265 77
[0.014759533189950564, 69, 5, 2, 2000]:4325 786 256 86
[0.014759533189950564, 69, 5, 2, 2000]:4292 820 261 80
[0.014759533189950564, 69, 5, 2, 2000]:4346 766 280 61
[0.019332343904679753, 63, 5, 2, 2000]:4356 755 262 80
[0.014759533189950564, 69, 5, 2, 2000]:4333 779 264 77
[0.01415741962256487, 5, 1, 8, 915]:3 5108 1 340
[0.01415741962256487, 5, 1, 8, 915]:3 5109 1 340
[0.01415741962256487, 5, 1, 8, 915]:2 5109 0 342
[0.01415741962256487, 5, 1, 8, 915]:2 5110 0 341
[0.01415741962256487, 5, 1, 8, 915]:0 5111 0 342
[0.01415741962256487, 5, 1, 8, 915]:2 5109 0 342
[0.01415741962256487, 5, 1, 8, 915]:4 5107 1 341
[0.01415741962256487, 5, 1, 8, 915]:1 5111 0 341
[0.01415741962256487, 5, 1, 8, 915]:8 5103 1 341
[0.01415741962256487, 5, 1, 8, 915]:2 5110 0 341
[0.01, 5, 1, 2, 2000]:2 5110 0 341
[0.010131088348408894, 19, 1, 3, 777]:4529 582 303 39
[0.01, 5, 1, 2, 2000]:0 5111 0 342
[0.01, 5, 1, 2, 2000]:1 5110 1 340
[0.010131088348408894, 19, 1, 3, 777]:4413 698 283 59
[0.010131088348408894, 19, 1, 3, 777]:4492 619 295 46
[0.01, 5, 1, 2, 2000]:5 5107 2 339
[0.010131088348408894, 19, 1, 3, 777]:4493 618 276 66
[0.010131088348408894, 19, 1, 3, 777]:4528 584 283 58
[0.010131088348408894, 19, 1, 3, 777]:4460 652 287 54
[0.010131088348408894, 19, 1, 3, 777]:4454 657 291 51
[0.01, 5, 1, 2, 2000]:2 5109 0 342
[0.010131088348408894, 19, 1, 3, 777]:4531 580 294 48
[0.010131088348408894, 19, 1, 3, 777]:4509 603 300 41
[0.010131088348408894, 19, 1, 3, 777]:4491 621 286 55
[0.01, 5, 1, 2, 2000]:4 5107 1 341
[0.01, 5, 1, 2, 2000]:7 5104 1 341
[0.01, 5, 1, 2, 2000]:1 5111 0 341
[0.01, 5, 1, 2, 2000]:2 5110 0 341
[0.01, 5, 1, 2, 2000]:3 5108 0 342
[0.8155312200684349, 5, 1, 7, 1381]:5112 0 341 0
[0.8155312200684349, 5, 1, 7, 1381]:5112 0 341 0
[0.8155312200684349, 5, 1, 7, 1381]:5112 0 341 0
[0.8155312200684349, 5, 1, 7, 1381]:5111 0 342 0
[0.8155312200684349, 5, 1, 7, 1381]:5111 0 342 0
[0.8155312200684349, 5, 1, 7, 1381]:5111 0 342 0
[0.8155312200684349, 5, 1, 7, 1381]:5111 0 341 0
[0.8155312200684349, 5, 1, 7, 1381]:5112 0 341 0
[0.8155312200684349, 5, 1, 7, 1381]:5111 0 342 0
[0.8155312200684349, 5, 1, 7, 1381]:5111 0 342 0
[0.99, 5, 1, 4, 1846]:5111 0 342 0
[0.99, 5, 1, 4, 1846]:5112 0 341 0
[0.99, 5, 1, 4, 1846]:5111 0 342 0
[0.99, 5, 1, 4, 1846]:5110 1 342 0
[0.99, 5, 1, 4, 1846]:5111 0 342 0
[0.99, 5, 3, 2, 1809]:5111 0 342 0
[0.99, 5, 3, 2, 1809]:5111 0 341 0
[0.99, 5, 3, 2, 1809]:5111 0 342 0
[0.99, 5, 3, 2, 1809]:5112 0 341 0
[0.99, 5, 3, 2, 1809]:5112 0 341 0
[0.99, 5, 1, 4, 1846]:5112 0 341 0
[0.99, 5, 1, 4, 1846]:5111 0 341 0
[0.99, 5, 3, 2, 1809]:5111 0 342 0
[0.99, 5, 1, 4, 1846]:5111 0 342 0
[0.99, 5, 3, 2, 1809]:5111 0 342 0
[0.99, 5, 3, 2, 1809]:5111 0 342 0
[0.99, 5, 3, 2, 1809]:5112 0 341 0
[0.99, 5, 3, 2, 1809]:5112 0 341 0
[0.99, 5, 1, 4, 1846]:5112 0 341 0
[0.99, 5, 1, 4, 1846]:5112 0 341 0
[0.07165047233255419, 5, 2, 10, 200]:3741 1370 193 149
[0.07165047233255419, 5, 2, 10, 200]:3770 1341 178 164
[0.07165047233255419, 5, 2, 10, 200]:3804 1307 202 139
[0.07165047233255419, 5, 2, 10, 200]:3599 1512 180 162
[0.07165047233255419, 5, 2, 10, 200]:3788 1324 197 144
[0.07165047233255419, 5, 2, 10, 200]:3773 1338 179 163
[0.07165047233255419, 5, 2, 10, 200]:3845 1267 196 145
[0.07165047233255419, 5, 2, 10, 200]:3799 1313 189 152
[0.07165047233255419, 5, 2, 10, 200]:3717 1394 172 170
[0.07165047233255419, 5, 2, 10, 200]:3848 1264 178 163
[0.0635457992551537, 5, 1, 8, 867]:3489 1622 179 163
[0.0635457992551537, 5, 1, 8, 867]:3426 1685 152 190
[0.0635457992551537, 5, 1, 8, 867]:3507 1604 158 184
[0.0635457992551537, 5, 1, 8, 867]:3276 1835 157 185
[0.0635457992551537, 5, 1, 8, 867]:3490 1622 165 176
[0.0635457992551537, 5, 1, 8, 867]:3419 1692 154 188
[0.0635457992551537, 5, 1, 8, 867]:3487 1625 170 171
[0.0635457992551537, 5, 1, 8, 867]:3465 1647 157 184
[0.0635457992551537, 5, 1, 8, 867]:3467 1644 175 166
[0.0635457992551537, 5, 1, 8, 867]:3495 1617 163 178
[0.07262119355552639, 5, 1, 2, 2000]:3837 1275 198 143
[0.07262119355552639, 5, 1, 2, 2000]:3881 1231 198 143
[0.07262119355552639, 5, 1, 2, 2000]:3797 1315 200 141
[0.07262119355552639, 5, 1, 2, 2000]:3769 1342 195 147
[0.07262119355552639, 5, 1, 2, 2000]:3846 1265 207 134
[0.07262119355552639, 5, 1, 2, 2000]:3878 1234 180 161
[0.07262119355552639, 5, 1, 2, 2000]:3800 1311 182 160
[0.07262119355552639, 5, 1, 2, 2000]:3750 1361 173 169
[0.07262119355552639, 5, 1, 2, 2000]:3641 1470 181 161
[0.07262119355552639, 5, 1, 2, 2000]:3814 1297 180 162
[0.010437168746160016, 41, 5, 3, 1218]:4268 844 257 84
[0.010437168746160016, 41, 5, 3, 1218]:4298 814 262 79
[0.010437168746160016, 41, 5, 3, 1218]:4247 865 258 83
[0.010437168746160016, 41, 5, 3, 1218]:4271 840 268 74
[0.010437168746160016, 41, 5, 3, 1218]:4283 828 277 64
[0.013775366550222618, 40, 5, 2, 1322]:4259 852 271 71
[0.010437168746160016, 41, 5, 3, 1218]:4247 864 264 78
[0.010437168746160016, 41, 5, 3, 1218]:4314 798 278 63
[0.013775366550222618, 40, 5, 2, 1322]:4303 809 260 81
[0.013775366550222618, 40, 5, 2, 1322]:4259 852 264 78
[0.013775366550222618, 40, 5, 2, 1322]:4322 790 264 77
[0.013775366550222618, 40, 5, 2, 1322]:4313 798 275 66
[0.013775366550222618, 40, 5, 2, 1322]:4277 834 255 87
[0.010437168746160016, 41, 5, 3, 1218]:4285 826 254 88
[0.013775366550222618, 40, 5, 2, 1322]:4345 767 280 61
[0.013775366550222618, 40, 5, 2, 1322]:4297 814 268 74
[0.010437168746160016, 41, 5, 3, 1218]:4231 880 267 75
[0.013775366550222618, 40, 5, 2, 1322]:4317 794 259 83
[0.013775366550222618, 40, 5, 2, 1322]:4279 833 265 76
[0.010437168746160016, 41, 5, 3, 1218]:4241 870 249 93
[0.01, 37, 5, 3, 1693]:4306 806 276 65
[0.01, 37, 5, 3, 1693]:4276 835 273 68
[0.01, 37, 5, 3, 1693]:4297 815 262 79
[0.01, 37, 5, 3, 1693]:4250 862 261 80
[0.01, 37, 5, 3, 1693]:4238 873 265 77
[0.01, 37, 5, 3, 1693]:4278 833 257 85
[0.01, 37, 5, 3, 1693]:4266 846 260 81
[0.01, 37, 5, 3, 1693]:4236 875 266 76
[0.01, 37, 5, 3, 1693]:4269 842 267 75
[0.01, 37, 5, 3, 1693]:4237 874 249 93
[0.13854294272597045, 5, 5, 7, 432]:5041 70 318 24
[0.13854294272597045, 5, 5, 7, 432]:4997 114 318 23
[0.13854294272597045, 5, 5, 7, 432]:5006 105 323 19
[0.13854294272597045, 5, 5, 7, 432]:5004 108 313 28
[0.13854294272597045, 5, 5, 7, 432]:4999 112 317 25
[0.13854294272597045, 5, 5, 7, 432]:4983 129 312 29
[0.13854294272597045, 5, 5, 7, 432]:4990 121 306 36
[0.13854294272597045, 5, 5, 7, 432]:4991 121 319 22
[0.13854294272597045, 5, 5, 7, 432]:5008 104 309 32
[0.13854294272597045, 5, 5, 7, 432]:5008 103 320 22
[0.07558286714554417, 5, 2, 2, 2000]:3982 1130 212 129
[0.07558286714554417, 5, 2, 2, 2000]:3763 1348 185 157
[0.07558286714554417, 5, 2, 2, 2000]:3853 1258 205 137
[0.07558286714554417, 5, 2, 2, 2000]:3996 1116 207 134
[0.07558286714554417, 5, 2, 2, 2000]:3911 1200 196 146
[0.07558286714554417, 5, 2, 2, 2000]:3921 1190 189 153
[0.1606080541179226, 7, 5, 4, 1750]:5042 69 323 18
[0.1606080541179226, 7, 5, 4, 1750]:5039 72 323 19
[0.07558286714554417, 5, 2, 2, 2000]:3890 1222 205 136
[0.07558286714554417, 5, 2, 2, 2000]:3996 1116 194 147
[0.1606080541179226, 7, 5, 4, 1750]:5041 71 319 22
[0.07558286714554417, 5, 2, 2, 2000]:3946 1165 221 120
[0.1606080541179226, 7, 5, 4, 1750]:5030 82 322 19
[0.07558286714554417, 5, 2, 2, 2000]:3914 1197 184 158
[0.1606080541179226, 7, 5, 4, 1750]:5068 43 328 14
[0.1606080541179226, 7, 5, 4, 1750]:5036 75 315 27
[0.1606080541179226, 7, 5, 4, 1750]:5036 76 324 17
[0.1606080541179226, 7, 5, 4, 1750]:5048 63 327 15
[0.1606080541179226, 7, 5, 4, 1750]:5031 80 326 16
[0.1606080541179226, 7, 5, 4, 1750]:5049 63 316 25
[0.07613034911656569, 5, 5, 2, 200]:3936 1175 187 155
[0.07372219333309997, 5, 4, 2, 200]:3690 1421 182 160
[0.07613034911656569, 5, 5, 2, 200]:4008 1104 210 131
[0.0760498759929099, 5, 3, 2, 200]:3986 1126 213 128
[0.07613034911656569, 5, 5, 2, 200]:4012 1100 214 127
[0.07613034911656569, 5, 5, 2, 200]:3789 1322 188 154
[0.07613034911656569, 5, 5, 2, 200]:3900 1212 206 135
[0.0760498759929099, 5, 3, 2, 200]:4024 1088 198 143
[0.0760498759929099, 5, 3, 2, 200]:3905 1206 194 148
[0.0760498759929099, 5, 3, 2, 200]:3908 1203 183 159
[0.07372219333309997, 5, 4, 2, 200]:3887 1224 210 131
[0.07613034911656569, 5, 5, 2, 200]:4056 1056 199 142
[0.07613034911656569, 5, 5, 2, 200]:3941 1170 196 146
[0.0760498759929099, 5, 3, 2, 200]:4003 1109 211 130
[0.07372219333309997, 5, 4, 2, 200]:3840 1271 191 151
[0.0760498759929099, 5, 3, 2, 200]:3883 1228 208 134
[0.07372219333309997, 5, 4, 2, 200]:3832 1280 203 138
[0.07372219333309997, 5, 4, 2, 200]:3796 1315 199 143
[0.07372219333309997, 5, 4, 2, 200]:3886 1225 186 156
[0.07372219333309997, 5, 4, 2, 200]:3877 1235 200 141
[0.0760498759929099, 5, 3, 2, 200]:3956 1155 221 120
[0.0760498759929099, 5, 3, 2, 200]:3827 1284 190 152
[0.0760498759929099, 5, 3, 2, 200]:3936 1176 208 133
[0.07613034911656569, 5, 5, 2, 200]:3893 1218 210 132
[0.07613034911656569, 5, 5, 2, 200]:3968 1143 194 148
[0.07372219333309997, 5, 4, 2, 200]:3816 1295 178 164
[0.07372219333309997, 5, 4, 2, 200]:3926 1186 184 157
[0.07613034911656569, 5, 5, 2, 200]:3926 1185 216 125
[0.0760498759929099, 5, 3, 2, 200]:3900 1211 188 154
[0.07372219333309997, 5, 4, 2, 200]:3955 1157 206 135
[0.11768726259886189, 70, 1, 10, 200]:4838 274 311 30
[0.11768726259886189, 70, 1, 10, 200]:4898 214 321 20
[0.11768726259886189, 70, 1, 10, 200]:4889 223 318 23
[0.11768726259886189, 70, 1, 10, 200]:4868 243 322 20
[0.11768726259886189, 70, 1, 10, 200]:4869 243 314 27
[0.11768726259886189, 70, 1, 10, 200]:4895 216 318 24
[0.11768726259886189, 70, 1, 10, 200]:4869 242 320 21
[0.11768726259886189, 70, 1, 10, 200]:4890 221 316 26
[0.11768726259886189, 70, 1, 10, 200]:4870 241 319 23
[0.11768726259886189, 70, 1, 10, 200]:4869 242 316 26
[0.13753178692288026, 68, 4, 5, 1035]:4935 176 320 22
[0.13753178692288026, 68, 4, 5, 1035]:4927 185 320 21
[0.13753178692288026, 68, 4, 5, 1035]:4915 196 328 14
[0.13753178692288026, 68, 4, 5, 1035]:4900 211 319 23
[0.13753178692288026, 68, 4, 5, 1035]:4924 187 326 16
[0.13753178692288026, 68, 4, 5, 1035]:4944 168 324 17
[0.13753178692288026, 68, 4, 5, 1035]:4916 195 319 22
[0.12459934993049258, 75, 5, 7, 1407]:4887 224 318 24
[0.13753178692288026, 68, 4, 5, 1035]:4924 187 320 22
[0.13753178692288026, 68, 4, 5, 1035]:4904 208 317 24
[0.13753178692288026, 68, 4, 5, 1035]:4896 216 313 28
[0.12459934993049258, 75, 5, 7, 1407]:4893 218 316 26
[0.12459934993049258, 75, 5, 7, 1407]:4851 261 309 32
[0.12459934993049258, 75, 5, 7, 1407]:4889 222 315 26
[0.12459934993049258, 75, 5, 7, 1407]:4868 243 312 30
[0.12459934993049258, 75, 5, 7, 1407]:4877 234 325 17
[0.12459934993049258, 75, 5, 7, 1407]:4912 200 316 25
[0.12459934993049258, 75, 5, 7, 1407]:4894 218 316 25
[0.12459934993049258, 75, 5, 7, 1407]:4872 240 311 30
[0.12459934993049258, 75, 5, 7, 1407]:4882 229 311 31
