[0.026834123971849515, 84, 3, 10, 555]:179 4935 4 335
[0.013286474048671204, 12, 2, 8, 1015]:69 5045 4 335
[0.026834123971849515, 84, 3, 10, 555]:194 4921 17 321
[0.013286474048671204, 12, 2, 8, 1015]:105 5010 4 334
[0.3731827041616468, 37, 2, 9, 992]:5114 0 339 0
[0.026834123971849515, 84, 3, 10, 555]:202 4912 12 327
[0.013286474048671204, 12, 2, 8, 1015]:84 5030 3 335
[0.013286474048671204, 12, 2, 8, 1015]:85 5029 4 335
[0.3731827041616468, 37, 2, 9, 992]:5114 0 339 0
[0.026834123971849515, 84, 3, 10, 555]:187 4927 11 328
[0.013286474048671204, 12, 2, 8, 1015]:59 5055 4 335
[0.026834123971849515, 84, 3, 10, 555]:162 4952 9 330
[0.026834123971849515, 84, 3, 10, 555]:174 4940 9 330
[0.013286474048671204, 12, 2, 8, 1015]:81 5033 0 339
[0.3731827041616468, 37, 2, 9, 992]:5114 0 339 0
[0.3731827041616468, 37, 2, 9, 992]:5114 0 338 0
[0.013286474048671204, 12, 2, 8, 1015]:99 5015 6 333
[0.026834123971849515, 84, 3, 10, 555]:183 4932 9 329
[0.013286474048671204, 12, 2, 8, 1015]:96 5018 4 335
[0.3731827041616468, 37, 2, 9, 992]:5114 0 339 0
[0.013286474048671204, 12, 2, 8, 1015]:78 5036 6 333
[0.3731827041616468, 37, 2, 9, 992]:5114 0 339 0
[0.3731827041616468, 37, 2, 9, 992]:5111 3 339 0
[0.3731827041616468, 37, 2, 9, 992]:5115 0 338 0
[0.026834123971849515, 84, 3, 10, 555]:204 4910 9 330
[0.3731827041616468, 37, 2, 9, 992]:5115 0 338 0
[0.3731827041616468, 37, 2, 9, 992]:5114 0 339 0
[0.026834123971849515, 84, 3, 10, 555]:192 4922 17 322
[0.026834123971849515, 84, 3, 10, 555]:195 4919 10 328
[0.013286474048671204, 12, 2, 8, 1015]:88 5027 4 334
[0.04566463236196597, 76, 3, 6, 331]:282 4832 19 320
[0.04566463236196597, 76, 3, 6, 331]:277 4837 15 323
[0.04566463236196597, 76, 3, 6, 331]:240 4874 12 327
[0.04566463236196597, 76, 3, 6, 331]:265 4850 20 318
[0.04566463236196597, 76, 3, 6, 331]:276 4838 14 325
[0.04566463236196597, 76, 3, 6, 331]:210 4904 8 331
[0.04566463236196597, 76, 3, 6, 331]:239 4876 16 322
[0.04566463236196597, 76, 3, 6, 331]:264 4850 15 324
[0.04566463236196597, 76, 3, 6, 331]:268 4846 22 317
[0.04566463236196597, 76, 3, 6, 331]:222 4892 11 328
[0.10267776106300358, 15, 5, 5, 705]:5109 5 338 0
[0.10267776106300358, 15, 5, 5, 705]:5113 2 338 0
[0.10267776106300358, 15, 5, 5, 705]:5107 7 339 0
[0.10267776106300358, 15, 5, 5, 705]:5111 3 339 0
[0.10267776106300358, 15, 5, 5, 705]:5112 2 339 0
[0.10267776106300358, 15, 5, 5, 705]:5111 3 338 1
[0.10267776106300358, 15, 5, 5, 705]:5112 2 339 0
[0.10267776106300358, 15, 5, 5, 705]:5113 1 339 0
[0.10267776106300358, 15, 5, 5, 705]:5113 1 339 0
[0.10267776106300358, 15, 5, 5, 705]:5114 1 338 0
[0.44051903930634406, 82, 5, 5, 1667]:5114 0 339 0
[0.44051903930634406, 82, 5, 5, 1667]:5114 0 338 0
[0.44051903930634406, 82, 5, 5, 1667]:5114 0 339 0
[0.44051903930634406, 82, 5, 5, 1667]:5114 0 339 0
[0.44051903930634406, 82, 5, 5, 1667]:5114 0 339 0
[0.44051903930634406, 82, 5, 5, 1667]:5115 0 338 0
[0.44051903930634406, 82, 5, 5, 1667]:5114 0 339 0
[0.44051903930634406, 82, 5, 5, 1667]:5114 0 339 0
[0.44051903930634406, 82, 5, 5, 1667]:5114 0 339 0
[0.44051903930634406, 82, 5, 5, 1667]:5115 0 338 0
[0.6577657728090087, 9, 1, 3, 1148]:5114 0 339 0
[0.6577657728090087, 9, 1, 3, 1148]:5114 0 339 0
[0.6577657728090087, 9, 1, 3, 1148]:5114 0 339 0
[0.6577657728090087, 9, 1, 3, 1148]:5114 0 339 0
[0.6577657728090087, 9, 1, 3, 1148]:5114 0 339 0
[0.6577657728090087, 9, 1, 3, 1148]:5114 0 339 0
[0.6577657728090087, 9, 1, 3, 1148]:5114 0 339 0
[0.6577657728090087, 9, 1, 3, 1148]:5114 0 338 0
[0.6577657728090087, 9, 1, 3, 1148]:5115 0 338 0
[0.6577657728090087, 9, 1, 3, 1148]:5115 0 338 0
[0.11457159394834963, 71, 3, 6, 945]:5103 11 338 1
[0.11457159394834963, 71, 3, 6, 945]:5105 9 339 0
[0.11457159394834963, 71, 3, 6, 945]:5099 15 338 1
[0.11457159394834963, 71, 3, 6, 945]:5100 14 336 2
[0.11457159394834963, 71, 3, 6, 945]:5100 14 338 1
[0.11457159394834963, 71, 3, 6, 945]:5102 13 338 0
[0.11457159394834963, 71, 3, 6, 945]:5102 12 339 0
[0.11457159394834963, 71, 3, 6, 945]:5100 15 336 2
[0.11457159394834963, 71, 3, 6, 945]:5105 9 337 2
[0.11457159394834963, 71, 3, 6, 945]:5099 15 338 1
[0.010725587422633335, 42, 5, 5, 1507]:113 5001 6 333
[0.010725587422633335, 42, 5, 5, 1507]:133 4982 6 332
[0.010725587422633335, 42, 5, 5, 1507]:155 4959 10 329
[0.010725587422633335, 42, 5, 5, 1507]:129 4985 11 328
[0.010725587422633335, 42, 5, 5, 1507]:129 4985 1 338
[0.010725587422633335, 42, 5, 5, 1507]:128 4986 6 333
[0.010725587422633335, 42, 5, 5, 1507]:131 4983 7 332
[0.010725587422633335, 42, 5, 5, 1507]:148 4966 6 333
[0.010725587422633335, 42, 5, 5, 1507]:143 4972 10 328
[0.010725587422633335, 42, 5, 5, 1507]:133 4981 6 332
[0.03368909437275419, 5, 1, 10, 200]:35 5080 1 337
[0.03368909437275419, 5, 1, 10, 200]:44 5070 2 336
[0.03368909437275419, 5, 1, 10, 200]:42 5072 5 334
[0.03368909437275419, 5, 1, 10, 200]:29 5085 1 338
[0.03368909437275419, 5, 1, 10, 200]:40 5074 2 337
[0.03368909437275419, 5, 1, 10, 200]:40 5074 4 335
[0.03368909437275419, 5, 1, 10, 200]:42 5073 1 337
[0.03368909437275419, 5, 1, 10, 200]:30 5084 2 337
[0.03368909437275419, 5, 1, 10, 200]:38 5076 0 339
[0.03368909437275419, 5, 1, 10, 200]:35 5079 2 337
[0.018507645913768824, 53, 3, 7, 1822]:193 4921 8 331
[0.018507645913768824, 53, 3, 7, 1822]:192 4923 17 321
[0.03757844352223998, 100, 4, 2, 2000]:223 4891 11 328
[0.03757844352223998, 100, 4, 2, 2000]:196 4918 19 320
[0.03757844352223998, 100, 4, 2, 2000]:190 4925 9 329
[0.018507645913768824, 53, 3, 7, 1822]:157 4957 8 331
[0.03757844352223998, 100, 4, 2, 2000]:184 4930 5 334
[0.018507645913768824, 53, 3, 7, 1822]:189 4925 10 329
[0.018507645913768824, 53, 3, 7, 1822]:171 4944 8 330
[0.03757844352223998, 100, 4, 2, 2000]:226 4888 15 324
[0.018507645913768824, 53, 3, 7, 1822]:157 4957 14 325
[0.018507645913768824, 53, 3, 7, 1822]:152 4962 8 331
[0.018507645913768824, 53, 3, 7, 1822]:170 4944 9 329
[0.03757844352223998, 100, 4, 2, 2000]:178 4936 12 327
[0.018507645913768824, 53, 3, 7, 1822]:167 4947 4 335
[0.03757844352223998, 100, 4, 2, 2000]:206 4908 12 326
[0.03757844352223998, 100, 4, 2, 2000]:185 4929 10 329
[0.03757844352223998, 100, 4, 2, 2000]:198 4916 11 328
[0.03757844352223998, 100, 4, 2, 2000]:207 4908 18 320
[0.018507645913768824, 53, 3, 7, 1822]:167 4947 8 331
[0.022110523818997266, 5, 1, 10, 200]:20 5095 0 338
[0.022110523818997266, 5, 1, 10, 200]:31 5083 2 337
[0.022110523818997266, 5, 1, 10, 200]:30 5084 1 338
[0.022110523818997266, 5, 1, 10, 200]:21 5094 1 337
[0.022110523818997266, 5, 1, 10, 200]:27 5087 0 339
[0.022110523818997266, 5, 1, 10, 200]:23 5091 1 338
[0.022110523818997266, 5, 1, 10, 200]:24 5090 3 336
[0.022110523818997266, 5, 1, 10, 200]:29 5085 2 336
[0.022110523818997266, 5, 1, 10, 200]:25 5089 2 337
[0.022110523818997266, 5, 1, 10, 200]:23 5091 1 338
[0.01567987448006525, 5, 5, 2, 200]:16 5098 0 339
[0.01567987448006525, 5, 5, 2, 200]:15 5099 1 338
[0.01567987448006525, 5, 5, 2, 200]:17 5098 0 338
[0.01567987448006525, 5, 5, 2, 200]:24 5090 2 337
[0.01567987448006525, 5, 5, 2, 200]:20 5094 1 338
[0.01567987448006525, 5, 5, 2, 200]:25 5089 0 339
[0.01567987448006525, 5, 5, 2, 200]:18 5097 1 337
[0.01567987448006525, 5, 5, 2, 200]:24 5090 2 336
[0.01567987448006525, 5, 5, 2, 200]:18 5096 0 339
[0.01567987448006525, 5, 5, 2, 200]:17 5097 0 339
[0.010011228726814078, 52, 1, 10, 1283]:165 4949 8 331
[0.010011228726814078, 52, 1, 10, 1283]:179 4936 9 329
[0.010011228726814078, 52, 1, 10, 1283]:174 4940 5 334
[0.010011228726814078, 52, 1, 10, 1283]:175 4939 9 330
[0.010011228726814078, 52, 1, 10, 1283]:187 4927 11 327
[0.010011228726814078, 52, 1, 10, 1283]:154 4960 9 330
[0.010011228726814078, 52, 1, 10, 1283]:197 4917 9 330
[0.010011228726814078, 52, 1, 10, 1283]:196 4918 11 328
[0.010011228726814078, 52, 1, 10, 1283]:161 4953 14 325
[0.010011228726814078, 52, 1, 10, 1283]:198 4917 17 321
[0.04159590987459067, 5, 1, 10, 200]:64 5051 1 337
[0.04159590987459067, 5, 1, 10, 200]:51 5063 2 337
[0.04159590987459067, 5, 1, 10, 200]:60 5054 5 334
[0.04159590987459067, 5, 1, 10, 200]:46 5068 3 336
[0.04159590987459067, 5, 1, 10, 200]:55 5059 3 335
[0.04159590987459067, 5, 1, 10, 200]:38 5076 1 338
[0.04159590987459067, 5, 1, 10, 200]:49 5066 2 336
[0.04159590987459067, 5, 1, 10, 200]:63 5051 5 334
[0.04159590987459067, 5, 1, 10, 200]:48 5066 0 339
[0.04159590987459067, 5, 1, 10, 200]:49 5065 3 336
[0.011803218551054755, 100, 1, 2, 200]:191 4924 9 329
[0.011803218551054755, 100, 1, 2, 200]:201 4914 17 321
[0.011803218551054755, 100, 1, 2, 200]:167 4947 12 327
[0.011803218551054755, 100, 1, 2, 200]:207 4907 9 330
[0.011803218551054755, 100, 1, 2, 200]:169 4945 9 330
[0.011803218551054755, 100, 1, 2, 200]:206 4908 12 327
[0.011803218551054755, 100, 1, 2, 200]:175 4939 5 334
[0.011803218551054755, 100, 1, 2, 200]:181 4933 10 329
[0.011803218551054755, 100, 1, 2, 200]:186 4928 17 322
[0.011803218551054755, 100, 1, 2, 200]:187 4927 10 328
[0.029943160455036734, 5, 5, 2, 2000]:22 5093 1 337
[0.029943160455036734, 5, 5, 2, 2000]:34 5080 2 336
[0.029943160455036734, 5, 5, 2, 2000]:25 5090 1 337
[0.029943160455036734, 5, 5, 2, 2000]:37 5077 2 337
[0.029943160455036734, 5, 5, 2, 2000]:34 5080 2 337
[0.029943160455036734, 5, 5, 2, 2000]:29 5085 2 337
[0.029943160455036734, 5, 5, 2, 2000]:25 5089 2 337
[0.029943160455036734, 5, 5, 2, 2000]:24 5090 1 338
[0.029943160455036734, 5, 5, 2, 2000]:30 5084 0 339
[0.029943160455036734, 5, 5, 2, 2000]:28 5086 3 336
[0.99, 85, 5, 8, 1538]:5114 0 339 0
[0.99, 85, 5, 8, 1538]:5114 0 339 0
[0.99, 85, 5, 8, 1538]:5114 0 339 0
[0.99, 85, 5, 8, 1538]:5114 0 339 0
[0.99, 85, 5, 8, 1538]:5115 0 338 0
[0.99, 85, 5, 8, 1538]:5114 0 339 0
[0.99, 85, 5, 8, 1538]:5114 0 338 0
[0.99, 85, 5, 8, 1538]:5114 0 339 0
[0.99, 85, 5, 8, 1538]:5115 0 338 0
[0.99, 85, 5, 8, 1538]:5114 0 339 0
[0.02409633752144752, 100, 5, 2, 2000]:160 4954 8 330
[0.02409633752144752, 100, 5, 2, 2000]:172 4942 10 329
[0.02409633752144752, 100, 5, 2, 2000]:178 4937 14 324
[0.02409633752144752, 100, 5, 2, 2000]:153 4962 8 330
[0.02409633752144752, 100, 5, 2, 2000]:151 4963 8 331
[0.02409633752144752, 100, 5, 2, 2000]:139 4975 8 331
[0.02409633752144752, 100, 5, 2, 2000]:153 4961 4 335
[0.02409633752144752, 100, 5, 2, 2000]:151 4963 12 327
[0.02409633752144752, 100, 5, 2, 2000]:148 4966 8 331
[0.02409633752144752, 100, 5, 2, 2000]:181 4933 7 332
[0.0150121644555468, 100, 1, 10, 2000]:198 4916 11 327
[0.0150121644555468, 100, 1, 10, 2000]:166 4948 11 328
[0.0150121644555468, 100, 1, 10, 2000]:207 4907 12 327
[0.0150121644555468, 100, 1, 10, 2000]:203 4911 9 330
[0.0150121644555468, 100, 1, 10, 2000]:187 4927 17 322
[0.0150121644555468, 100, 1, 10, 2000]:187 4927 11 328
[0.0150121644555468, 100, 1, 10, 2000]:176 4938 9 330
[0.0150121644555468, 100, 1, 10, 2000]:178 4936 5 334
[0.0150121644555468, 100, 1, 10, 2000]:200 4915 17 321
[0.0150121644555468, 100, 1, 10, 2000]:185 4930 9 329
[0.21568116879957952, 100, 1, 2, 200]:5108 6 336 2
[0.21568116879957952, 100, 1, 2, 200]:5107 8 338 0
[0.21568116879957952, 100, 1, 2, 200]:5102 12 338 1
[0.21568116879957952, 100, 1, 2, 200]:5109 5 338 1
[0.21568116879957952, 100, 1, 2, 200]:5109 5 338 1
[0.21568116879957952, 100, 1, 2, 200]:5108 7 338 0
[0.21568116879957952, 100, 1, 2, 200]:5108 6 339 0
[0.21568116879957952, 100, 1, 2, 200]:5108 6 339 0
[0.21568116879957952, 100, 1, 2, 200]:5100 14 339 0
[0.21568116879957952, 100, 1, 2, 200]:5108 6 338 1
[0.05535679874306154, 8, 1, 9, 1189]:167 4947 9 330
[0.05535679874306154, 8, 1, 9, 1189]:222 4892 14 324
[0.05535679874306154, 8, 1, 9, 1189]:213 4902 17 321
[0.05535679874306154, 8, 1, 9, 1189]:183 4932 9 329
[0.05535679874306154, 8, 1, 9, 1189]:178 4936 16 323
[0.05535679874306154, 8, 1, 9, 1189]:207 4907 13 326
[0.05535679874306154, 8, 1, 9, 1189]:184 4930 11 328
[0.05535679874306154, 8, 1, 9, 1189]:207 4907 10 329
[0.05535679874306154, 8, 1, 9, 1189]:169 4945 7 332
[0.05535679874306154, 8, 1, 9, 1189]:173 4941 8 331
[0.20013679069966303, 32, 5, 10, 1970]:5115 0 338 0
[0.20013679069966303, 32, 5, 10, 1970]:5114 0 339 0
[0.20013679069966303, 32, 5, 10, 1970]:5114 0 339 0
[0.20013679069966303, 32, 5, 10, 1970]:5114 0 339 0
[0.20013679069966303, 32, 5, 10, 1970]:5114 0 339 0
[0.20013679069966303, 32, 5, 10, 1970]:5114 0 338 0
[0.20013679069966303, 32, 5, 10, 1970]:5114 0 339 0
[0.20013679069966303, 32, 5, 10, 1970]:5114 0 339 0
[0.20013679069966303, 32, 5, 10, 1970]:5115 0 338 0
[0.20013679069966303, 32, 5, 10, 1970]:5114 0 339 0
[0.059793425340268186, 100, 5, 2, 200]:394 4721 35 303
[0.059793425340268186, 100, 5, 2, 200]:325 4790 21 317
[0.059793425340268186, 100, 5, 2, 200]:318 4796 17 322
[0.059793425340268186, 100, 5, 2, 200]:303 4811 21 318
[0.059793425340268186, 100, 5, 2, 200]:353 4761 24 315
[0.059793425340268186, 100, 5, 2, 200]:290 4824 14 325
[0.059793425340268186, 100, 5, 2, 200]:315 4799 15 324
[0.059793425340268186, 100, 5, 2, 200]:307 4807 19 320
[0.059793425340268186, 100, 5, 2, 200]:317 4797 18 320
[0.059793425340268186, 100, 5, 2, 200]:346 4768 33 306
[0.06349692331488455, 99, 1, 2, 908]:4974 141 331 7
[0.06349692331488455, 99, 1, 2, 908]:4998 116 328 11
[0.06349692331488455, 99, 1, 2, 908]:5033 82 333 5
[0.06349692331488455, 99, 1, 2, 908]:4987 127 328 11
[0.06349692331488455, 99, 1, 2, 908]:4939 175 326 12
[0.06349692331488455, 99, 1, 2, 908]:4930 184 329 10
[0.06349692331488455, 99, 1, 2, 908]:4967 147 332 7
[0.06349692331488455, 99, 1, 2, 908]:4940 174 330 9
[0.06349692331488455, 99, 1, 2, 908]:4966 148 328 11
[0.06349692331488455, 99, 1, 2, 908]:4984 130 328 11
[0.02032101396709657, 100, 5, 2, 2000]:158 4956 8 330
[0.02032101396709657, 100, 5, 2, 2000]:173 4942 14 324
[0.02032101396709657, 100, 5, 2, 2000]:146 4968 4 335
[0.02032101396709657, 100, 5, 2, 2000]:149 4966 8 330
[0.02032101396709657, 100, 5, 2, 2000]:168 4946 10 329
[0.02032101396709657, 100, 5, 2, 2000]:140 4974 7 332
[0.02032101396709657, 100, 5, 2, 2000]:144 4970 7 332
[0.02032101396709657, 100, 5, 2, 2000]:149 4965 12 327
[0.02032101396709657, 100, 5, 2, 2000]:137 4977 8 331
[0.02032101396709657, 100, 5, 2, 2000]:168 4946 7 332
[0.03333871186778484, 100, 3, 6, 200]:232 4882 14 325
[0.03333871186778484, 100, 3, 6, 200]:204 4910 10 328
[0.04570542519693625, 100, 5, 2, 200]:259 4855 17 321
[0.03333871186778484, 100, 3, 6, 200]:225 4889 12 327
[0.04570542519693625, 100, 5, 2, 200]:261 4853 13 326
[0.03333871186778484, 100, 3, 6, 200]:177 4937 11 328
[0.04570542519693625, 100, 5, 2, 200]:187 4927 7 332
[0.03333871186778484, 100, 3, 6, 200]:186 4928 10 329
[0.04570542519693625, 100, 5, 2, 200]:211 4904 14 324
[0.04570542519693625, 100, 5, 2, 200]:273 4841 17 322
[0.04570542519693625, 100, 5, 2, 200]:226 4888 12 327
[0.03333871186778484, 100, 3, 6, 200]:207 4908 18 320
[0.04570542519693625, 100, 5, 2, 200]:213 4901 12 327
[0.04570542519693625, 100, 5, 2, 200]:192 4922 12 327
[0.03333871186778484, 100, 3, 6, 200]:196 4918 19 320
[0.04570542519693625, 100, 5, 2, 200]:240 4875 18 320
[0.04570542519693625, 100, 5, 2, 200]:213 4901 19 320
[0.03333871186778484, 100, 3, 6, 200]:184 4930 5 334
[0.03333871186778484, 100, 3, 6, 200]:191 4924 9 329
[0.03333871186778484, 100, 3, 6, 200]:203 4911 11 328
[0.01, 19, 5, 10, 1742]:100 5015 4 334
[0.01, 19, 5, 10, 1742]:93 5021 1 338
[0.01, 19, 5, 10, 1742]:104 5010 4 334
[0.01, 19, 5, 10, 1742]:118 4996 6 333
[0.01, 19, 5, 10, 1742]:109 5006 4 334
[0.01, 19, 5, 10, 1742]:112 5002 4 335
[0.01, 19, 5, 10, 1742]:112 5002 7 332
[0.01, 19, 5, 10, 1742]:101 5013 6 333
[0.01, 19, 5, 10, 1742]:80 5034 4 335
[0.01, 19, 5, 10, 1742]:95 5019 4 335
[0.055457863294844, 51, 5, 5, 358]:289 4826 19 319
[0.055457863294844, 51, 5, 5, 358]:298 4816 15 324
[0.055457863294844, 51, 5, 5, 358]:286 4828 25 314
[0.055457863294844, 51, 5, 5, 358]:282 4832 13 326
[0.055457863294844, 51, 5, 5, 358]:289 4825 17 322
[0.055457863294844, 51, 5, 5, 358]:300 4814 18 320
[0.055457863294844, 51, 5, 5, 358]:298 4816 19 320
[0.055457863294844, 51, 5, 5, 358]:308 4806 18 321
[0.055457863294844, 51, 5, 5, 358]:305 4809 20 319
[0.055457863294844, 51, 5, 5, 358]:333 4782 28 310
[0.01, 5, 3, 4, 2000]:23 5091 2 336
[0.01, 5, 3, 4, 2000]:22 5092 1 338
[0.01, 5, 3, 4, 2000]:18 5097 1 337
[0.01, 5, 3, 4, 2000]:14 5101 0 338
[0.01, 5, 3, 4, 2000]:17 5097 0 339
[0.01, 5, 3, 4, 2000]:20 5094 0 339
[0.01, 5, 3, 4, 2000]:19 5095 1 338
[0.01, 5, 3, 4, 2000]:20 5094 0 339
[0.01, 5, 3, 4, 2000]:12 5102 1 338
[0.01, 5, 3, 4, 2000]:12 5102 0 339
[0.0369208016178964, 100, 1, 10, 1388]:282 4832 16 322
[0.0369208016178964, 100, 1, 10, 1388]:225 4890 15 323
[0.0369208016178964, 100, 1, 10, 1388]:218 4896 11 328
[0.0369208016178964, 100, 1, 10, 1388]:240 4874 13 326
[0.0369208016178964, 100, 1, 10, 1388]:239 4876 19 319
[0.0369208016178964, 100, 1, 10, 1388]:260 4854 16 323
[0.0369208016178964, 100, 1, 10, 1388]:219 4895 7 332
[0.0369208016178964, 100, 1, 10, 1388]:207 4907 14 325
[0.0369208016178964, 100, 1, 10, 1388]:223 4891 20 319
[0.0369208016178964, 100, 1, 10, 1388]:245 4869 13 326
[0.017869539370817072, 7, 2, 7, 1420]:27 5087 2 337
[0.017869539370817072, 7, 2, 7, 1420]:33 5081 0 339
[0.017869539370817072, 7, 2, 7, 1420]:38 5076 3 336
[0.017869539370817072, 7, 2, 7, 1420]:35 5079 3 336
[0.017869539370817072, 7, 2, 7, 1420]:30 5085 1 337
[0.017869539370817072, 7, 2, 7, 1420]:27 5087 1 338
[0.017869539370817072, 7, 2, 7, 1420]:39 5075 4 335
[0.017869539370817072, 7, 2, 7, 1420]:39 5075 2 336
[0.017869539370817072, 7, 2, 7, 1420]:34 5081 1 337
[0.017869539370817072, 7, 2, 7, 1420]:32 5082 2 337
[0.05139226962544652, 100, 3, 10, 2000]:301 4813 18 320
[0.05139226962544652, 100, 3, 10, 2000]:279 4836 16 322
[0.05139226962544652, 100, 3, 10, 2000]:299 4815 18 321
[0.05139226962544652, 100, 3, 10, 2000]:294 4820 15 324
[0.05139226962544652, 100, 3, 10, 2000]:282 4832 13 326
[0.05139226962544652, 100, 3, 10, 2000]:271 4843 17 322
[0.05139226962544652, 100, 3, 10, 2000]:282 4832 24 315
[0.05139226962544652, 100, 3, 10, 2000]:286 4828 13 326
[0.05139226962544652, 100, 3, 10, 2000]:294 4821 20 318
[0.05139226962544652, 100, 3, 10, 2000]:306 4808 20 319
[0.01971507574992753, 100, 2, 2, 2000]:199 4916 17 321
[0.01971507574992753, 100, 2, 2, 2000]:170 4944 9 330
[0.01971507574992753, 100, 2, 2, 2000]:190 4924 11 327
[0.01971507574992753, 100, 2, 2, 2000]:160 4954 10 329
[0.01971507574992753, 100, 2, 2, 2000]:200 4914 9 330
[0.01971507574992753, 100, 2, 2, 2000]:200 4914 11 328
[0.01971507574992753, 100, 2, 2, 2000]:175 4939 5 334
[0.01971507574992753, 100, 2, 2, 2000]:174 4940 15 324
[0.01971507574992753, 100, 2, 2, 2000]:178 4937 9 329
[0.01971507574992753, 100, 2, 2, 2000]:185 4929 9 330
[0.0441076526597046, 5, 5, 10, 295]:70 5045 1 337
[0.0441076526597046, 5, 5, 10, 295]:61 5053 3 335
[0.0441076526597046, 5, 5, 10, 295]:64 5050 5 334
[0.0441076526597046, 5, 5, 10, 295]:45 5069 2 337
[0.0441076526597046, 5, 5, 10, 295]:50 5064 2 337
[0.0441076526597046, 5, 5, 10, 295]:55 5060 2 336
[0.0441076526597046, 5, 5, 10, 295]:51 5063 3 336
[0.0441076526597046, 5, 5, 10, 295]:71 5043 5 334
[0.0441076526597046, 5, 5, 10, 295]:48 5066 1 338
[0.0441076526597046, 5, 5, 10, 295]:55 5059 3 336
[0.01, 10, 4, 9, 910]:36 5078 0 339
[0.01, 10, 4, 9, 910]:33 5081 3 336
[0.01, 10, 4, 9, 910]:46 5068 3 336
[0.01, 10, 4, 9, 910]:43 5071 3 336
[0.01, 10, 4, 9, 910]:34 5080 2 337
[0.01, 10, 4, 9, 910]:40 5074 3 336
[0.01, 10, 4, 9, 910]:36 5079 1 337
[0.01, 10, 4, 9, 910]:44 5071 1 337
[0.01, 10, 4, 9, 910]:28 5086 1 338
[0.01, 10, 4, 9, 910]:47 5067 2 336
[0.28419385656513996, 27, 4, 7, 1844]:5114 0 339 0
[0.28419385656513996, 27, 4, 7, 1844]:5115 0 338 0
[0.28419385656513996, 27, 4, 7, 1844]:5115 0 338 0
[0.28419385656513996, 27, 4, 7, 1844]:5114 0 338 0
[0.28419385656513996, 27, 4, 7, 1844]:5114 0 339 0
[0.28419385656513996, 27, 4, 7, 1844]:5114 0 339 0
[0.28419385656513996, 27, 4, 7, 1844]:5114 0 339 0
[0.28419385656513996, 27, 4, 7, 1844]:5114 0 339 0
[0.28419385656513996, 27, 4, 7, 1844]:5114 0 339 0
[0.28419385656513996, 27, 4, 7, 1844]:5114 0 339 0
[0.057951969405777466, 5, 1, 10, 2000]:171 4943 9 329
[0.057951969405777466, 5, 1, 10, 2000]:158 4957 7 331
[0.057951969405777466, 5, 1, 10, 2000]:155 4959 8 331
[0.057951969405777466, 5, 1, 10, 2000]:159 4955 12 327
[0.057951969405777466, 5, 1, 10, 2000]:132 4982 6 333
[0.057951969405777466, 5, 1, 10, 2000]:160 4954 11 328
[0.057951969405777466, 5, 1, 10, 2000]:139 4975 7 332
[0.057951969405777466, 5, 1, 10, 2000]:182 4932 11 328
[0.057951969405777466, 5, 1, 10, 2000]:157 4957 6 333
[0.057951969405777466, 5, 1, 10, 2000]:173 4942 11 327
[0.016904174809434066, 50, 5, 10, 1652]:134 4980 7 332
[0.016904174809434066, 50, 5, 10, 1652]:144 4970 12 327
[0.016904174809434066, 50, 5, 10, 1652]:159 4955 10 329
[0.016904174809434066, 50, 5, 10, 1652]:134 4980 6 333
[0.016904174809434066, 50, 5, 10, 1652]:161 4953 7 332
[0.016904174809434066, 50, 5, 10, 1652]:134 4980 6 333
[0.016904174809434066, 50, 5, 10, 1652]:142 4972 4 335
[0.016904174809434066, 50, 5, 10, 1652]:155 4960 10 328
[0.016904174809434066, 50, 5, 10, 1652]:143 4972 7 331
[0.016904174809434066, 50, 5, 10, 1652]:149 4965 7 331
[0.02788462962986801, 100, 5, 10, 2000]:164 4950 8 330
[0.02788462962986801, 100, 5, 10, 2000]:156 4958 4 335
[0.02788462962986801, 100, 5, 10, 2000]:160 4954 9 330
[0.02788462962986801, 100, 5, 10, 2000]:164 4950 15 324
[0.02788462962986801, 100, 5, 10, 2000]:151 4963 9 330
[0.02788462962986801, 100, 5, 10, 2000]:178 4936 10 329
[0.02788462962986801, 100, 5, 10, 2000]:163 4952 8 330
[0.02788462962986801, 100, 5, 10, 2000]:179 4936 15 323
[0.02788462962986801, 100, 5, 10, 2000]:162 4952 9 330
[0.02788462962986801, 100, 5, 10, 2000]:183 4931 8 331
[0.052987811243534834, 100, 5, 10, 2000]:285 4829 13 326
[0.012526283367664901, 100, 5, 10, 2000]:128 4986 1 338
[0.052987811243534834, 100, 5, 10, 2000]:288 4826 17 321
[0.012526283367664901, 100, 5, 10, 2000]:152 4962 6 333
[0.052987811243534834, 100, 5, 10, 2000]:283 4831 24 315
[0.052987811243534834, 100, 5, 10, 2000]:265 4849 15 324
[0.012526283367664901, 100, 5, 10, 2000]:132 4982 7 332
[0.01, 100, 4, 10, 2000]:149 4965 12 327
[0.01, 100, 4, 10, 2000]:150 4964 3 336
[0.01, 100, 4, 10, 2000]:136 4978 7 332
[0.012526283367664901, 100, 5, 10, 2000]:120 4994 6 333
[0.012526283367664901, 100, 5, 10, 2000]:136 4978 12 327
[0.052987811243534834, 100, 5, 10, 2000]:262 4852 10 329
[0.012526283367664901, 100, 5, 10, 2000]:144 4971 10 328
[0.052987811243534834, 100, 5, 10, 2000]:297 4817 19 320
[0.052987811243534834, 100, 5, 10, 2000]:286 4828 15 324
[0.01, 100, 4, 10, 2000]:138 4976 6 333
[0.012526283367664901, 100, 5, 10, 2000]:137 4977 6 332
[0.01, 100, 4, 10, 2000]:166 4948 7 332
[0.01, 100, 4, 10, 2000]:154 4960 7 331
[0.052987811243534834, 100, 5, 10, 2000]:306 4808 20 319
[0.052987811243534834, 100, 5, 10, 2000]:292 4823 20 318
[0.01, 100, 4, 10, 2000]:164 4950 10 329
[0.052987811243534834, 100, 5, 10, 2000]:278 4837 17 321
[0.012526283367664901, 100, 5, 10, 2000]:139 4976 6 332
[0.01, 100, 4, 10, 2000]:141 4973 6 333
[0.01, 100, 4, 10, 2000]:152 4963 8 330
[0.012526283367664901, 100, 5, 10, 2000]:130 4984 6 333
[0.01, 100, 4, 10, 2000]:160 4955 11 327
[0.012526283367664901, 100, 5, 10, 2000]:157 4957 10 329
[0.14999953976363553, 11, 2, 10, 1061]:5114 0 339 0
[0.14999953976363553, 11, 2, 10, 1061]:5114 0 339 0
[0.14999953976363553, 11, 2, 10, 1061]:5114 0 339 0
[0.14999953976363553, 11, 2, 10, 1061]:5115 0 338 0
[0.14999953976363553, 11, 2, 10, 1061]:5113 1 338 0
[0.14999953976363553, 11, 2, 10, 1061]:5111 3 339 0
[0.14999953976363553, 11, 2, 10, 1061]:5114 0 339 0
[0.14999953976363553, 11, 2, 10, 1061]:5114 0 339 0
[0.14999953976363553, 11, 2, 10, 1061]:5115 0 338 0
[0.14999953976363553, 11, 2, 10, 1061]:5114 0 339 0
[0.16214229312479028, 82, 2, 6, 889]:5106 8 338 1
[0.16214229312479028, 82, 2, 6, 889]:5111 3 338 1
[0.16214229312479028, 82, 2, 6, 889]:5110 5 338 0
[0.16214229312479028, 82, 2, 6, 889]:5102 12 336 2
[0.16214229312479028, 82, 2, 6, 889]:5111 4 338 0
[0.16214229312479028, 82, 2, 6, 889]:5112 2 339 0
[0.16214229312479028, 82, 2, 6, 889]:5104 10 339 0
[0.16214229312479028, 82, 2, 6, 889]:5110 4 339 0
[0.16214229312479028, 82, 2, 6, 889]:5112 2 339 0
[0.16214229312479028, 82, 2, 6, 889]:5112 2 339 0
[0.15604947909969175, 100, 5, 2, 1266]:5114 0 339 0
[0.15604947909969175, 100, 5, 2, 1266]:5114 0 339 0
[0.15604947909969175, 100, 5, 2, 1266]:5115 0 338 0
[0.15604947909969175, 100, 5, 2, 1266]:5115 0 338 0
[0.15604947909969175, 100, 5, 2, 1266]:5114 0 338 0
[0.15604947909969175, 100, 5, 2, 1266]:5114 0 339 0
[0.15604947909969175, 100, 5, 2, 1266]:5114 0 339 0
[0.15604947909969175, 100, 5, 2, 1266]:5114 0 339 0
[0.15604947909969175, 100, 5, 2, 1266]:5113 1 339 0
[0.15604947909969175, 100, 5, 2, 1266]:5111 3 339 0
[0.014114937165012624, 5, 5, 2, 383]:14 5101 0 338
[0.014114937165012624, 5, 5, 2, 383]:23 5091 1 338
[0.014114937165012624, 5, 5, 2, 383]:26 5088 0 339
[0.014114937165012624, 5, 5, 2, 383]:24 5090 2 336
[0.014114937165012624, 5, 5, 2, 383]:21 5093 1 338
[0.014114937165012624, 5, 5, 2, 383]:17 5097 0 339
[0.014114937165012624, 5, 5, 2, 383]:18 5096 1 338
[0.014114937165012624, 5, 5, 2, 383]:20 5094 0 339
[0.014114937165012624, 5, 5, 2, 383]:14 5100 1 338
[0.014114937165012624, 5, 5, 2, 383]:17 5098 1 337
[0.5386472322862806, 74, 1, 7, 631]:5115 0 338 0
[0.5386472322862806, 74, 1, 7, 631]:5114 0 339 0
[0.5386472322862806, 74, 1, 7, 631]:5114 0 339 0
[0.5386472322862806, 74, 1, 7, 631]:5114 0 339 0
[0.5386472322862806, 74, 1, 7, 631]:5114 0 339 0
[0.5386472322862806, 74, 1, 7, 631]:5114 0 339 0
[0.5386472322862806, 74, 1, 7, 631]:5114 0 338 0
[0.5386472322862806, 74, 1, 7, 631]:5115 0 338 0
[0.5386472322862806, 74, 1, 7, 631]:5111 3 339 0
[0.5386472322862806, 74, 1, 7, 631]:5114 0 339 0
[0.5148457253044046, 16, 4, 9, 1743]:5114 0 339 0
[0.5148457253044046, 16, 4, 9, 1743]:5114 0 339 0
[0.5148457253044046, 16, 4, 9, 1743]:5114 0 339 0
[0.5148457253044046, 16, 4, 9, 1743]:5114 0 338 0
[0.5148457253044046, 16, 4, 9, 1743]:5114 0 339 0
[0.5148457253044046, 16, 4, 9, 1743]:5114 0 339 0
[0.5148457253044046, 16, 4, 9, 1743]:5114 0 339 0
[0.5148457253044046, 16, 4, 9, 1743]:5115 0 338 0
[0.5148457253044046, 16, 4, 9, 1743]:5114 0 339 0
[0.5148457253044046, 16, 4, 9, 1743]:5115 0 338 0
[0.02906374751172003, 100, 3, 8, 200]:174 4940 10 329
[0.02906374751172003, 100, 3, 8, 200]:195 4920 17 321
[0.02906374751172003, 100, 3, 8, 200]:220 4894 13 326
[0.02906374751172003, 100, 3, 8, 200]:199 4915 11 327
[0.02906374751172003, 100, 3, 8, 200]:180 4934 9 330
[0.02906374751172003, 100, 3, 8, 200]:193 4921 11 328
[0.02906374751172003, 100, 3, 8, 200]:194 4920 17 322
[0.02906374751172003, 100, 3, 8, 200]:190 4925 9 329
[0.02906374751172003, 100, 3, 8, 200]:182 4932 5 334
[0.02906374751172003, 100, 3, 8, 200]:226 4888 11 328
[0.03407405843787333, 6, 3, 8, 1193]:39 5075 3 336
[0.03407405843787333, 6, 3, 8, 1193]:44 5070 0 339
[0.03407405843787333, 6, 3, 8, 1193]:51 5063 4 335
[0.03407405843787333, 6, 3, 8, 1193]:45 5069 3 336
[0.03407405843787333, 6, 3, 8, 1193]:40 5074 2 337
[0.03407405843787333, 6, 3, 8, 1193]:45 5070 2 336
[0.03407405843787333, 6, 3, 8, 1193]:53 5061 5 334
[0.03407405843787333, 6, 3, 8, 1193]:37 5077 1 338
[0.03407405843787333, 6, 3, 8, 1193]:54 5061 1 337
[0.03407405843787333, 6, 3, 8, 1193]:49 5065 2 336
[0.025325261064083494, 5, 1, 9, 1921]:27 5087 2 337
[0.025325261064083494, 5, 1, 9, 1921]:32 5082 3 336
[0.025325261064083494, 5, 1, 9, 1921]:20 5095 1 337
[0.025325261064083494, 5, 1, 9, 1921]:32 5082 2 336
[0.025325261064083494, 5, 1, 9, 1921]:24 5090 2 337
[0.025325261064083494, 5, 1, 9, 1921]:23 5091 1 338
[0.025325261064083494, 5, 1, 9, 1921]:35 5079 2 337
[0.025325261064083494, 5, 1, 9, 1921]:28 5086 3 336
[0.025325261064083494, 5, 1, 9, 1921]:22 5093 0 338
[0.025325261064083494, 5, 1, 9, 1921]:29 5085 0 339
[0.0484151475952077, 5, 1, 10, 200]:66 5048 2 337
[0.0484151475952077, 5, 1, 10, 200]:93 5021 5 334
[0.0484151475952077, 5, 1, 10, 200]:78 5036 6 333
[0.0484151475952077, 5, 1, 10, 200]:73 5042 4 334
[0.0484151475952077, 5, 1, 10, 200]:103 5012 3 335
[0.0484151475952077, 5, 1, 10, 200]:83 5031 5 333
[0.0484151475952077, 5, 1, 10, 200]:76 5038 4 335
[0.0484151475952077, 5, 1, 10, 200]:81 5033 4 335
[0.0484151475952077, 5, 1, 10, 200]:74 5040 4 335
[0.0484151475952077, 5, 1, 10, 200]:81 5033 4 335
[0.7723297845106551, 100, 5, 2, 200]:5114 0 339 0
[0.7723297845106551, 100, 5, 2, 200]:5114 0 339 0
[0.7723297845106551, 100, 5, 2, 200]:5114 0 339 0
[0.7723297845106551, 100, 5, 2, 200]:5114 0 339 0
[0.7723297845106551, 100, 5, 2, 200]:5115 0 338 0
[0.7723297845106551, 100, 5, 2, 200]:5114 0 338 0
[0.7723297845106551, 100, 5, 2, 200]:5115 0 338 0
[0.7723297845106551, 100, 5, 2, 200]:5114 0 339 0
[0.7723297845106551, 100, 5, 2, 200]:5114 0 339 0
[0.7723297845106551, 100, 5, 2, 200]:5114 0 339 0
[0.8068585400870233, 56, 1, 9, 1454]:5115 0 338 0
[0.8068585400870233, 56, 1, 9, 1454]:5114 0 339 0
[0.8068585400870233, 56, 1, 9, 1454]:5114 0 339 0
[0.8068585400870233, 56, 1, 9, 1454]:5114 0 339 0
[0.8068585400870233, 56, 1, 9, 1454]:5114 0 339 0
[0.8068585400870233, 56, 1, 9, 1454]:5114 0 338 0
[0.8068585400870233, 56, 1, 9, 1454]:5114 0 339 0
[0.8068585400870233, 56, 1, 9, 1454]:5114 0 339 0
[0.8068585400870233, 56, 1, 9, 1454]:5115 0 338 0
[0.8068585400870233, 56, 1, 9, 1454]:5114 0 339 0
[0.031514206674196125, 62, 1, 10, 313]:226 4888 13 326
[0.031514206674196125, 62, 1, 10, 313]:244 4870 12 327
[0.031514206674196125, 62, 1, 10, 313]:219 4896 14 324
[0.031514206674196125, 62, 1, 10, 313]:252 4862 14 325
[0.031514206674196125, 62, 1, 10, 313]:229 4886 19 319
[0.031514206674196125, 62, 1, 10, 313]:209 4905 6 333
[0.031514206674196125, 62, 1, 10, 313]:223 4891 11 327
[0.031514206674196125, 62, 1, 10, 313]:198 4916 13 326
[0.031514206674196125, 62, 1, 10, 313]:209 4905 19 320
[0.031514206674196125, 62, 1, 10, 313]:208 4906 11 328
[0.053393545941536405, 5, 3, 2, 2000]:107 5007 10 329
[0.053393545941536405, 5, 3, 2, 2000]:88 5026 5 334
[0.053393545941536405, 5, 3, 2, 2000]:122 4992 7 332
[0.053393545941536405, 5, 3, 2, 2000]:131 4984 7 331
[0.053393545941536405, 5, 3, 2, 2000]:109 5005 6 333
[0.053393545941536405, 5, 3, 2, 2000]:98 5016 3 336
[0.01125394104545595, 5, 5, 10, 2000]:17 5097 0 339
[0.01125394104545595, 5, 5, 10, 2000]:14 5101 0 338
[0.053393545941536405, 5, 3, 2, 2000]:108 5006 4 335
[0.01125394104545595, 5, 5, 10, 2000]:23 5091 2 336
[0.053393545941536405, 5, 3, 2, 2000]:105 5009 5 334
[0.053393545941536405, 5, 3, 2, 2000]:106 5008 6 332
[0.01125394104545595, 5, 5, 10, 2000]:22 5092 1 338
[0.053393545941536405, 5, 3, 2, 2000]:116 4999 5 333
[0.01125394104545595, 5, 5, 10, 2000]:10 5104 1 338
[0.01125394104545595, 5, 5, 10, 2000]:13 5101 0 339
[0.01125394104545595, 5, 5, 10, 2000]:14 5100 1 338
[0.01125394104545595, 5, 5, 10, 2000]:23 5091 0 339
[0.01125394104545595, 5, 5, 10, 2000]:17 5098 1 337
[0.01125394104545595, 5, 5, 10, 2000]:17 5097 0 339
