[0.016110593344262635, 87, 3, 10, 425]:154 4955 11 333
[0.016110593344262635, 87, 3, 10, 425]:148 4962 5 338
[0.016110593344262635, 87, 3, 10, 425]:156 4953 8 335
[0.016110593344262635, 87, 3, 10, 425]:143 4966 3 341
[0.016110593344262635, 87, 3, 10, 425]:188 4922 15 328
[0.016110593344262635, 87, 3, 10, 425]:176 4933 6 338
[0.016110593344262635, 87, 3, 10, 425]:149 4960 6 338
[0.016110593344262635, 87, 3, 10, 425]:169 4941 9 334
[0.016110593344262635, 87, 3, 10, 425]:162 4948 9 334
[0.016110593344262635, 87, 3, 10, 425]:155 4955 16 327
[0.017067014330144775, 78, 5, 7, 1683]:179 4931 14 329
[0.017067014330144775, 78, 5, 7, 1683]:130 4979 6 338
[0.017067014330144775, 78, 5, 7, 1683]:147 4963 7 336
[0.05217479459868091, 23, 3, 3, 1385]:264 4845 18 326
[0.05217479459868091, 23, 3, 3, 1385]:276 4834 18 325
[0.017067014330144775, 78, 5, 7, 1683]:144 4966 8 335
[0.017067014330144775, 78, 5, 7, 1683]:142 4967 4 340
[0.017067014330144775, 78, 5, 7, 1683]:134 4975 11 333
[0.017067014330144775, 78, 5, 7, 1683]:136 4974 15 328
[0.017067014330144775, 78, 5, 7, 1683]:131 4979 5 338
[0.05217479459868091, 23, 3, 3, 1385]:240 4869 13 331
[0.05217479459868091, 23, 3, 3, 1385]:274 4835 19 324
[0.05217479459868091, 23, 3, 3, 1385]:228 4882 9 334
[0.017067014330144775, 78, 5, 7, 1683]:116 4993 2 342
[0.05217479459868091, 23, 3, 3, 1385]:311 4799 21 322
[0.05217479459868091, 23, 3, 3, 1385]:239 4871 22 321
[0.05217479459868091, 23, 3, 3, 1385]:268 4841 14 330
[0.05217479459868091, 23, 3, 3, 1385]:346 4764 30 313
[0.05217479459868091, 23, 3, 3, 1385]:232 4877 5 339
[0.017067014330144775, 78, 5, 7, 1683]:130 4979 6 337
[0.3866995902353707, 71, 4, 7, 691]:5110 0 343 0
[0.3866995902353707, 71, 4, 7, 691]:5109 0 344 0
[0.3866995902353707, 71, 4, 7, 691]:5110 0 343 0
[0.3866995902353707, 71, 4, 7, 691]:5110 0 343 0
[0.3866995902353707, 71, 4, 7, 691]:5109 0 343 0
[0.3866995902353707, 71, 4, 7, 691]:5109 0 344 0
[0.3866995902353707, 71, 4, 7, 691]:5110 0 343 0
[0.3866995902353707, 71, 4, 7, 691]:5109 0 344 0
[0.3866995902353707, 71, 4, 7, 691]:5110 0 343 0
[0.3866995902353707, 71, 4, 7, 691]:5109 0 344 0
[0.033180820908173835, 59, 5, 10, 1826]:184 4926 16 327
[0.033180820908173835, 59, 5, 10, 1826]:205 4904 9 335
[0.033180820908173835, 59, 5, 10, 1826]:187 4923 9 334
[0.033180820908173835, 59, 5, 10, 1826]:156 4954 6 337
[0.42156330201539866, 35, 4, 4, 1865]:5110 0 343 0
[0.42156330201539866, 35, 4, 4, 1865]:5109 0 343 0
[0.033180820908173835, 59, 5, 10, 1826]:177 4932 10 333
[0.42156330201539866, 35, 4, 4, 1865]:5110 0 343 0
[0.033180820908173835, 59, 5, 10, 1826]:172 4937 11 333
[0.033180820908173835, 59, 5, 10, 1826]:173 4937 11 332
[0.033180820908173835, 59, 5, 10, 1826]:163 4946 3 341
[0.42156330201539866, 35, 4, 4, 1865]:5110 0 343 0
[0.42156330201539866, 35, 4, 4, 1865]:5109 0 344 0
[0.033180820908173835, 59, 5, 10, 1826]:224 4886 17 326
[0.42156330201539866, 35, 4, 4, 1865]:5109 0 344 0
[0.42156330201539866, 35, 4, 4, 1865]:5110 0 343 0
[0.42156330201539866, 35, 4, 4, 1865]:5109 0 344 0
[0.42156330201539866, 35, 4, 4, 1865]:5110 0 343 0
[0.42156330201539866, 35, 4, 4, 1865]:5109 0 344 0
[0.033180820908173835, 59, 5, 10, 1826]:170 4939 8 336
[0.016478163604901338, 10, 4, 4, 1396]:56 5053 5 339
[0.016478163604901338, 10, 4, 4, 1396]:43 5067 0 343
[0.016478163604901338, 10, 4, 4, 1396]:59 5050 2 342
[0.016478163604901338, 10, 4, 4, 1396]:69 5041 9 334
[0.016478163604901338, 10, 4, 4, 1396]:51 5058 3 341
[0.016478163604901338, 10, 4, 4, 1396]:48 5062 1 342
[0.016478163604901338, 10, 4, 4, 1396]:52 5058 2 341
[0.016478163604901338, 10, 4, 4, 1396]:51 5058 2 341
[0.016478163604901338, 10, 4, 4, 1396]:48 5061 0 344
[0.016478163604901338, 10, 4, 4, 1396]:50 5060 6 337
[0.015896493287006933, 12, 3, 4, 1796]:88 5021 3 341
[0.015896493287006933, 12, 3, 4, 1796]:66 5043 4 340
[0.015896493287006933, 12, 3, 4, 1796]:83 5026 7 337
[0.015896493287006933, 12, 3, 4, 1796]:70 5039 3 340
[0.015896493287006933, 12, 3, 4, 1796]:82 5028 2 341
[0.015896493287006933, 12, 3, 4, 1796]:73 5037 9 334
[0.015896493287006933, 12, 3, 4, 1796]:72 5038 4 339
[0.015896493287006933, 12, 3, 4, 1796]:88 5022 11 332
[0.04816714274069403, 57, 5, 6, 1579]:270 4840 17 326
[0.015896493287006933, 12, 3, 4, 1796]:64 5045 0 344
[0.015896493287006933, 12, 3, 4, 1796]:61 5049 0 343
[0.04816714274069403, 57, 5, 6, 1579]:218 4892 9 334
[0.04816714274069403, 57, 5, 6, 1579]:218 4892 19 324
[0.04816714274069403, 57, 5, 6, 1579]:318 4792 28 315
[0.04816714274069403, 57, 5, 6, 1579]:210 4899 14 330
[0.04816714274069403, 57, 5, 6, 1579]:220 4890 13 330
[0.04816714274069403, 57, 5, 6, 1579]:216 4893 10 334
[0.04816714274069403, 57, 5, 6, 1579]:221 4888 5 339
[0.04816714274069403, 57, 5, 6, 1579]:250 4859 12 332
[0.04816714274069403, 57, 5, 6, 1579]:228 4881 15 328
[0.09511958941195615, 91, 4, 10, 486]:5091 19 342 1
[0.2773730032672459, 57, 4, 5, 515]:5110 0 343 0
[0.09511958941195615, 91, 4, 10, 486]:5099 11 342 1
[0.09511958941195615, 91, 4, 10, 486]:5091 18 342 1
[0.09511958941195615, 91, 4, 10, 486]:5093 17 341 2
[0.2773730032672459, 57, 4, 5, 515]:5109 0 343 0
[0.2773730032672459, 57, 4, 5, 515]:5110 0 343 0
[0.09511958941195615, 91, 4, 10, 486]:5101 9 343 0
[0.09511958941195615, 91, 4, 10, 486]:5097 13 342 1
[0.2773730032672459, 57, 4, 5, 515]:5109 0 344 0
[0.09511958941195615, 91, 4, 10, 486]:5086 23 341 3
[0.2773730032672459, 57, 4, 5, 515]:5110 0 343 0
[0.09511958941195615, 91, 4, 10, 486]:5087 22 343 1
[0.09511958941195615, 91, 4, 10, 486]:5088 21 340 4
[0.09511958941195615, 91, 4, 10, 486]:5097 12 343 1
[0.2773730032672459, 57, 4, 5, 515]:5109 0 344 0
[0.2773730032672459, 57, 4, 5, 515]:5109 0 344 0
[0.2773730032672459, 57, 4, 5, 515]:5109 0 344 0
[0.19323459851478766, 65, 3, 4, 825]:5108 1 343 1
[0.19323459851478766, 65, 3, 4, 825]:5109 0 344 0
[0.19323459851478766, 65, 3, 4, 825]:5110 0 343 0
[0.19323459851478766, 65, 3, 4, 825]:5110 0 343 0
[0.19323459851478766, 65, 3, 4, 825]:5108 2 343 0
[0.19323459851478766, 65, 3, 4, 825]:5109 0 344 0
[0.19323459851478766, 65, 3, 4, 825]:5108 1 342 1
[0.19323459851478766, 65, 3, 4, 825]:5108 1 344 0
[0.19323459851478766, 65, 3, 4, 825]:5110 0 343 0
[0.19323459851478766, 65, 3, 4, 825]:5110 0 343 0
[0.2773730032672459, 57, 4, 5, 515]:5110 0 343 0
[0.2773730032672459, 57, 4, 5, 515]:5110 0 343 0
[0.01, 100, 5, 10, 200]:125 4984 11 333
[0.01, 100, 5, 10, 200]:130 4980 5 338
[0.01, 100, 5, 10, 200]:129 4980 4 340
[0.01, 100, 5, 10, 200]:116 4993 5 339
[0.01, 100, 5, 10, 200]:121 4989 8 335
[0.01, 100, 5, 10, 200]:117 4992 6 337
[0.01, 100, 5, 10, 200]:89 5020 0 344
[0.01, 100, 5, 10, 200]:156 4954 14 329
[0.01, 100, 5, 10, 200]:125 4985 15 328
[0.01, 100, 5, 10, 200]:116 4994 3 340
[0.99, 72, 4, 3, 983]:5110 0 343 0
[0.99, 72, 4, 3, 983]:5109 0 344 0
[0.99, 72, 4, 3, 983]:5110 0 343 0
[0.99, 72, 4, 3, 983]:5110 0 343 0
[0.99, 72, 4, 3, 983]:5109 0 344 0
[0.99, 72, 4, 3, 983]:5109 0 343 0
[0.99, 72, 4, 3, 983]:5109 0 344 0
[0.99, 72, 4, 3, 983]:5110 0 343 0
[0.99, 72, 4, 3, 983]:5110 0 343 0
[0.99, 72, 4, 3, 983]:5109 0 344 0
[0.0236594744285392, 37, 1, 2, 2000]:202 4908 10 333
[0.0236594744285392, 37, 1, 2, 2000]:201 4908 13 330
[0.0236594744285392, 37, 1, 2, 2000]:251 4859 23 320
[0.0236594744285392, 37, 1, 2, 2000]:238 4871 10 334
[0.0236594744285392, 37, 1, 2, 2000]:195 4915 18 325
[0.0236594744285392, 37, 1, 2, 2000]:187 4923 6 337
[0.0236594744285392, 37, 1, 2, 2000]:192 4917 13 331
[0.0236594744285392, 37, 1, 2, 2000]:198 4911 9 335
[0.0236594744285392, 37, 1, 2, 2000]:210 4900 12 331
[0.0236594744285392, 37, 1, 2, 2000]:187 4922 3 341
[0.03874676382461235, 100, 5, 2, 200]:215 4894 10 334
[0.012050137304393692, 100, 5, 10, 200]:123 4987 4 339
[0.012050137304393692, 100, 5, 10, 200]:164 4946 12 331
[0.03874676382461235, 100, 5, 2, 200]:179 4930 8 336
[0.03874676382461235, 100, 5, 2, 200]:231 4879 19 324
[0.012050137304393692, 100, 5, 10, 200]:126 4983 10 334
[0.012050137304393692, 100, 5, 10, 200]:132 4978 8 335
[0.012050137304393692, 100, 5, 10, 200]:112 4997 6 338
[0.012050137304393692, 100, 5, 10, 200]:133 4976 4 340
[0.03874676382461235, 100, 5, 2, 200]:183 4926 10 333
[0.03874676382461235, 100, 5, 2, 200]:197 4913 9 334
[0.03874676382461235, 100, 5, 2, 200]:201 4909 13 330
[0.012050137304393692, 100, 5, 10, 200]:135 4975 6 337
[0.012050137304393692, 100, 5, 10, 200]:99 5010 2 342
[0.03874676382461235, 100, 5, 2, 200]:186 4923 12 332
[0.03874676382461235, 100, 5, 2, 200]:177 4933 8 335
[0.03874676382461235, 100, 5, 2, 200]:191 4919 16 327
[0.012050137304393692, 100, 5, 10, 200]:123 4986 6 337
[0.012050137304393692, 100, 5, 10, 200]:129 4981 15 328
[0.03874676382461235, 100, 5, 2, 200]:184 4925 4 340
[0.0440118310327538, 69, 1, 10, 1565]:344 4766 32 311
[0.0440118310327538, 69, 1, 10, 1565]:299 4811 20 323
[0.0440118310327538, 69, 1, 10, 1565]:236 4874 22 321
[0.0440118310327538, 69, 1, 10, 1565]:287 4822 18 326
[0.0440118310327538, 69, 1, 10, 1565]:235 4874 6 338
[0.0440118310327538, 69, 1, 10, 1565]:238 4871 19 325
[0.0440118310327538, 69, 1, 10, 1565]:242 4867 14 330
[0.0440118310327538, 69, 1, 10, 1565]:228 4882 9 334
[0.0440118310327538, 69, 1, 10, 1565]:245 4865 14 329
[0.0440118310327538, 69, 1, 10, 1565]:242 4867 17 326
[0.02810130354035625, 99, 1, 2, 325]:255 4855 23 320
[0.02810130354035625, 99, 1, 2, 325]:209 4900 14 330
[0.02810130354035625, 99, 1, 2, 325]:208 4902 19 324
[0.02810130354035625, 99, 1, 2, 325]:222 4888 12 331
[0.02810130354035625, 99, 1, 2, 325]:203 4906 3 341
[0.02810130354035625, 99, 1, 2, 325]:217 4892 10 334
[0.02810130354035625, 99, 1, 2, 325]:242 4867 12 332
[0.019938700901028308, 32, 1, 9, 384]:239 4871 20 323
[0.02810130354035625, 99, 1, 2, 325]:220 4890 11 332
[0.02810130354035625, 99, 1, 2, 325]:201 4909 7 336
[0.019938700901028308, 32, 1, 9, 384]:178 4931 3 341
[0.019938700901028308, 32, 1, 9, 384]:197 4913 10 333
[0.02810130354035625, 99, 1, 2, 325]:212 4897 12 331
[0.019938700901028308, 32, 1, 9, 384]:193 4916 9 335
[0.019938700901028308, 32, 1, 9, 384]:235 4874 10 334
[0.019938700901028308, 32, 1, 9, 384]:190 4919 10 333
[0.019938700901028308, 32, 1, 9, 384]:176 4934 6 337
[0.019938700901028308, 32, 1, 9, 384]:190 4919 13 331
[0.019938700901028308, 32, 1, 9, 384]:203 4907 9 334
[0.019938700901028308, 32, 1, 9, 384]:191 4919 17 326
[0.061958980417476356, 76, 4, 10, 1858]:338 4771 23 320
[0.061958980417476356, 76, 4, 10, 1858]:373 4737 30 313
[0.061958980417476356, 76, 4, 10, 1858]:358 4751 13 331
[0.061958980417476356, 76, 4, 10, 1858]:403 4707 35 308
[0.061958980417476356, 76, 4, 10, 1858]:376 4734 26 317
[0.061958980417476356, 76, 4, 10, 1858]:358 4752 26 317
[0.061958980417476356, 76, 4, 10, 1858]:299 4811 23 320
[0.061958980417476356, 76, 4, 10, 1858]:343 4766 24 320
[0.061958980417476356, 76, 4, 10, 1858]:356 4753 20 324
[0.061958980417476356, 76, 4, 10, 1858]:363 4746 21 323
[0.02543331738153756, 70, 5, 10, 491]:198 4912 16 327
[0.02543331738153756, 70, 5, 10, 491]:159 4951 15 328
[0.02543331738153756, 70, 5, 10, 491]:142 4967 2 342
[0.02543331738153756, 70, 5, 10, 491]:143 4967 5 338
[0.02543331738153756, 70, 5, 10, 491]:158 4952 9 334
[0.02543331738153756, 70, 5, 10, 491]:163 4946 4 340
[0.02543331738153756, 70, 5, 10, 491]:143 4966 7 337
[0.02543331738153756, 70, 5, 10, 491]:142 4967 11 333
[0.02543331738153756, 70, 5, 10, 491]:157 4953 9 334
[0.02543331738153756, 70, 5, 10, 491]:145 4964 8 335
[0.010719271697081829, 32, 1, 2, 1825]:212 4898 15 328
[0.013542002220516295, 97, 1, 3, 1785]:192 4918 10 333
[0.013542002220516295, 97, 1, 3, 1785]:176 4934 17 326
[0.010719271697081829, 32, 1, 2, 1825]:174 4935 7 337
[0.013542002220516295, 97, 1, 3, 1785]:233 4877 20 323
[0.013542002220516295, 97, 1, 3, 1785]:177 4932 9 334
[0.013542002220516295, 97, 1, 3, 1785]:172 4937 3 341
[0.010719271697081829, 32, 1, 2, 1825]:189 4921 10 333
[0.013542002220516295, 97, 1, 3, 1785]:215 4894 9 335
[0.010719271697081829, 32, 1, 2, 1825]:208 4901 9 335
[0.010719271697081829, 32, 1, 2, 1825]:186 4924 10 333
[0.013542002220516295, 97, 1, 3, 1785]:184 4925 8 336
[0.010719271697081829, 32, 1, 2, 1825]:171 4938 8 335
[0.013542002220516295, 97, 1, 3, 1785]:174 4936 6 337
[0.010719271697081829, 32, 1, 2, 1825]:165 4944 3 341
[0.010719271697081829, 32, 1, 2, 1825]:164 4946 17 326
[0.013542002220516295, 97, 1, 3, 1785]:191 4919 10 333
[0.010719271697081829, 32, 1, 2, 1825]:175 4934 13 331
[0.013542002220516295, 97, 1, 3, 1785]:175 4934 13 331
[0.010719271697081829, 32, 1, 2, 1825]:165 4945 5 338
[0.6440858393794248, 5, 1, 4, 200]:5110 0 343 0
[0.6440858393794248, 5, 1, 4, 200]:5110 0 343 0
[0.6440858393794248, 5, 1, 4, 200]:5109 0 344 0
[0.6440858393794248, 5, 1, 4, 200]:5109 0 344 0
[0.6440858393794248, 5, 1, 4, 200]:5109 0 344 0
[0.6440858393794248, 5, 1, 4, 200]:5109 0 344 0
[0.6440858393794248, 5, 1, 4, 200]:5109 0 343 0
[0.6440858393794248, 5, 1, 4, 200]:5110 0 343 0
[0.6440858393794248, 5, 1, 4, 200]:5110 0 343 0
[0.6440858393794248, 5, 1, 4, 200]:5110 0 343 0
[0.05708130380108442, 100, 5, 10, 200]:318 4792 17 326
[0.05708130380108442, 100, 5, 10, 200]:349 4761 31 312
[0.05708130380108442, 100, 5, 10, 200]:303 4807 21 322
[0.05708130380108442, 100, 5, 10, 200]:285 4825 23 320
[0.05708130380108442, 100, 5, 10, 200]:308 4801 17 327
[0.05708130380108442, 100, 5, 10, 200]:313 4797 24 319
[0.05708130380108442, 100, 5, 10, 200]:286 4823 19 324
[0.05708130380108442, 100, 5, 10, 200]:310 4799 23 321
[0.05708130380108442, 100, 5, 10, 200]:329 4780 18 326
[0.05708130380108442, 100, 5, 10, 200]:310 4799 9 335
[0.6858385676289508, 97, 3, 9, 631]:5109 0 344 0
[0.6858385676289508, 97, 3, 9, 631]:5109 0 343 0
[0.6858385676289508, 97, 3, 9, 631]:5110 0 343 0
[0.6858385676289508, 97, 3, 9, 631]:5110 0 343 0
[0.6858385676289508, 97, 3, 9, 631]:5110 0 343 0
[0.6858385676289508, 97, 3, 9, 631]:5109 0 344 0
[0.6858385676289508, 97, 3, 9, 631]:5109 0 344 0
[0.6858385676289508, 97, 3, 9, 631]:5109 0 344 0
[0.6858385676289508, 97, 3, 9, 631]:5110 0 343 0
[0.6858385676289508, 97, 3, 9, 631]:5110 0 343 0
[0.07030220069440492, 19, 5, 4, 208]:5070 39 337 6
[0.02155765463510236, 100, 5, 2, 200]:188 4922 16 327
[0.02155765463510236, 100, 5, 2, 200]:149 4961 8 335
[0.02155765463510236, 100, 5, 2, 200]:136 4973 7 337
[0.07030220069440492, 19, 5, 4, 208]:5052 57 336 8
[0.06659542035668453, 100, 3, 2, 200]:5011 98 335 9
[0.06659542035668453, 100, 3, 2, 200]:5005 104 337 6
[0.02155765463510236, 100, 5, 2, 200]:150 4960 8 335
[0.07030220069440492, 19, 5, 4, 208]:5069 41 336 7
[0.02155765463510236, 100, 5, 2, 200]:146 4964 15 328
[0.02155765463510236, 100, 5, 2, 200]:133 4976 1 343
[0.06659542035668453, 100, 3, 2, 200]:4973 136 337 7
[0.07030220069440492, 19, 5, 4, 208]:5038 72 340 3
[0.07030220069440492, 19, 5, 4, 208]:5059 50 341 3
[0.07030220069440492, 19, 5, 4, 208]:5065 45 338 5
[0.07030220069440492, 19, 5, 4, 208]:5042 67 342 2
[0.02155765463510236, 100, 5, 2, 200]:140 4969 11 333
[0.02155765463510236, 100, 5, 2, 200]:154 4955 4 340
[0.07030220069440492, 19, 5, 4, 208]:5069 41 336 7
[0.02155765463510236, 100, 5, 2, 200]:134 4976 5 338
[0.02155765463510236, 100, 5, 2, 200]:134 4975 6 337
[0.07030220069440492, 19, 5, 4, 208]:5048 61 342 2
[0.06659542035668453, 100, 3, 2, 200]:5012 97 341 3
[0.06659542035668453, 100, 3, 2, 200]:4979 131 330 13
[0.07030220069440492, 19, 5, 4, 208]:5042 68 342 1
[0.06659542035668453, 100, 3, 2, 200]:5013 97 334 9
[0.06659542035668453, 100, 3, 2, 200]:5020 90 340 3
[0.06659542035668453, 100, 3, 2, 200]:5005 104 340 4
[0.06659542035668453, 100, 3, 2, 200]:5002 108 340 3
[0.06659542035668453, 100, 3, 2, 200]:5010 100 335 8
[0.04158047354681879, 5, 1, 10, 200]:41 5068 5 339
[0.04158047354681879, 5, 1, 10, 200]:56 5054 2 341
[0.04158047354681879, 5, 1, 10, 200]:55 5054 1 343
[0.04158047354681879, 5, 1, 10, 200]:61 5048 2 342
[0.04158047354681879, 5, 1, 10, 200]:77 5033 8 335
[0.04158047354681879, 5, 1, 10, 200]:60 5050 7 336
[0.04158047354681879, 5, 1, 10, 200]:54 5056 1 342
[0.04158047354681879, 5, 1, 10, 200]:47 5062 3 340
[0.04158047354681879, 5, 1, 10, 200]:52 5057 4 340
[0.04158047354681879, 5, 1, 10, 200]:43 5067 0 343
[0.053870935424673506, 5, 2, 10, 2000]:112 4997 8 336
[0.053870935424673506, 5, 2, 10, 2000]:103 5007 9 334
[0.053870935424673506, 5, 2, 10, 2000]:111 4999 5 338
[0.053870935424673506, 5, 2, 10, 2000]:124 4986 11 332
[0.053870935424673506, 5, 2, 10, 2000]:101 5008 2 342
[0.04518003179249905, 5, 1, 2, 2000]:67 5043 2 341
[0.053870935424673506, 5, 2, 10, 2000]:119 4991 6 337
[0.04518003179249905, 5, 1, 2, 2000]:61 5048 4 340
[0.04518003179249905, 5, 1, 2, 2000]:59 5050 5 338
[0.04518003179249905, 5, 1, 2, 2000]:59 5050 1 343
[0.04518003179249905, 5, 1, 2, 2000]:51 5059 0 343
[0.04518003179249905, 5, 1, 2, 2000]:69 5040 6 338
[0.04518003179249905, 5, 1, 2, 2000]:71 5038 2 342
[0.053870935424673506, 5, 2, 10, 2000]:88 5021 5 339
[0.053870935424673506, 5, 2, 10, 2000]:102 5007 3 341
[0.04518003179249905, 5, 1, 2, 2000]:89 5021 9 334
[0.04518003179249905, 5, 1, 2, 2000]:64 5046 3 340
[0.053870935424673506, 5, 2, 10, 2000]:105 5005 0 343
[0.053870935424673506, 5, 2, 10, 2000]:107 5002 7 336
[0.04518003179249905, 5, 1, 2, 2000]:74 5036 8 335
[0.01, 5, 5, 6, 200]:7 5102 0 344
[0.01, 5, 5, 6, 200]:8 5102 1 342
[0.01, 5, 5, 6, 200]:15 5094 1 343
[0.01, 5, 5, 6, 200]:13 5096 0 344
[0.01, 5, 5, 6, 200]:7 5102 1 343
[0.01, 5, 5, 6, 200]:11 5099 1 342
[0.01, 5, 5, 6, 200]:7 5102 0 343
[0.01, 5, 5, 6, 200]:12 5098 0 343
[0.01, 5, 5, 6, 200]:17 5093 0 343
[0.01, 5, 5, 6, 200]:10 5100 2 341
[0.051698629454795926, 100, 1, 10, 737]:347 4763 32 311
[0.051698629454795926, 100, 1, 10, 737]:293 4817 14 329
[0.051698629454795926, 100, 1, 10, 737]:315 4795 21 322
[0.051698629454795926, 100, 1, 10, 737]:307 4802 24 320
[0.051698629454795926, 100, 1, 10, 737]:338 4771 19 325
[0.051698629454795926, 100, 1, 10, 737]:298 4812 18 325
[0.051698629454795926, 100, 1, 10, 737]:274 4835 16 328
[0.051698629454795926, 100, 1, 10, 737]:287 4822 19 324
[0.03289243577832117, 5, 1, 5, 2000]:27 5083 0 343
[0.051698629454795926, 100, 1, 10, 737]:262 4847 7 337
[0.03289243577832117, 5, 1, 5, 2000]:34 5075 3 341
[0.051698629454795926, 100, 1, 10, 737]:244 4866 22 321
[0.03289243577832117, 5, 1, 5, 2000]:31 5078 3 341
[0.03289243577832117, 5, 1, 5, 2000]:37 5073 1 342
[0.03289243577832117, 5, 1, 5, 2000]:44 5066 4 339
[0.03289243577832117, 5, 1, 5, 2000]:30 5079 2 341
[0.03289243577832117, 5, 1, 5, 2000]:40 5070 1 342
[0.03289243577832117, 5, 1, 5, 2000]:39 5070 0 344
[0.03289243577832117, 5, 1, 5, 2000]:42 5067 2 342
[0.03289243577832117, 5, 1, 5, 2000]:31 5079 5 338
[0.023588745008125574, 100, 5, 6, 200]:185 4925 15 328
[0.023588745008125574, 100, 5, 6, 200]:146 4963 7 337
[0.023588745008125574, 100, 5, 6, 200]:138 4972 5 338
[0.023588745008125574, 100, 5, 6, 200]:155 4955 15 328
[0.023588745008125574, 100, 5, 6, 200]:141 4968 7 336
[0.023588745008125574, 100, 5, 6, 200]:161 4948 4 340
[0.023588745008125574, 100, 5, 6, 200]:131 4978 2 342
[0.023588745008125574, 100, 5, 6, 200]:156 4954 9 334
[0.023588745008125574, 100, 5, 6, 200]:152 4957 11 333
[0.023588745008125574, 100, 5, 6, 200]:155 4955 8 335
[0.03320331383639439, 5, 5, 2, 2000]:37 5073 2 341
[0.03320331383639439, 5, 5, 2, 2000]:33 5077 1 342
[0.03320331383639439, 5, 5, 2, 2000]:34 5075 1 343
[0.03320331383639439, 5, 5, 2, 2000]:35 5074 0 344
[0.03320331383639439, 5, 5, 2, 2000]:36 5074 1 342
[0.03320331383639439, 5, 5, 2, 2000]:27 5083 0 343
[0.03320331383639439, 5, 5, 2, 2000]:41 5068 2 342
[0.03320331383639439, 5, 5, 2, 2000]:29 5081 5 338
[0.03320331383639439, 5, 5, 2, 2000]:29 5080 2 341
[0.03320331383639439, 5, 5, 2, 2000]:26 5083 3 341
[0.0115884764966875, 30, 1, 6, 1978]:190 4920 10 333
[0.0115884764966875, 30, 1, 6, 1978]:215 4894 9 335
[0.0115884764966875, 30, 1, 6, 1978]:187 4923 10 333
[0.0115884764966875, 30, 1, 6, 1978]:165 4945 5 338
[0.0115884764966875, 30, 1, 6, 1978]:171 4938 8 335
[0.0115884764966875, 30, 1, 6, 1978]:175 4934 13 331
[0.0115884764966875, 30, 1, 6, 1978]:178 4931 8 336
[0.0115884764966875, 30, 1, 6, 1978]:164 4946 17 326
[0.0115884764966875, 30, 1, 6, 1978]:207 4903 16 327
[0.0115884764966875, 30, 1, 6, 1978]:171 4938 3 341
[0.013873205771170221, 18, 2, 8, 1261]:153 4957 7 336
[0.013873205771170221, 18, 2, 8, 1261]:139 4970 2 342
[0.013873205771170221, 18, 2, 8, 1261]:142 4968 4 339
[0.013873205771170221, 18, 2, 8, 1261]:169 4940 5 339
[0.013873205771170221, 18, 2, 8, 1261]:141 4969 13 330
[0.013873205771170221, 18, 2, 8, 1261]:163 4947 7 336
[0.013873205771170221, 18, 2, 8, 1261]:145 4964 7 337
[0.013873205771170221, 18, 2, 8, 1261]:152 4957 8 335
[0.013873205771170221, 18, 2, 8, 1261]:147 4962 10 334
[0.013873205771170221, 18, 2, 8, 1261]:188 4922 15 328
[0.02840716172891304, 25, 1, 8, 1953]:205 4904 14 330
[0.02840716172891304, 25, 1, 8, 1953]:185 4924 3 341
[0.02840716172891304, 25, 1, 8, 1953]:193 4916 8 336
[0.02840716172891304, 25, 1, 8, 1953]:212 4898 12 331
[0.02840716172891304, 25, 1, 8, 1953]:203 4907 18 325
[0.02840716172891304, 25, 1, 8, 1953]:201 4908 12 331
[0.02840716172891304, 25, 1, 8, 1953]:205 4905 12 331
[0.02840716172891304, 25, 1, 8, 1953]:255 4855 21 322
[0.02840716172891304, 25, 1, 8, 1953]:188 4922 6 337
[0.02840716172891304, 25, 1, 8, 1953]:236 4873 9 335
[0.018588582690526628, 100, 1, 2, 2000]:236 4874 20 323
[0.018588582690526628, 100, 1, 2, 2000]:190 4919 13 331
[0.018588582690526628, 100, 1, 2, 2000]:186 4923 9 334
[0.018588582690526628, 100, 1, 2, 2000]:202 4908 10 333
[0.018588582690526628, 100, 1, 2, 2000]:182 4928 6 337
[0.018588582690526628, 100, 1, 2, 2000]:183 4926 3 341
[0.018588582690526628, 100, 1, 2, 2000]:191 4919 17 326
[0.018588582690526628, 100, 1, 2, 2000]:234 4875 10 334
[0.018588582690526628, 100, 1, 2, 2000]:200 4910 10 333
[0.018588582690526628, 100, 1, 2, 2000]:193 4916 9 335
[0.022117913940046502, 100, 4, 10, 2000]:175 4934 5 339
[0.022117913940046502, 100, 4, 10, 2000]:148 4962 5 338
[0.022117913940046502, 100, 4, 10, 2000]:188 4922 15 328
[0.022117913940046502, 100, 4, 10, 2000]:152 4957 11 333
[0.022117913940046502, 100, 4, 10, 2000]:145 4964 3 341
[0.022117913940046502, 100, 4, 10, 2000]:169 4941 9 334
[0.022117913940046502, 100, 4, 10, 2000]:145 4964 7 337
[0.022117913940046502, 100, 4, 10, 2000]:155 4954 7 336
[0.022117913940046502, 100, 4, 10, 2000]:155 4955 9 334
[0.03789983875705156, 100, 1, 7, 2000]:226 4884 8 335
[0.03789983875705156, 100, 1, 7, 2000]:225 4884 16 327
[0.022117913940046502, 100, 4, 10, 2000]:159 4951 15 328
[0.03789983875705156, 100, 1, 7, 2000]:229 4881 12 331
[0.01, 100, 1, 2, 2000]:175 4934 13 331
[0.01, 100, 1, 2, 2000]:164 4946 17 326
[0.03789983875705156, 100, 1, 7, 2000]:225 4884 16 328
[0.01, 100, 1, 2, 2000]:189 4921 10 333
[0.01, 100, 1, 2, 2000]:165 4944 3 341
[0.01, 100, 1, 2, 2000]:212 4898 16 327
[0.03789983875705156, 100, 1, 7, 2000]:234 4875 13 331
[0.03789983875705156, 100, 1, 7, 2000]:268 4842 25 318
[0.03789983875705156, 100, 1, 7, 2000]:229 4880 4 340
[0.01, 100, 1, 2, 2000]:187 4923 10 333
[0.01, 100, 1, 2, 2000]:165 4945 5 338
[0.03789983875705156, 100, 1, 7, 2000]:245 4865 15 328
[0.01, 100, 1, 2, 2000]:208 4901 9 335
[0.01, 100, 1, 2, 2000]:174 4935 7 337
[0.01, 100, 1, 2, 2000]:171 4938 8 335
[0.03789983875705156, 100, 1, 7, 2000]:265 4844 12 332
[0.03789983875705156, 100, 1, 7, 2000]:226 4884 20 323
[0.010859987853143413, 5, 1, 10, 2000]:10 5100 2 341
[0.020325357080359374, 5, 1, 5, 2000]:26 5084 1 342
[0.010859987853143413, 5, 1, 10, 2000]:17 5093 1 342
[0.010859987853143413, 5, 1, 10, 2000]:8 5101 0 344
[0.020325357080359374, 5, 1, 5, 2000]:18 5091 0 344
[0.010859987853143413, 5, 1, 10, 2000]:16 5093 1 343
[0.020325357080359374, 5, 1, 5, 2000]:16 5094 5 338
[0.010859987853143413, 5, 1, 10, 2000]:13 5096 0 343
[0.020325357080359374, 5, 1, 5, 2000]:19 5090 2 341
[0.010859987853143413, 5, 1, 10, 2000]:16 5093 0 344
[0.020325357080359374, 5, 1, 5, 2000]:22 5088 1 342
[0.020325357080359374, 5, 1, 5, 2000]:21 5089 0 343
[0.020325357080359374, 5, 1, 5, 2000]:20 5089 2 342
[0.010859987853143413, 5, 1, 10, 2000]:11 5098 1 343
[0.020325357080359374, 5, 1, 5, 2000]:28 5081 1 343
[0.010859987853143413, 5, 1, 10, 2000]:15 5095 1 342
[0.020325357080359374, 5, 1, 5, 2000]:16 5094 1 342
[0.010859987853143413, 5, 1, 10, 2000]:19 5091 0 343
[0.020325357080359374, 5, 1, 5, 2000]:19 5090 1 343
[0.010859987853143413, 5, 1, 10, 2000]:17 5093 0 343
[0.01, 100, 5, 10, 1400]:125 4985 15 328
[0.01, 100, 5, 10, 1400]:126 4983 4 340
[0.01, 100, 5, 10, 1400]:115 4994 5 338
[0.01, 100, 5, 10, 1400]:154 4956 14 329
[0.01, 100, 5, 10, 1400]:113 4996 5 339
[0.01, 100, 5, 10, 1400]:129 4981 5 338
[0.01, 100, 5, 10, 1400]:124 4986 8 335
[0.01, 100, 5, 10, 1400]:117 4992 11 333
[0.01, 100, 5, 10, 1400]:95 5014 0 344
[0.01, 100, 5, 10, 1400]:117 4993 1 342
[0.015021898948814075, 88, 4, 2, 510]:141 4969 5 338
[0.015021898948814075, 88, 4, 2, 510]:150 4959 7 336
[0.015021898948814075, 88, 4, 2, 510]:182 4928 15 328
[0.015021898948814075, 88, 4, 2, 510]:141 4968 6 338
[0.015021898948814075, 88, 4, 2, 510]:148 4961 11 333
[0.015021898948814075, 88, 4, 2, 510]:169 4940 4 340
[0.015021898948814075, 88, 4, 2, 510]:152 4958 8 335
[0.015021898948814075, 88, 4, 2, 510]:138 4971 2 342
[0.015021898948814075, 88, 4, 2, 510]:144 4966 15 328
[0.015021898948814075, 88, 4, 2, 510]:155 4955 9 334
[0.16043525654254637, 95, 2, 10, 1558]:5105 4 342 2
[0.16043525654254637, 95, 2, 10, 1558]:5106 4 343 0
[0.16043525654254637, 95, 2, 10, 1558]:5102 7 344 0
[0.16043525654254637, 95, 2, 10, 1558]:5100 10 343 0
[0.16043525654254637, 95, 2, 10, 1558]:5106 3 342 1
[0.16043525654254637, 95, 2, 10, 1558]:5102 7 344 0
[0.16043525654254637, 95, 2, 10, 1558]:5102 8 343 0
[0.16043525654254637, 95, 2, 10, 1558]:5105 5 343 0
[0.16043525654254637, 95, 2, 10, 1558]:5097 12 343 1
[0.16043525654254637, 95, 2, 10, 1558]:5108 2 343 0
[0.04906734435593061, 100, 5, 2, 2000]:227 4882 14 329
[0.04906734435593061, 100, 5, 2, 2000]:225 4884 5 339
[0.04906734435593061, 100, 5, 2, 2000]:326 4784 28 315
[0.04906734435593061, 100, 5, 2, 2000]:271 4839 17 326
[0.04906734435593061, 100, 5, 2, 2000]:209 4900 14 330
[0.04906734435593061, 100, 5, 2, 2000]:218 4891 10 334
[0.04906734435593061, 100, 5, 2, 2000]:223 4887 13 330
[0.04906734435593061, 100, 5, 2, 2000]:257 4852 13 331
[0.04906734435593061, 100, 5, 2, 2000]:221 4889 9 334
[0.04906734435593061, 100, 5, 2, 2000]:219 4891 19 324
[0.04948095300568634, 28, 5, 10, 200]:284 4826 19 324
[0.04948095300568634, 28, 5, 10, 200]:336 4774 29 314
[0.04948095300568634, 28, 5, 10, 200]:218 4891 5 339
[0.04948095300568634, 28, 5, 10, 200]:260 4849 15 329
[0.04948095300568634, 28, 5, 10, 200]:226 4883 14 329
[0.04948095300568634, 28, 5, 10, 200]:226 4883 12 332
[0.04948095300568634, 28, 5, 10, 200]:258 4852 16 327
[0.04948095300568634, 28, 5, 10, 200]:229 4880 14 330
[0.04948095300568634, 28, 5, 10, 200]:220 4890 19 324
[0.04948095300568634, 28, 5, 10, 200]:228 4882 10 333
[0.012205176673865822, 53, 4, 2, 299]:139 4971 5 338
[0.012205176673865822, 53, 4, 2, 299]:182 4928 15 328
[0.012205176673865822, 53, 4, 2, 299]:139 4970 7 336
[0.012205176673865822, 53, 4, 2, 299]:150 4960 9 334
[0.012205176673865822, 53, 4, 2, 299]:128 4981 3 341
[0.012205176673865822, 53, 4, 2, 299]:151 4959 9 334
[0.012205176673865822, 53, 4, 2, 299]:145 4964 11 333
[0.012205176673865822, 53, 4, 2, 299]:136 4973 6 338
[0.012205176673865822, 53, 4, 2, 299]:154 4955 4 340
[0.012205176673865822, 53, 4, 2, 299]:143 4967 15 328
[0.018102123556907167, 30, 5, 10, 1572]:175 4935 14 329
[0.018102123556907167, 30, 5, 10, 1572]:143 4967 8 335
[0.018102123556907167, 30, 5, 10, 1572]:127 4982 6 337
[0.018102123556907167, 30, 5, 10, 1572]:132 4978 4 339
[0.018102123556907167, 30, 5, 10, 1572]:137 4972 6 338
[0.018102123556907167, 30, 5, 10, 1572]:148 4962 7 336
[0.018102123556907167, 30, 5, 10, 1572]:147 4962 4 340
[0.018102123556907167, 30, 5, 10, 1572]:136 4974 15 328
[0.018102123556907167, 30, 5, 10, 1572]:135 4974 11 333
[0.018102123556907167, 30, 5, 10, 1572]:122 4987 2 342
[0.02955926445471979, 84, 2, 10, 482]:187 4922 11 332
[0.02955926445471979, 84, 2, 10, 482]:184 4925 3 341
[0.02955926445471979, 84, 2, 10, 482]:198 4912 10 333
[0.02955926445471979, 84, 2, 10, 482]:194 4915 9 335
[0.02955926445471979, 84, 2, 10, 482]:238 4872 20 323
[0.02955926445471979, 84, 2, 10, 482]:203 4907 9 334
[0.02955926445471979, 84, 2, 10, 482]:190 4919 11 333
[0.02955926445471979, 84, 2, 10, 482]:195 4915 18 325
[0.02955926445471979, 84, 2, 10, 482]:232 4877 12 332
[0.02955926445471979, 84, 2, 10, 482]:176 4934 6 337
[0.03715967950314668, 100, 1, 2, 1094]:222 4888 20 323
[0.03715967950314668, 100, 1, 2, 1094]:267 4843 25 318
[0.03715967950314668, 100, 1, 2, 1094]:238 4871 16 327
[0.03715967950314668, 100, 1, 2, 1094]:263 4846 12 332
[0.03715967950314668, 100, 1, 2, 1094]:216 4893 16 328
[0.03715967950314668, 100, 1, 2, 1094]:233 4876 13 331
[0.03715967950314668, 100, 1, 2, 1094]:223 4887 7 336
[0.03715967950314668, 100, 1, 2, 1094]:228 4882 13 330
[0.03715967950314668, 100, 1, 2, 1094]:239 4871 15 328
[0.03715967950314668, 100, 1, 2, 1094]:219 4890 4 340
[0.9878289307043343, 69, 4, 10, 1863]:5110 0 343 0
[0.9878289307043343, 69, 4, 10, 1863]:5110 0 343 0
[0.9878289307043343, 69, 4, 10, 1863]:5109 0 344 0
[0.9878289307043343, 69, 4, 10, 1863]:5109 0 344 0
[0.9878289307043343, 69, 4, 10, 1863]:5109 0 343 0
[0.9878289307043343, 69, 4, 10, 1863]:5110 0 343 0
[0.9878289307043343, 69, 4, 10, 1863]:5110 0 343 0
[0.9878289307043343, 69, 4, 10, 1863]:5110 0 343 0
[0.9878289307043343, 69, 4, 10, 1863]:5109 0 344 0
[0.9878289307043343, 69, 4, 10, 1863]:5109 0 344 0
[0.05469655750479629, 5, 1, 7, 2000]:109 5001 0 343
[0.12424524520044143, 13, 5, 3, 1192]:5109 0 344 0
[0.12424524520044143, 13, 5, 3, 1192]:5109 1 343 0
[0.05469655750479629, 5, 1, 7, 2000]:128 4982 6 337
[0.12424524520044143, 13, 5, 3, 1192]:5110 0 343 0
[0.05469655750479629, 5, 1, 7, 2000]:135 4975 12 331
[0.05469655750479629, 5, 1, 7, 2000]:127 4983 8 335
[0.05469655750479629, 5, 1, 7, 2000]:99 5010 5 339
[0.12424524520044143, 13, 5, 3, 1192]:5109 0 344 0
[0.12424524520044143, 13, 5, 3, 1192]:5110 0 343 0
[0.12424524520044143, 13, 5, 3, 1192]:5109 0 343 0
[0.12424524520044143, 13, 5, 3, 1192]:5109 0 344 0
[0.05469655750479629, 5, 1, 7, 2000]:115 4994 3 341
[0.05469655750479629, 5, 1, 7, 2000]:108 5001 7 336
[0.12424524520044143, 13, 5, 3, 1192]:5110 0 343 0
[0.05469655750479629, 5, 1, 7, 2000]:102 5007 2 342
[0.05469655750479629, 5, 1, 7, 2000]:108 5002 10 333
[0.12424524520044143, 13, 5, 3, 1192]:5109 0 344 0
[0.05469655750479629, 5, 1, 7, 2000]:117 4992 9 335
[0.12424524520044143, 13, 5, 3, 1192]:5110 0 343 0
[0.05879534991535571, 35, 5, 6, 2000]:322 4788 18 325
[0.05879534991535571, 35, 5, 6, 2000]:325 4784 19 325
[0.05879534991535571, 35, 5, 6, 2000]:307 4803 21 322
[0.05879534991535571, 35, 5, 6, 2000]:352 4758 32 311
[0.05879534991535571, 35, 5, 6, 2000]:283 4827 23 320
[0.05879534991535571, 35, 5, 6, 2000]:324 4785 23 321
[0.05879534991535571, 35, 5, 6, 2000]:318 4791 10 334
[0.05879534991535571, 35, 5, 6, 2000]:366 4744 27 316
[0.05879534991535571, 35, 5, 6, 2000]:285 4824 19 324
[0.05879534991535571, 35, 5, 6, 2000]:313 4796 17 327
