[0.06739322802097769, 0.012066854895312309, 12, 7, 316, 16, 0.5812889585310068]:2261 2849 89 254
[0.06739322802097769, 0.012066854895312309, 12, 7, 316, 16, 0.5812889585310068]:2204 2906 67 276
[0.06739322802097769, 0.012066854895312309, 12, 7, 316, 16, 0.5812889585310068]:2220 2890 81 262
[0.06739322802097769, 0.012066854895312309, 12, 7, 316, 16, 0.5812889585310068]:2287 2823 83 260
[0.06739322802097769, 0.012066854895312309, 12, 7, 316, 16, 0.5812889585310068]:2197 2913 96 247
[0.06739322802097769, 0.012066854895312309, 12, 7, 316, 16, 0.5812889585310068]:2212 2897 88 256
[0.030316433145208647, 0.16401329557078392, 13, 6, 274, 43, 0.1320079325767533]:758 4351 24 320
[0.030316433145208647, 0.16401329557078392, 13, 6, 274, 43, 0.1320079325767533]:682 4428 26 317
[0.030316433145208647, 0.16401329557078392, 13, 6, 274, 43, 0.1320079325767533]:797 4313 28 315
[0.030316433145208647, 0.16401329557078392, 13, 6, 274, 43, 0.1320079325767533]:769 4340 20 324
[0.030316433145208647, 0.16401329557078392, 13, 6, 274, 43, 0.1320079325767533]:791 4319 29 314
[0.030316433145208647, 0.16401329557078392, 13, 6, 274, 43, 0.1320079325767533]:764 4345 25 319
[0.030316433145208647, 0.16401329557078392, 13, 6, 274, 43, 0.1320079325767533]:752 4358 21 322
[0.030316433145208647, 0.16401329557078392, 13, 6, 274, 43, 0.1320079325767533]:712 4397 24 320
[0.030316433145208647, 0.16401329557078392, 13, 6, 274, 43, 0.1320079325767533]:1098 4011 50 293
[0.030316433145208647, 0.16401329557078392, 13, 6, 274, 43, 0.1320079325767533]:758 4352 22 321
[0.06739322802097769, 0.012066854895312309, 12, 7, 316, 16, 0.5812889585310068]:2186 2923 86 258
[0.06739322802097769, 0.012066854895312309, 12, 7, 316, 16, 0.5812889585310068]:2284 2825 101 243
[0.06739322802097769, 0.012066854895312309, 12, 7, 316, 16, 0.5812889585310068]:2216 2893 87 257
[0.06739322802097769, 0.012066854895312309, 12, 7, 316, 16, 0.5812889585310068]:2554 2555 106 237
[0.7020740928088969, 0.31525695858407565, 13, 9, 313, 65, 0.02031663936494204]:1860 3250 88 255
[0.7020740928088969, 0.31525695858407565, 13, 9, 313, 65, 0.02031663936494204]:1172 3937 60 283
[0.7020740928088969, 0.31525695858407565, 13, 9, 313, 65, 0.02031663936494204]:1771 3338 92 252
[0.7020740928088969, 0.31525695858407565, 13, 9, 313, 65, 0.02031663936494204]:1322 3788 94 249
[0.7020740928088969, 0.31525695858407565, 13, 9, 313, 65, 0.02031663936494204]:1605 3504 93 251
[0.7020740928088969, 0.31525695858407565, 13, 9, 313, 65, 0.02031663936494204]:1418 3692 78 265
[0.7020740928088969, 0.31525695858407565, 13, 9, 313, 65, 0.02031663936494204]:1376 3734 82 261
[0.7020740928088969, 0.31525695858407565, 13, 9, 313, 65, 0.02031663936494204]:1523 3586 93 251
[0.7020740928088969, 0.31525695858407565, 13, 9, 313, 65, 0.02031663936494204]:1454 3656 72 271
[0.7020740928088969, 0.31525695858407565, 13, 9, 313, 65, 0.02031663936494204]:1428 3681 94 250
[0.02042645512861651, 0.07881100696941117, 9, 8, 418, 22, 0.1083175944148614]:1976 3133 81 263
[0.02042645512861651, 0.07881100696941117, 9, 8, 418, 22, 0.1083175944148614]:1942 3168 81 262
[0.02042645512861651, 0.07881100696941117, 9, 8, 418, 22, 0.1083175944148614]:1928 3181 74 270
[0.02042645512861651, 0.07881100696941117, 9, 8, 418, 22, 0.1083175944148614]:1881 3229 64 279
[0.02042645512861651, 0.07881100696941117, 9, 8, 418, 22, 0.1083175944148614]:2220 2889 105 238
[0.02042645512861651, 0.07881100696941117, 9, 8, 418, 22, 0.1083175944148614]:1898 3212 64 279
[0.02042645512861651, 0.07881100696941117, 9, 8, 418, 22, 0.1083175944148614]:1877 3232 71 273
[0.02042645512861651, 0.07881100696941117, 9, 8, 418, 22, 0.1083175944148614]:1909 3200 76 268
[0.02042645512861651, 0.07881100696941117, 9, 8, 418, 22, 0.1083175944148614]:1945 3165 89 254
[0.02042645512861651, 0.07881100696941117, 9, 8, 418, 22, 0.1083175944148614]:1950 3160 72 271
[0.015348646006414647, 0.045916398189763015, 13, 7, 450, 74, 0.4289969560171086]:52 5058 3 340
[0.015348646006414647, 0.045916398189763015, 13, 7, 450, 74, 0.4289969560171086]:53 5057 2 341
[0.015348646006414647, 0.045916398189763015, 13, 7, 450, 74, 0.4289969560171086]:45 5065 2 341
[0.015348646006414647, 0.045916398189763015, 13, 7, 450, 74, 0.4289969560171086]:46 5063 3 341
[0.4935921921757332, 0.046926752812192774, 6, 9, 499, 19, 0.021466970082886803]:3288 1822 170 173
[0.015348646006414647, 0.045916398189763015, 13, 7, 450, 74, 0.4289969560171086]:48 5062 2 341
[0.015348646006414647, 0.045916398189763015, 13, 7, 450, 74, 0.4289969560171086]:45 5064 2 342
[0.015348646006414647, 0.045916398189763015, 13, 7, 450, 74, 0.4289969560171086]:109 5000 7 336
[0.015348646006414647, 0.045916398189763015, 13, 7, 450, 74, 0.4289969560171086]:89 5020 5 339
[0.015348646006414647, 0.045916398189763015, 13, 7, 450, 74, 0.4289969560171086]:49 5060 2 342
[0.015348646006414647, 0.045916398189763015, 13, 7, 450, 74, 0.4289969560171086]:41 5069 0 343
[0.4935921921757332, 0.046926752812192774, 6, 9, 499, 19, 0.021466970082886803]:3408 1701 157 187
[0.4935921921757332, 0.046926752812192774, 6, 9, 499, 19, 0.021466970082886803]:3244 1865 166 178
[0.4935921921757332, 0.046926752812192774, 6, 9, 499, 19, 0.021466970082886803]:3115 1994 155 189
[0.4935921921757332, 0.046926752812192774, 6, 9, 499, 19, 0.021466970082886803]:3328 1782 151 192
[0.4935921921757332, 0.046926752812192774, 6, 9, 499, 19, 0.021466970082886803]:3301 1809 158 185
[0.4935921921757332, 0.046926752812192774, 6, 9, 499, 19, 0.021466970082886803]:3257 1852 178 166
[0.4935921921757332, 0.046926752812192774, 6, 9, 499, 19, 0.021466970082886803]:3361 1748 174 169
[0.4935921921757332, 0.046926752812192774, 6, 9, 499, 19, 0.021466970082886803]:3238 1872 154 189
[0.4935921921757332, 0.046926752812192774, 6, 9, 499, 19, 0.021466970082886803]:3397 1713 188 155
[0.14503738371240124, 0.1991489880485393, 4, 6, 59, 37, 0.18315277076949857]:222 4887 3 341
[0.14503738371240124, 0.1991489880485393, 4, 6, 59, 37, 0.18315277076949857]:357 4753 12 331
[0.14503738371240124, 0.1991489880485393, 4, 6, 59, 37, 0.18315277076949857]:225 4885 5 338
[0.14503738371240124, 0.1991489880485393, 4, 6, 59, 37, 0.18315277076949857]:245 4864 7 337
[0.14503738371240124, 0.1991489880485393, 4, 6, 59, 37, 0.18315277076949857]:411 4698 5 338
[0.14503738371240124, 0.1991489880485393, 4, 6, 59, 37, 0.18315277076949857]:219 4890 7 337
[0.14503738371240124, 0.1991489880485393, 4, 6, 59, 37, 0.18315277076949857]:229 4881 4 339
[0.14503738371240124, 0.1991489880485393, 4, 6, 59, 37, 0.18315277076949857]:245 4865 8 335
[0.14503738371240124, 0.1991489880485393, 4, 6, 59, 37, 0.18315277076949857]:338 4771 13 331
[0.14503738371240124, 0.1991489880485393, 4, 6, 59, 37, 0.18315277076949857]:219 4891 8 335
[0.6990035792052544, 0.297043264922525, 15, 7, 142, 89, 0.05164216796806003]:1544 3566 79 264
[0.6990035792052544, 0.297043264922525, 15, 7, 142, 89, 0.05164216796806003]:1244 3866 90 253
[0.6990035792052544, 0.297043264922525, 15, 7, 142, 89, 0.05164216796806003]:1268 3841 70 274
[0.6990035792052544, 0.297043264922525, 15, 7, 142, 89, 0.05164216796806003]:1797 3312 80 264
[0.6990035792052544, 0.297043264922525, 15, 7, 142, 89, 0.05164216796806003]:1541 3568 87 257
[0.6990035792052544, 0.297043264922525, 15, 7, 142, 89, 0.05164216796806003]:1539 3571 64 279
[0.6990035792052544, 0.297043264922525, 15, 7, 142, 89, 0.05164216796806003]:1275 3834 68 276
[0.6990035792052544, 0.297043264922525, 15, 7, 142, 89, 0.05164216796806003]:1430 3680 86 257
[0.6990035792052544, 0.297043264922525, 15, 7, 142, 89, 0.05164216796806003]:1609 3500 88 255
[0.6990035792052544, 0.297043264922525, 15, 7, 142, 89, 0.05164216796806003]:1671 3439 79 264
[0.69877116131421, 0.023310131196078717, 14, 5, 491, 3, 0.11342699215934836]:5080 30 330 13
[0.69877116131421, 0.023310131196078717, 14, 5, 491, 3, 0.11342699215934836]:5087 22 336 8
[0.69877116131421, 0.023310131196078717, 14, 5, 491, 3, 0.11342699215934836]:5071 39 331 12
[0.69877116131421, 0.023310131196078717, 14, 5, 491, 3, 0.11342699215934836]:5075 35 332 11
[0.69877116131421, 0.023310131196078717, 14, 5, 491, 3, 0.11342699215934836]:5065 44 337 6
[0.69877116131421, 0.023310131196078717, 14, 5, 491, 3, 0.11342699215934836]:5084 26 330 13
[0.69877116131421, 0.023310131196078717, 14, 5, 491, 3, 0.11342699215934836]:5083 26 334 10
[0.69877116131421, 0.023310131196078717, 14, 5, 491, 3, 0.11342699215934836]:5080 30 335 8
[0.69877116131421, 0.023310131196078717, 14, 5, 491, 3, 0.11342699215934836]:5067 42 334 10
[0.69877116131421, 0.023310131196078717, 14, 5, 491, 3, 0.11342699215934836]:5085 24 333 11
[0.06085709623525045, 0.005, 3, 8, 260, 37, 0.8487324979024464]:0 5110 0 343
[0.06085709623525045, 0.005, 3, 8, 260, 37, 0.8487324979024464]:0 5110 0 343
[0.06085709623525045, 0.005, 3, 8, 260, 37, 0.8487324979024464]:0 5110 0 343
[0.06085709623525045, 0.005, 3, 8, 260, 37, 0.8487324979024464]:0 5109 0 344
[0.06085709623525045, 0.005, 3, 8, 260, 37, 0.8487324979024464]:0 5109 0 344
[0.06085709623525045, 0.005, 3, 8, 260, 37, 0.8487324979024464]:0 5110 0 343
[0.06085709623525045, 0.005, 3, 8, 260, 37, 0.8487324979024464]:0 5109 0 343
[0.054926336483405266, 0.06797085984564898, 4, 6, 326, 79, 0.08114090824252303]:29 5080 1 343
[0.06085709623525045, 0.005, 3, 8, 260, 37, 0.8487324979024464]:0 5109 0 344
[0.06085709623525045, 0.005, 3, 8, 260, 37, 0.8487324979024464]:0 5109 0 344
[0.054926336483405266, 0.06797085984564898, 4, 6, 326, 79, 0.08114090824252303]:28 5082 1 342
[0.06085709623525045, 0.005, 3, 8, 260, 37, 0.8487324979024464]:0 5110 0 343
[0.054926336483405266, 0.06797085984564898, 4, 6, 326, 79, 0.08114090824252303]:9 5101 1 342
[0.054926336483405266, 0.06797085984564898, 4, 6, 326, 79, 0.08114090824252303]:19 5090 0 344
[0.054926336483405266, 0.06797085984564898, 4, 6, 326, 79, 0.08114090824252303]:2 5108 0 343
[0.054926336483405266, 0.06797085984564898, 4, 6, 326, 79, 0.08114090824252303]:34 5076 2 341
[0.054926336483405266, 0.06797085984564898, 4, 6, 326, 79, 0.08114090824252303]:18 5091 0 344
[0.054926336483405266, 0.06797085984564898, 4, 6, 326, 79, 0.08114090824252303]:15 5095 0 343
[0.054926336483405266, 0.06797085984564898, 4, 6, 326, 79, 0.08114090824252303]:5 5104 0 344
[0.054926336483405266, 0.06797085984564898, 4, 6, 326, 79, 0.08114090824252303]:50 5059 1 342
[0.033468520894732394, 0.01674457517767754, 4, 7, 479, 42, 0.028531916000291722]:2 5108 0 343
[0.033468520894732394, 0.01674457517767754, 4, 7, 479, 42, 0.028531916000291722]:1 5109 0 343
[0.033468520894732394, 0.01674457517767754, 4, 7, 479, 42, 0.028531916000291722]:0 5109 0 344
[0.033468520894732394, 0.01674457517767754, 4, 7, 479, 42, 0.028531916000291722]:9 5100 0 343
[0.033468520894732394, 0.01674457517767754, 4, 7, 479, 42, 0.028531916000291722]:7 5102 0 344
[0.033468520894732394, 0.01674457517767754, 4, 7, 479, 42, 0.028531916000291722]:0 5109 0 344
[0.033468520894732394, 0.01674457517767754, 4, 7, 479, 42, 0.028531916000291722]:1 5109 0 343
[0.033468520894732394, 0.01674457517767754, 4, 7, 479, 42, 0.028531916000291722]:3 5106 0 344
[0.033468520894732394, 0.01674457517767754, 4, 7, 479, 42, 0.028531916000291722]:0 5110 0 343
[0.033468520894732394, 0.01674457517767754, 4, 7, 479, 42, 0.028531916000291722]:0 5110 0 343
[0.011590408038120278, 0.1224689657672252, 3, 7, 500, 100, 0.09561769587595612]:43 5066 1 343
[0.011590408038120278, 0.1224689657672252, 3, 7, 500, 100, 0.09561769587595612]:45 5064 1 342
[0.011590408038120278, 0.1224689657672252, 3, 7, 500, 100, 0.09561769587595612]:87 5022 4 340
[0.011590408038120278, 0.1224689657672252, 3, 7, 500, 100, 0.09561769587595612]:55 5055 2 341
[0.011590408038120278, 0.1224689657672252, 3, 7, 500, 100, 0.09561769587595612]:70 5040 2 341
[0.011590408038120278, 0.1224689657672252, 3, 7, 500, 100, 0.09561769587595612]:72 5038 0 343
[0.011590408038120278, 0.1224689657672252, 3, 7, 500, 100, 0.09561769587595612]:67 5043 3 340
[0.011590408038120278, 0.1224689657672252, 3, 7, 500, 100, 0.09561769587595612]:44 5065 1 343
[0.011590408038120278, 0.1224689657672252, 3, 7, 500, 100, 0.09561769587595612]:46 5063 1 343
[0.011590408038120278, 0.1224689657672252, 3, 7, 500, 100, 0.09561769587595612]:75 5035 2 341
[0.7193183512995855, 0.13691637308124124, 7, 7, 490, 18, 0.29364487909716097]:3696 1413 201 142
[0.7193183512995855, 0.13691637308124124, 7, 7, 490, 18, 0.29364487909716097]:3714 1396 212 131
[0.7193183512995855, 0.13691637308124124, 7, 7, 490, 18, 0.29364487909716097]:3682 1428 187 156
[0.7193183512995855, 0.13691637308124124, 7, 7, 490, 18, 0.29364487909716097]:3661 1448 213 131
[0.7193183512995855, 0.13691637308124124, 7, 7, 490, 18, 0.29364487909716097]:3640 1469 220 124
[0.7193183512995855, 0.13691637308124124, 7, 7, 490, 18, 0.29364487909716097]:3693 1416 201 143
[0.7193183512995855, 0.13691637308124124, 7, 7, 490, 18, 0.29364487909716097]:3697 1412 219 125
[0.7193183512995855, 0.13691637308124124, 7, 7, 490, 18, 0.29364487909716097]:3638 1472 195 148
[0.7193183512995855, 0.13691637308124124, 7, 7, 490, 18, 0.29364487909716097]:3647 1463 199 144
[0.7193183512995855, 0.13691637308124124, 7, 7, 490, 18, 0.29364487909716097]:3737 1373 205 138
[0.5842991047203091, 0.03904100564205354, 15, 10, 445, 87, 0.2931834467439401]:2582 2528 112 231
[0.5842991047203091, 0.03904100564205354, 15, 10, 445, 87, 0.2931834467439401]:2525 2585 117 226
[0.5842991047203091, 0.03904100564205354, 15, 10, 445, 87, 0.2931834467439401]:2611 2499 124 219
[0.5842991047203091, 0.03904100564205354, 15, 10, 445, 87, 0.2931834467439401]:2555 2555 117 226
[0.5842991047203091, 0.03904100564205354, 15, 10, 445, 87, 0.2931834467439401]:2538 2571 120 224
[0.5842991047203091, 0.03904100564205354, 15, 10, 445, 87, 0.2931834467439401]:2585 2524 128 216
[0.5842991047203091, 0.03904100564205354, 15, 10, 445, 87, 0.2931834467439401]:2538 2571 126 218
[0.5842991047203091, 0.03904100564205354, 15, 10, 445, 87, 0.2931834467439401]:2674 2435 129 215
[0.5842991047203091, 0.03904100564205354, 15, 10, 445, 87, 0.2931834467439401]:2649 2461 128 215
[0.5842991047203091, 0.03904100564205354, 15, 10, 445, 87, 0.2931834467439401]:2512 2597 129 214
[0.05068015555328392, 0.26786557061796445, 15, 10, 77, 1, 0.7474714337627425]:5110 0 343 0
[0.05068015555328392, 0.26786557061796445, 15, 10, 77, 1, 0.7474714337627425]:5110 0 343 0
[0.05068015555328392, 0.26786557061796445, 15, 10, 77, 1, 0.7474714337627425]:5110 0 343 0
[0.05068015555328392, 0.26786557061796445, 15, 10, 77, 1, 0.7474714337627425]:5109 0 344 0
[0.05068015555328392, 0.26786557061796445, 15, 10, 77, 1, 0.7474714337627425]:5109 0 343 0
[0.05068015555328392, 0.26786557061796445, 15, 10, 77, 1, 0.7474714337627425]:5109 0 344 0
[0.05068015555328392, 0.26786557061796445, 15, 10, 77, 1, 0.7474714337627425]:5110 0 343 0
[0.05068015555328392, 0.26786557061796445, 15, 10, 77, 1, 0.7474714337627425]:5109 0 344 0
[0.05068015555328392, 0.26786557061796445, 15, 10, 77, 1, 0.7474714337627425]:5110 0 343 0
[0.05068015555328392, 0.26786557061796445, 15, 10, 77, 1, 0.7474714337627425]:5109 0 344 0
[0.18269188385735172, 0.20267780437039185, 6, 5, 233, 22, 0.8596020190829405]:2159 2950 95 249
[0.18269188385735172, 0.20267780437039185, 6, 5, 233, 22, 0.8596020190829405]:2083 3027 69 274
[0.18269188385735172, 0.20267780437039185, 6, 5, 233, 22, 0.8596020190829405]:2126 2984 76 267
[0.18269188385735172, 0.20267780437039185, 6, 5, 233, 22, 0.8596020190829405]:2121 2988 77 267
[0.18269188385735172, 0.20267780437039185, 6, 5, 233, 22, 0.8596020190829405]:2274 2835 98 245
[0.18269188385735172, 0.20267780437039185, 6, 5, 233, 22, 0.8596020190829405]:2161 2948 77 267
[0.18269188385735172, 0.20267780437039185, 6, 5, 233, 22, 0.8596020190829405]:2119 2991 76 267
[0.18269188385735172, 0.20267780437039185, 6, 5, 233, 22, 0.8596020190829405]:2071 3039 82 261
[0.18269188385735172, 0.20267780437039185, 6, 5, 233, 22, 0.8596020190829405]:2091 3018 85 259
[0.18269188385735172, 0.20267780437039185, 6, 5, 233, 22, 0.8596020190829405]:2105 3005 85 258
[0.037084044652138416, 0.1419352481285761, 8, 7, 474, 18, 0.226003018701366]:2716 2394 108 235
[0.037084044652138416, 0.1419352481285761, 8, 7, 474, 18, 0.226003018701366]:2664 2446 111 232
[0.037084044652138416, 0.1419352481285761, 8, 7, 474, 18, 0.226003018701366]:2807 2302 131 212
[0.037084044652138416, 0.1419352481285761, 8, 7, 474, 18, 0.226003018701366]:2741 2368 122 222
[0.037084044652138416, 0.1419352481285761, 8, 7, 474, 18, 0.226003018701366]:2731 2379 114 229
[0.037084044652138416, 0.1419352481285761, 8, 7, 474, 18, 0.226003018701366]:2718 2392 111 232
[0.037084044652138416, 0.1419352481285761, 8, 7, 474, 18, 0.226003018701366]:2733 2376 110 234
[0.037084044652138416, 0.1419352481285761, 8, 7, 474, 18, 0.226003018701366]:2821 2288 113 231
[0.037084044652138416, 0.1419352481285761, 8, 7, 474, 18, 0.226003018701366]:2813 2296 137 207
[0.037084044652138416, 0.1419352481285761, 8, 7, 474, 18, 0.226003018701366]:2717 2393 121 222
[0.01, 0.054944556499799076, 14, 5, 50, 55, 0.99]:0 5110 0 343
[0.01, 0.054944556499799076, 14, 5, 50, 55, 0.99]:0 5109 0 344
[0.01, 0.054944556499799076, 14, 5, 50, 55, 0.99]:0 5109 0 344
[0.01, 0.054944556499799076, 14, 5, 50, 55, 0.99]:0 5109 0 344
[0.01, 0.054944556499799076, 14, 5, 50, 55, 0.99]:0 5109 0 343
[0.01, 0.054944556499799076, 14, 5, 50, 55, 0.99]:0 5110 0 343
[0.01, 0.054944556499799076, 14, 5, 50, 55, 0.99]:0 5109 0 344
[0.01, 0.054944556499799076, 14, 5, 50, 55, 0.99]:0 5110 0 343
[0.046638179609118084, 0.2949511444209212, 12, 10, 161, 54, 0.9299893670931968]:401 4709 18 325
[0.046638179609118084, 0.2949511444209212, 12, 10, 161, 54, 0.9299893670931968]:498 4611 27 317
[0.046638179609118084, 0.2949511444209212, 12, 10, 161, 54, 0.9299893670931968]:421 4688 16 328
[0.046638179609118084, 0.2949511444209212, 12, 10, 161, 54, 0.9299893670931968]:376 4734 12 331
[0.046638179609118084, 0.2949511444209212, 12, 10, 161, 54, 0.9299893670931968]:357 4753 19 324
[0.046638179609118084, 0.2949511444209212, 12, 10, 161, 54, 0.9299893670931968]:391 4718 17 327
[0.046638179609118084, 0.2949511444209212, 12, 10, 161, 54, 0.9299893670931968]:436 4673 18 326
[0.01, 0.054944556499799076, 14, 5, 50, 55, 0.99]:0 5110 0 343
[0.046638179609118084, 0.2949511444209212, 12, 10, 161, 54, 0.9299893670931968]:394 4716 18 325
[0.01, 0.054944556499799076, 14, 5, 50, 55, 0.99]:0 5110 0 343
[0.046638179609118084, 0.2949511444209212, 12, 10, 161, 54, 0.9299893670931968]:362 4748 8 335
[0.046638179609118084, 0.2949511444209212, 12, 10, 161, 54, 0.9299893670931968]:751 4358 31 312
[0.026135639926048816, 0.03802962714561188, 8, 7, 500, 55, 0.48658339014591573]:24 5086 1 342
[0.026135639926048816, 0.03802962714561188, 8, 7, 500, 55, 0.48658339014591573]:16 5094 0 343
[0.026135639926048816, 0.03802962714561188, 8, 7, 500, 55, 0.48658339014591573]:13 5096 0 344
[0.026135639926048816, 0.03802962714561188, 8, 7, 500, 55, 0.48658339014591573]:52 5057 2 341
[0.026135639926048816, 0.03802962714561188, 8, 7, 500, 55, 0.48658339014591573]:42 5067 2 342
[0.026135639926048816, 0.03802962714561188, 8, 7, 500, 55, 0.48658339014591573]:31 5079 2 341
[0.026135639926048816, 0.03802962714561188, 8, 7, 500, 55, 0.48658339014591573]:24 5086 1 342
[0.026135639926048816, 0.03802962714561188, 8, 7, 500, 55, 0.48658339014591573]:14 5095 1 343
[0.026135639926048816, 0.03802962714561188, 8, 7, 500, 55, 0.48658339014591573]:37 5073 1 342
[0.026135639926048816, 0.03802962714561188, 8, 7, 500, 55, 0.48658339014591573]:19 5090 1 343
[0.01, 0.005, 15, 5, 50, 17, 0.01]:3133 1977 150 193
[0.01, 0.005, 15, 5, 50, 17, 0.01]:1571 3539 58 285
[0.01, 0.005, 15, 5, 50, 17, 0.01]:2015 3094 116 228
[0.01, 0.005, 15, 5, 50, 17, 0.01]:2719 2391 147 196
[0.01, 0.005, 15, 5, 50, 17, 0.01]:1967 3143 100 243
[0.01, 0.005, 15, 5, 50, 17, 0.01]:3038 2071 176 168
[0.01, 0.005, 15, 5, 50, 17, 0.01]:2622 2488 157 186
[0.01, 0.005, 15, 5, 50, 17, 0.01]:2913 2196 156 188
[0.01, 0.005, 15, 5, 50, 17, 0.01]:2752 2357 143 200
[0.01, 0.005, 15, 5, 50, 17, 0.01]:2847 2262 158 186
[0.01, 0.011420675752123391, 4, 6, 282, 11, 0.3461870558550851]:5084 26 328 15
[0.01, 0.011420675752123391, 4, 6, 282, 11, 0.3461870558550851]:5069 41 329 14
[0.01, 0.011420675752123391, 4, 6, 282, 11, 0.3461870558550851]:5078 32 336 7
[0.01, 0.011420675752123391, 4, 6, 282, 11, 0.3461870558550851]:5083 27 332 11
[0.01, 0.011420675752123391, 4, 6, 282, 11, 0.3461870558550851]:5090 19 329 15
[0.01, 0.011420675752123391, 4, 6, 282, 11, 0.3461870558550851]:5085 24 334 10
[0.01, 0.011420675752123391, 4, 6, 282, 11, 0.3461870558550851]:5069 40 337 7
[0.01, 0.011420675752123391, 4, 6, 282, 11, 0.3461870558550851]:5079 30 335 9
[0.01, 0.011420675752123391, 4, 6, 282, 11, 0.3461870558550851]:5082 28 331 12
[0.01, 0.011420675752123391, 4, 6, 282, 11, 0.3461870558550851]:5012 97 317 26
[0.99, 0.05604360254207363, 7, 6, 248, 30, 0.1831788829725797]:2150 2959 108 236
[0.99, 0.05604360254207363, 7, 6, 248, 30, 0.1831788829725797]:2238 2872 94 249
[0.99, 0.05604360254207363, 7, 6, 248, 30, 0.1831788829725797]:2120 2990 94 249
[0.99, 0.05604360254207363, 7, 6, 248, 30, 0.1831788829725797]:2227 2882 96 248
[0.99, 0.05604360254207363, 7, 6, 248, 30, 0.1831788829725797]:2255 2855 84 259
[0.99, 0.05604360254207363, 7, 6, 248, 30, 0.1831788829725797]:2204 2905 100 244
[0.99, 0.05604360254207363, 7, 6, 248, 30, 0.1831788829725797]:2220 2890 91 252
[0.99, 0.05604360254207363, 7, 6, 248, 30, 0.1831788829725797]:2222 2888 95 248
[0.99, 0.05604360254207363, 7, 6, 248, 30, 0.1831788829725797]:2186 2923 104 239
[0.99, 0.05604360254207363, 7, 6, 248, 30, 0.1831788829725797]:2183 2926 93 251
[0.10677096976169544, 0.0062300329991022375, 15, 10, 243, 19, 0.0104250827803529]:108 5001 3 341
[0.10677096976169544, 0.0062300329991022375, 15, 10, 243, 19, 0.0104250827803529]:113 4996 3 341
[0.01, 0.05768070875216952, 15, 10, 232, 88, 0.2591372046205641]:0 5109 0 344
[0.01, 0.05768070875216952, 15, 10, 232, 88, 0.2591372046205641]:0 5110 0 343
[0.10677096976169544, 0.0062300329991022375, 15, 10, 243, 19, 0.0104250827803529]:140 4970 2 341
[0.10677096976169544, 0.0062300329991022375, 15, 10, 243, 19, 0.0104250827803529]:145 4965 2 341
[0.10677096976169544, 0.0062300329991022375, 15, 10, 243, 19, 0.0104250827803529]:48 5061 1 343
[0.10677096976169544, 0.0062300329991022375, 15, 10, 243, 19, 0.0104250827803529]:86 5023 1 343
[0.10677096976169544, 0.0062300329991022375, 15, 10, 243, 19, 0.0104250827803529]:183 4926 7 336
[0.10677096976169544, 0.0062300329991022375, 15, 10, 243, 19, 0.0104250827803529]:85 5025 2 341
[0.10677096976169544, 0.0062300329991022375, 15, 10, 243, 19, 0.0104250827803529]:181 4929 1 342
[0.01, 0.05768070875216952, 15, 10, 232, 88, 0.2591372046205641]:0 5110 0 343
[0.01, 0.05768070875216952, 15, 10, 232, 88, 0.2591372046205641]:0 5110 0 343
[0.01, 0.05768070875216952, 15, 10, 232, 88, 0.2591372046205641]:0 5110 0 343
[0.10677096976169544, 0.0062300329991022375, 15, 10, 243, 19, 0.0104250827803529]:263 4847 4 339
[0.01, 0.05768070875216952, 15, 10, 232, 88, 0.2591372046205641]:0 5110 0 343
[0.01, 0.05768070875216952, 15, 10, 232, 88, 0.2591372046205641]:0 5109 0 344
[0.01, 0.05768070875216952, 15, 10, 232, 88, 0.2591372046205641]:0 5109 0 344
[0.01, 0.05768070875216952, 15, 10, 232, 88, 0.2591372046205641]:1 5108 0 344
[0.01, 0.05768070875216952, 15, 10, 232, 88, 0.2591372046205641]:17 5092 1 342
[0.01, 0.005, 5, 8, 500, 85, 0.08277300706318867]:0 5109 0 344
[0.01, 0.005, 5, 8, 500, 85, 0.08277300706318867]:0 5110 0 343
[0.01, 0.005, 5, 8, 500, 85, 0.08277300706318867]:0 5110 0 343
[0.01, 0.005, 5, 8, 500, 85, 0.08277300706318867]:0 5109 0 344
[0.01, 0.005, 5, 8, 500, 85, 0.08277300706318867]:0 5110 0 343
[0.01, 0.005, 5, 8, 500, 85, 0.08277300706318867]:0 5109 0 344
[0.01, 0.005, 5, 8, 500, 85, 0.08277300706318867]:0 5110 0 343
[0.01, 0.005, 5, 8, 500, 85, 0.08277300706318867]:0 5110 0 343
[0.01, 0.005, 5, 8, 500, 85, 0.08277300706318867]:0 5109 0 344
[0.01, 0.005, 5, 8, 500, 85, 0.08277300706318867]:0 5109 0 343
[0.99, 0.0059416412512503704, 7, 5, 500, 19, 0.01]:4811 298 292 51
[0.99, 0.0059416412512503704, 7, 5, 500, 19, 0.01]:4851 258 294 50
[0.99, 0.0059416412512503704, 7, 5, 500, 19, 0.01]:4803 306 294 50
[0.99, 0.0059416412512503704, 7, 5, 500, 19, 0.01]:4831 279 285 58
[0.99, 0.0059416412512503704, 7, 5, 500, 19, 0.01]:4803 307 295 48
[0.99, 0.0059416412512503704, 7, 5, 500, 19, 0.01]:4797 313 283 60
[0.99, 0.0059416412512503704, 7, 5, 500, 19, 0.01]:4790 319 284 60
[0.99, 0.0059416412512503704, 7, 5, 500, 19, 0.01]:4779 330 297 47
[0.99, 0.0059416412512503704, 7, 5, 500, 19, 0.01]:4759 351 269 74
[0.99, 0.0059416412512503704, 7, 5, 500, 19, 0.01]:4821 289 279 64
[0.99, 0.005, 10, 5, 500, 22, 0.03154667221582027]:4474 635 270 74
[0.99, 0.005, 10, 5, 500, 22, 0.03154667221582027]:4458 651 237 107
[0.99, 0.005, 10, 5, 500, 22, 0.03154667221582027]:4512 597 264 80
[0.99, 0.005, 10, 5, 500, 22, 0.03154667221582027]:4528 582 249 94
[0.99, 0.49999999999999994, 14, 5, 500, 21, 0.09167220635664164]:2916 2194 164 179
[0.99, 0.49999999999999994, 14, 5, 500, 21, 0.09167220635664164]:2845 2264 158 186
[0.99, 0.49999999999999994, 14, 5, 500, 21, 0.09167220635664164]:2801 2308 176 168
[0.99, 0.49999999999999994, 14, 5, 500, 21, 0.09167220635664164]:2916 2193 176 168
[0.99, 0.49999999999999994, 14, 5, 500, 21, 0.09167220635664164]:3002 2108 177 166
[0.99, 0.005, 10, 5, 500, 22, 0.03154667221582027]:4585 525 248 95
[0.99, 0.49999999999999994, 14, 5, 500, 21, 0.09167220635664164]:2858 2251 159 185
[0.99, 0.005, 10, 5, 500, 22, 0.03154667221582027]:4500 610 237 106
[0.99, 0.005, 10, 5, 500, 22, 0.03154667221582027]:4563 547 267 76
[0.99, 0.49999999999999994, 14, 5, 500, 21, 0.09167220635664164]:2698 2412 151 192
[0.99, 0.005, 10, 5, 500, 22, 0.03154667221582027]:4521 588 250 94
[0.99, 0.005, 10, 5, 500, 22, 0.03154667221582027]:4473 636 256 87
[0.99, 0.49999999999999994, 14, 5, 500, 21, 0.09167220635664164]:3045 2065 159 184
[0.99, 0.49999999999999994, 14, 5, 500, 21, 0.09167220635664164]:3038 2071 169 174
[0.99, 0.49999999999999994, 14, 5, 500, 21, 0.09167220635664164]:2826 2284 161 182
[0.99, 0.005, 10, 5, 500, 22, 0.03154667221582027]:4471 639 243 100
[0.01, 0.005, 4, 5, 500, 25, 0.6718293701973903]:0 5110 0 343
[0.01, 0.005, 4, 5, 500, 25, 0.6718293701973903]:0 5110 0 343
[0.01, 0.005, 4, 5, 500, 25, 0.6718293701973903]:0 5109 0 344
[0.01, 0.005, 4, 5, 500, 25, 0.6718293701973903]:0 5110 0 343
[0.01, 0.005, 4, 5, 500, 25, 0.6718293701973903]:0 5109 0 343
[0.01, 0.005, 4, 5, 500, 25, 0.6718293701973903]:0 5109 0 344
[0.01, 0.005, 4, 5, 500, 25, 0.6718293701973903]:0 5110 0 343
[0.01, 0.005, 4, 5, 500, 25, 0.6718293701973903]:0 5109 0 344
[0.01, 0.005, 4, 5, 500, 25, 0.6718293701973903]:0 5109 0 344
[0.01, 0.005, 4, 5, 500, 25, 0.6718293701973903]:0 5110 0 343
[0.24511182881005503, 0.005, 14, 5, 500, 26, 0.1181496910260881]:599 4510 14 330
[0.24511182881005503, 0.005, 14, 5, 500, 26, 0.1181496910260881]:586 4524 20 323
[0.24511182881005503, 0.005, 14, 5, 500, 26, 0.1181496910260881]:513 4597 12 331
[0.24511182881005503, 0.005, 14, 5, 500, 26, 0.1181496910260881]:573 4537 18 325
[0.24511182881005503, 0.005, 14, 5, 500, 26, 0.1181496910260881]:628 4482 15 328
[0.24511182881005503, 0.005, 14, 5, 500, 26, 0.1181496910260881]:613 4496 19 325
[0.24511182881005503, 0.005, 14, 5, 500, 26, 0.1181496910260881]:549 4560 18 325
[0.24511182881005503, 0.005, 14, 5, 500, 26, 0.1181496910260881]:676 4434 23 320
[0.24511182881005503, 0.005, 14, 5, 500, 26, 0.1181496910260881]:597 4512 17 327
[0.24511182881005503, 0.005, 14, 5, 500, 26, 0.1181496910260881]:586 4523 14 330
[0.99, 0.005, 15, 5, 362, 25, 0.0740280979657365]:4560 549 273 71
[0.99, 0.005, 15, 5, 362, 25, 0.0740280979657365]:4621 489 261 82
[0.99, 0.005, 15, 5, 362, 25, 0.0740280979657365]:4606 504 274 69
[0.99, 0.005, 15, 5, 362, 25, 0.0740280979657365]:4628 482 251 92
[0.99, 0.005, 15, 5, 362, 25, 0.0740280979657365]:4628 482 261 82
[0.99, 0.005, 15, 5, 362, 25, 0.0740280979657365]:4583 526 274 70
[0.99, 0.005, 15, 5, 362, 25, 0.0740280979657365]:4601 508 256 88
[0.99, 0.005, 15, 5, 362, 25, 0.0740280979657365]:4606 504 255 88
[0.99, 0.005, 15, 5, 362, 25, 0.0740280979657365]:4635 474 259 85
[0.99, 0.005, 15, 5, 362, 25, 0.0740280979657365]:4575 534 269 74
[0.99, 0.005, 12, 10, 50, 22, 0.02116653641787755]:4568 541 253 91
[0.99, 0.005, 12, 10, 50, 22, 0.02116653641787755]:4576 534 243 100
[0.99, 0.005, 12, 10, 50, 22, 0.02116653641787755]:4509 601 248 95
[0.99, 0.005, 12, 10, 50, 22, 0.02116653641787755]:4529 580 270 74
[0.99, 0.005, 12, 10, 50, 22, 0.02116653641787755]:4449 660 238 106
[0.99, 0.005, 12, 10, 50, 22, 0.02116653641787755]:4398 712 254 89
[0.99, 0.005, 12, 10, 50, 22, 0.02116653641787755]:4577 532 264 79
[0.99, 0.005, 12, 10, 50, 22, 0.02116653641787755]:4375 734 249 95
[0.99, 0.005, 12, 10, 50, 22, 0.02116653641787755]:4453 657 242 101
[0.99, 0.005, 12, 10, 50, 22, 0.02116653641787755]:4534 576 264 79
[0.9201361685954289, 0.005, 5, 7, 333, 37, 0.0564168329465615]:995 4114 27 317
[0.9201361685954289, 0.005, 5, 7, 333, 37, 0.0564168329465615]:1072 4037 33 311
[0.9201361685954289, 0.005, 5, 7, 333, 37, 0.0564168329465615]:1026 4083 37 307
[0.9201361685954289, 0.005, 5, 7, 333, 37, 0.0564168329465615]:984 4125 21 323
[0.9201361685954289, 0.005, 5, 7, 333, 37, 0.0564168329465615]:1041 4069 35 308
[0.9201361685954289, 0.005, 5, 7, 333, 37, 0.0564168329465615]:1015 4095 33 310
[0.9201361685954289, 0.005, 5, 7, 333, 37, 0.0564168329465615]:1053 4057 26 317
[0.9201361685954289, 0.005, 5, 7, 333, 37, 0.0564168329465615]:1052 4057 31 312
[0.9201361685954289, 0.005, 5, 7, 333, 37, 0.0564168329465615]:990 4120 35 308
[0.9201361685954289, 0.005, 5, 7, 333, 37, 0.0564168329465615]:975 4135 30 313
[0.9690396162877447, 0.005, 10, 9, 372, 65, 0.2601565268640062]:941 4169 26 317
[0.9690396162877447, 0.005, 10, 9, 372, 65, 0.2601565268640062]:881 4229 29 314
[0.9690396162877447, 0.005, 10, 9, 372, 65, 0.2601565268640062]:918 4191 33 311
[0.9690396162877447, 0.005, 10, 9, 372, 65, 0.2601565268640062]:915 4195 29 314
[0.9690396162877447, 0.005, 10, 9, 372, 65, 0.2601565268640062]:874 4235 30 314
[0.9690396162877447, 0.005, 10, 9, 372, 65, 0.2601565268640062]:902 4207 17 327
[0.9690396162877447, 0.005, 10, 9, 372, 65, 0.2601565268640062]:901 4209 38 305
[0.9690396162877447, 0.005, 10, 9, 372, 65, 0.2601565268640062]:943 4167 21 322
[0.9690396162877447, 0.005, 10, 9, 372, 65, 0.2601565268640062]:984 4125 36 307
[0.9690396162877447, 0.005, 10, 9, 372, 65, 0.2601565268640062]:919 4190 29 315
[0.99, 0.005, 5, 9, 352, 100, 0.011381826346842951]:1820 3290 65 278
[0.99, 0.005, 5, 9, 352, 100, 0.011381826346842951]:1779 3330 76 268
[0.99, 0.005, 5, 9, 352, 100, 0.011381826346842951]:1671 3438 66 277
[0.5277528492867245, 0.043656913848156335, 10, 5, 170, 2, 0.040612543570014134]:5108 2 341 2
[0.5277528492867245, 0.043656913848156335, 10, 5, 170, 2, 0.040612543570014134]:5108 2 342 1
[0.5277528492867245, 0.043656913848156335, 10, 5, 170, 2, 0.040612543570014134]:5108 2 343 0
[0.99, 0.005, 5, 9, 352, 100, 0.011381826346842951]:1793 3317 63 280
[0.5277528492867245, 0.043656913848156335, 10, 5, 170, 2, 0.040612543570014134]:5110 0 342 1
[0.99, 0.005, 5, 9, 352, 100, 0.011381826346842951]:1679 3431 65 278
[0.99, 0.005, 5, 9, 352, 100, 0.011381826346842951]:1669 3440 67 277
[0.5277528492867245, 0.043656913848156335, 10, 5, 170, 2, 0.040612543570014134]:5106 3 343 1
[0.5277528492867245, 0.043656913848156335, 10, 5, 170, 2, 0.040612543570014134]:5094 15 340 4
[0.5277528492867245, 0.043656913848156335, 10, 5, 170, 2, 0.040612543570014134]:5107 2 344 0
[0.99, 0.005, 5, 9, 352, 100, 0.011381826346842951]:1824 3285 68 276
[0.5277528492867245, 0.043656913848156335, 10, 5, 170, 2, 0.040612543570014134]:5108 1 344 0
[0.99, 0.005, 5, 9, 352, 100, 0.011381826346842951]:1584 3525 49 295
[0.99, 0.005, 5, 9, 352, 100, 0.011381826346842951]:1521 3589 47 296
[0.5277528492867245, 0.043656913848156335, 10, 5, 170, 2, 0.040612543570014134]:5105 4 341 2
[0.99, 0.005, 5, 9, 352, 100, 0.011381826346842951]:1556 3554 56 287
[0.5277528492867245, 0.043656913848156335, 10, 5, 170, 2, 0.040612543570014134]:5110 0 339 4
[0.99, 0.005, 3, 8, 422, 23, 0.99]:1364 3746 46 297
[0.99, 0.005, 3, 8, 422, 23, 0.99]:1379 3731 41 302
[0.99, 0.005, 3, 8, 422, 23, 0.99]:1333 3777 40 303
[0.99, 0.005, 3, 8, 422, 23, 0.99]:1383 3726 41 303
[0.99, 0.005, 3, 8, 422, 23, 0.99]:1426 3683 55 289
[0.99, 0.005, 3, 8, 422, 23, 0.99]:1385 3724 45 298
[0.99, 0.005, 3, 8, 422, 23, 0.99]:1376 3733 34 310
[0.99, 0.005, 3, 8, 422, 23, 0.99]:1361 3748 34 310
[0.99, 0.005, 3, 8, 422, 23, 0.99]:1381 3729 39 304
[0.99, 0.005, 3, 8, 422, 23, 0.99]:1383 3727 51 292
[0.99, 0.005, 3, 6, 50, 48, 0.08067271360460451]:41 5069 1 342
[0.99, 0.005, 3, 6, 50, 48, 0.08067271360460451]:39 5071 1 342
[0.99, 0.005, 3, 6, 50, 48, 0.08067271360460451]:95 5015 2 341
[0.99, 0.005, 3, 6, 50, 48, 0.08067271360460451]:54 5055 1 342
[0.99, 0.005, 3, 6, 50, 48, 0.08067271360460451]:85 5024 2 342
[0.99, 0.005, 3, 6, 50, 48, 0.08067271360460451]:120 4989 5 339
[0.99, 0.005, 3, 6, 50, 48, 0.08067271360460451]:36 5074 0 343
[0.99, 0.005, 3, 6, 50, 48, 0.08067271360460451]:72 5037 1 343
[0.99, 0.005, 3, 6, 50, 48, 0.08067271360460451]:93 5017 4 339
[0.99, 0.005, 3, 6, 50, 48, 0.08067271360460451]:110 4999 4 340
[0.99, 0.2140779820175452, 5, 5, 122, 49, 0.12092992607742027]:1460 3650 64 279
[0.99, 0.2140779820175452, 5, 5, 122, 49, 0.12092992607742027]:1427 3683 69 274
[0.99, 0.2140779820175452, 5, 5, 122, 49, 0.12092992607742027]:1431 3678 56 288
[0.99, 0.2140779820175452, 5, 5, 122, 49, 0.12092992607742027]:1540 3569 64 280
[0.99, 0.2140779820175452, 5, 5, 122, 49, 0.12092992607742027]:1357 3753 46 297
[0.99, 0.2140779820175452, 5, 5, 122, 49, 0.12092992607742027]:1413 3696 73 271
[0.99, 0.2140779820175452, 5, 5, 122, 49, 0.12092992607742027]:1350 3759 53 291
[0.99, 0.2140779820175452, 5, 5, 122, 49, 0.12092992607742027]:1500 3609 73 270
[0.99, 0.005, 15, 6, 61, 24, 0.1576268430876613]:4469 641 239 104
[0.99, 0.005, 15, 6, 61, 24, 0.1576268430876613]:4430 679 235 109
[0.99, 0.005, 15, 6, 61, 24, 0.1576268430876613]:4396 714 250 93
[0.99, 0.005, 15, 6, 61, 24, 0.1576268430876613]:4387 722 251 93
[0.99, 0.005, 15, 6, 61, 24, 0.1576268430876613]:4416 694 236 107
[0.99, 0.005, 15, 6, 61, 24, 0.1576268430876613]:4421 689 248 95
[0.99, 0.005, 15, 6, 61, 24, 0.1576268430876613]:4476 633 246 98
[0.99, 0.005, 15, 6, 61, 24, 0.1576268430876613]:4352 757 263 81
[0.99, 0.2140779820175452, 5, 5, 122, 49, 0.12092992607742027]:1372 3738 54 289
[0.99, 0.2140779820175452, 5, 5, 122, 49, 0.12092992607742027]:1445 3665 60 283
[0.99, 0.005, 15, 6, 61, 24, 0.1576268430876613]:4468 641 254 89
[0.99, 0.005, 15, 6, 61, 24, 0.1576268430876613]:4463 647 248 95
[0.99, 0.012863911747102792, 11, 8, 244, 23, 0.01]:4644 466 270 73
[0.99, 0.012863911747102792, 11, 8, 244, 23, 0.01]:4616 494 259 84
[0.99, 0.012863911747102792, 11, 8, 244, 23, 0.01]:4582 528 249 94
[0.99, 0.012863911747102792, 11, 8, 244, 23, 0.01]:4677 432 266 78
[0.99, 0.012863911747102792, 11, 8, 244, 23, 0.01]:4600 510 269 74
[0.99, 0.012863911747102792, 11, 8, 244, 23, 0.01]:4657 453 274 69
[0.99, 0.012863911747102792, 11, 8, 244, 23, 0.01]:4506 603 259 85
[0.99, 0.012863911747102792, 11, 8, 244, 23, 0.01]:4604 505 276 68
[0.99, 0.012863911747102792, 11, 8, 244, 23, 0.01]:4691 418 263 81
[0.99, 0.012863911747102792, 11, 8, 244, 23, 0.01]:4464 645 258 85
[0.99, 0.005, 15, 10, 250, 99, 0.99]:1480 3630 61 282
[0.99, 0.005, 15, 10, 250, 99, 0.99]:1650 3459 72 272
[0.99, 0.005, 15, 10, 250, 99, 0.99]:1533 3577 73 270
[0.99, 0.005, 15, 10, 250, 99, 0.99]:1591 3518 84 260
[0.99, 0.005, 15, 10, 250, 99, 0.99]:1532 3577 74 269
[0.99, 0.005, 15, 10, 250, 99, 0.99]:1559 3551 53 290
[0.99, 0.005, 15, 10, 250, 99, 0.99]:1576 3534 70 273
[0.99, 0.005, 15, 10, 250, 99, 0.99]:1517 3592 73 271
[0.99, 0.005, 15, 10, 250, 99, 0.99]:1586 3523 68 276
[0.99, 0.005, 15, 10, 250, 99, 0.99]:1609 3501 64 279
[0.99, 0.005408888127650712, 15, 10, 445, 100, 0.99]:1675 3435 60 283
[0.99, 0.005408888127650712, 15, 10, 445, 100, 0.99]:1728 3381 77 266
[0.99, 0.005408888127650712, 15, 10, 445, 100, 0.99]:1655 3454 85 259
[0.99, 0.005408888127650712, 15, 10, 445, 100, 0.99]:1626 3484 73 270
[0.99, 0.005408888127650712, 15, 10, 445, 100, 0.99]:1756 3353 76 268
[0.99, 0.005408888127650712, 15, 10, 445, 100, 0.99]:1599 3511 68 275
[0.99, 0.005408888127650712, 15, 10, 445, 100, 0.99]:1737 3372 78 266
[0.99, 0.005408888127650712, 15, 10, 445, 100, 0.99]:1671 3438 80 264
[0.99, 0.005408888127650712, 15, 10, 445, 100, 0.99]:1757 3353 75 268
[0.99, 0.005408888127650712, 15, 10, 445, 100, 0.99]:1682 3428 75 268
[0.99, 0.005, 3, 5, 50, 77, 0.01]:965 4145 38 305
[0.99, 0.005, 3, 5, 50, 77, 0.01]:568 4542 26 317
[0.99, 0.005, 3, 5, 50, 77, 0.01]:826 4284 30 313
[0.99, 0.005, 3, 5, 50, 77, 0.01]:657 4453 21 322
[0.99, 0.005, 3, 5, 50, 77, 0.01]:915 4194 36 308
[0.99, 0.005, 3, 5, 50, 77, 0.01]:506 4604 19 324
[0.99, 0.005, 3, 5, 50, 77, 0.01]:857 4252 27 317
[0.99, 0.056882135169023317, 6, 10, 50, 76, 0.0422444335739746]:1180 3929 45 299
[0.99, 0.005, 3, 5, 50, 77, 0.01]:547 4562 19 325
[0.99, 0.005, 3, 5, 50, 77, 0.01]:501 4608 18 325
[0.99, 0.005, 3, 5, 50, 77, 0.01]:670 4439 33 311
[0.981497148471795, 0.22958827573167595, 6, 9, 229, 76, 0.012707203251293589]:1420 3690 61 282
[0.981497148471795, 0.22958827573167595, 6, 9, 229, 76, 0.012707203251293589]:1603 3507 100 243
[0.99, 0.056882135169023317, 6, 10, 50, 76, 0.0422444335739746]:1023 4087 28 315
[0.99, 0.056882135169023317, 6, 10, 50, 76, 0.0422444335739746]:1048 4062 38 305
[0.99, 0.056882135169023317, 6, 10, 50, 76, 0.0422444335739746]:971 4139 41 302
[0.99, 0.056882135169023317, 6, 10, 50, 76, 0.0422444335739746]:1009 4100 31 313
[0.981497148471795, 0.22958827573167595, 6, 9, 229, 76, 0.012707203251293589]:1801 3308 110 234
[0.981497148471795, 0.22958827573167595, 6, 9, 229, 76, 0.012707203251293589]:1523 3586 111 233
[0.99, 0.056882135169023317, 6, 10, 50, 76, 0.0422444335739746]:792 4318 24 319
[0.99, 0.056882135169023317, 6, 10, 50, 76, 0.0422444335739746]:975 4134 32 312
[0.99, 0.056882135169023317, 6, 10, 50, 76, 0.0422444335739746]:1066 4043 40 303
[0.99, 0.056882135169023317, 6, 10, 50, 76, 0.0422444335739746]:1100 4010 45 298
[0.981497148471795, 0.22958827573167595, 6, 9, 229, 76, 0.012707203251293589]:1258 3851 51 292
[0.981497148471795, 0.22958827573167595, 6, 9, 229, 76, 0.012707203251293589]:1347 3763 85 258
[0.981497148471795, 0.22958827573167595, 6, 9, 229, 76, 0.012707203251293589]:1467 3642 73 271
[0.981497148471795, 0.22958827573167595, 6, 9, 229, 76, 0.012707203251293589]:1639 3471 84 259
[0.99, 0.056882135169023317, 6, 10, 50, 76, 0.0422444335739746]:935 4174 30 314
[0.981497148471795, 0.22958827573167595, 6, 9, 229, 76, 0.012707203251293589]:1456 3654 87 256
[0.981497148471795, 0.22958827573167595, 6, 9, 229, 76, 0.012707203251293589]:1201 3908 85 259
[0.99, 0.005, 15, 6, 50, 36, 0.011100092082632842]:4719 390 281 63
[0.99, 0.005, 15, 6, 50, 36, 0.011100092082632842]:4794 315 281 63
[0.99, 0.005, 15, 6, 50, 36, 0.011100092082632842]:4682 428 264 79
[0.99, 0.005, 15, 6, 50, 36, 0.011100092082632842]:4692 418 267 76
[0.99, 0.005, 15, 6, 50, 36, 0.011100092082632842]:4800 309 284 60
[0.99, 0.005, 15, 6, 50, 36, 0.011100092082632842]:4695 414 285 58
[0.99, 0.005, 15, 6, 50, 36, 0.011100092082632842]:4735 375 287 56
[0.99, 0.005, 15, 6, 50, 36, 0.011100092082632842]:4709 400 287 57
[0.99, 0.005, 15, 6, 50, 36, 0.011100092082632842]:4725 385 276 67
[0.99, 0.005, 15, 6, 50, 36, 0.011100092082632842]:4617 493 257 86
[0.99, 0.005, 15, 5, 210, 43, 0.017977790812244102]:4760 349 289 55
[0.99, 0.005, 15, 5, 210, 43, 0.017977790812244102]:4730 380 274 69
[0.99, 0.005, 15, 5, 210, 43, 0.017977790812244102]:4742 368 292 51
[0.99, 0.005, 15, 5, 210, 43, 0.017977790812244102]:4809 300 279 65
[0.99, 0.005, 15, 5, 210, 43, 0.017977790812244102]:4837 273 282 61
[0.99, 0.005, 15, 5, 210, 43, 0.017977790812244102]:4768 342 273 70
[0.99, 0.005, 15, 5, 210, 43, 0.017977790812244102]:4649 460 277 67
[0.99, 0.005, 15, 5, 210, 43, 0.017977790812244102]:4789 320 283 61
[0.99, 0.005, 15, 5, 210, 43, 0.017977790812244102]:4799 310 286 57
[0.99, 0.005, 15, 5, 210, 43, 0.017977790812244102]:4768 342 278 65
[0.99, 0.005, 15, 8, 390, 77, 0.7914686554805901]:1771 3338 89 254
[0.99, 0.005, 15, 8, 390, 77, 0.7914686554805901]:1781 3328 84 260
[0.99, 0.005, 15, 8, 390, 77, 0.7914686554805901]:1767 3342 88 256
[0.99, 0.005, 15, 8, 390, 77, 0.7914686554805901]:1783 3327 78 265
[0.99, 0.005, 15, 8, 390, 77, 0.7914686554805901]:1647 3463 65 278
[0.99, 0.005, 15, 8, 390, 77, 0.7914686554805901]:1693 3417 54 289
[0.99, 0.005, 15, 8, 390, 77, 0.7914686554805901]:1728 3381 81 263
[0.99, 0.005, 15, 8, 390, 77, 0.7914686554805901]:1730 3379 70 274
[0.99, 0.005, 15, 8, 390, 77, 0.7914686554805901]:1714 3396 75 268
[0.99, 0.005, 15, 8, 390, 77, 0.7914686554805901]:1763 3347 76 267
[0.99, 0.007950064229846912, 15, 6, 50, 25, 0.01]:4904 206 288 55
[0.99, 0.007950064229846912, 15, 6, 50, 25, 0.01]:4936 173 307 37
[0.99, 0.007950064229846912, 15, 6, 50, 25, 0.01]:4805 305 293 50
[0.99, 0.007950064229846912, 15, 6, 50, 25, 0.01]:4886 223 304 40
[0.99, 0.007950064229846912, 15, 6, 50, 25, 0.01]:4952 158 300 43
[0.99, 0.007950064229846912, 15, 6, 50, 25, 0.01]:4891 218 305 39
[0.99, 0.007950064229846912, 15, 6, 50, 25, 0.01]:4892 218 310 33
[0.99, 0.007950064229846912, 15, 6, 50, 25, 0.01]:4947 162 306 38
[0.99, 0.007950064229846912, 15, 6, 50, 25, 0.01]:4958 152 297 46
[0.99, 0.007950064229846912, 15, 6, 50, 25, 0.01]:4927 182 299 44
[0.99, 0.49999999999999994, 15, 7, 50, 49, 0.05673959863026548]:1730 3379 85 258
[0.99, 0.49999999999999994, 15, 7, 50, 49, 0.05673959863026548]:1819 3291 111 232
[0.99, 0.49999999999999994, 15, 7, 50, 49, 0.05673959863026548]:1914 3195 105 239
[0.99, 0.49999999999999994, 15, 7, 50, 49, 0.05673959863026548]:1566 3543 80 264
[0.99, 0.49999999999999994, 15, 7, 50, 49, 0.05673959863026548]:1880 3230 106 237
[0.99, 0.49999999999999994, 15, 7, 50, 49, 0.05673959863026548]:1699 3411 95 248
[0.99, 0.49999999999999994, 15, 7, 50, 49, 0.05673959863026548]:1641 3469 86 257
[0.99, 0.49999999999999994, 15, 7, 50, 49, 0.05673959863026548]:1728 3381 110 234
[0.99, 0.49999999999999994, 15, 7, 50, 49, 0.05673959863026548]:2003 3106 136 208
[0.99, 0.49999999999999994, 15, 7, 50, 49, 0.05673959863026548]:1692 3418 84 259
[0.99, 0.005, 15, 6, 500, 52, 0.3160496150987941]:2562 2548 109 234
[0.99, 0.005, 15, 6, 500, 52, 0.3160496150987941]:2532 2577 107 237
[0.99, 0.005, 15, 6, 500, 52, 0.3160496150987941]:2564 2546 119 224
[0.99, 0.005, 15, 6, 500, 52, 0.3160496150987941]:2662 2447 131 212
[0.99, 0.005, 15, 6, 500, 52, 0.3160496150987941]:2640 2470 113 230
[0.99, 0.005, 15, 6, 500, 52, 0.3160496150987941]:2534 2575 131 213
[0.99, 0.005, 15, 6, 500, 52, 0.3160496150987941]:2622 2487 127 217
[0.99, 0.005, 15, 6, 500, 52, 0.3160496150987941]:2548 2561 127 217
[0.99, 0.005, 15, 6, 500, 52, 0.3160496150987941]:2555 2555 109 234
[0.99, 0.005, 15, 6, 500, 52, 0.3160496150987941]:2473 2637 119 224
[0.99, 0.005, 15, 7, 50, 23, 0.01]:4664 446 272 71
[0.99, 0.005, 15, 7, 50, 23, 0.01]:4866 244 296 47
[0.99, 0.005, 15, 7, 50, 23, 0.01]:4762 348 300 43
[0.99, 0.005, 15, 7, 50, 23, 0.01]:4762 347 287 57
[0.99, 0.005, 15, 7, 50, 23, 0.01]:4827 283 283 60
[0.99, 0.005, 15, 7, 50, 23, 0.01]:4859 250 288 56
[0.99, 0.005, 15, 7, 50, 23, 0.01]:4861 248 290 54
[0.99, 0.005, 15, 7, 50, 23, 0.01]:4783 326 295 48
[0.99, 0.005, 15, 7, 50, 23, 0.01]:4779 331 277 66
[0.99, 0.005, 15, 7, 50, 23, 0.01]:4814 295 294 50
[0.9384958694401209, 0.2677438188016973, 15, 6, 279, 33, 0.034300158667114965]:2315 2795 127 216
[0.9384958694401209, 0.2677438188016973, 15, 6, 279, 33, 0.034300158667114965]:2646 2464 142 201
[0.9384958694401209, 0.2677438188016973, 15, 6, 279, 33, 0.034300158667114965]:2477 2633 130 213
[0.9384958694401209, 0.2677438188016973, 15, 6, 279, 33, 0.034300158667114965]:2456 2654 135 208
[0.8469690621528272, 0.3622886299688132, 15, 9, 271, 30, 0.02852267741154356]:2357 2752 136 208
[0.8469690621528272, 0.3622886299688132, 15, 9, 271, 30, 0.02852267741154356]:2205 2905 120 223
[0.8469690621528272, 0.3622886299688132, 15, 9, 271, 30, 0.02852267741154356]:2169 2941 129 214
[0.8469690621528272, 0.3622886299688132, 15, 9, 271, 30, 0.02852267741154356]:2254 2856 140 203
[0.9384958694401209, 0.2677438188016973, 15, 6, 279, 33, 0.034300158667114965]:2437 2672 134 210
[0.8469690621528272, 0.3622886299688132, 15, 9, 271, 30, 0.02852267741154356]:2371 2739 141 202
[0.9384958694401209, 0.2677438188016973, 15, 6, 279, 33, 0.034300158667114965]:2600 2510 129 214
[0.8469690621528272, 0.3622886299688132, 15, 9, 271, 30, 0.02852267741154356]:2200 2910 102 241
[0.8469690621528272, 0.3622886299688132, 15, 9, 271, 30, 0.02852267741154356]:2384 2725 133 210
[0.8469690621528272, 0.3622886299688132, 15, 9, 271, 30, 0.02852267741154356]:2379 2730 146 198
[0.8469690621528272, 0.3622886299688132, 15, 9, 271, 30, 0.02852267741154356]:2088 3021 137 207
[0.8469690621528272, 0.3622886299688132, 15, 9, 271, 30, 0.02852267741154356]:2235 2874 120 224
[0.9384958694401209, 0.2677438188016973, 15, 6, 279, 33, 0.034300158667114965]:2513 2596 139 205
[0.9384958694401209, 0.2677438188016973, 15, 6, 279, 33, 0.034300158667114965]:2403 2706 158 186
[0.9384958694401209, 0.2677438188016973, 15, 6, 279, 33, 0.034300158667114965]:2684 2425 178 166
[0.9384958694401209, 0.2677438188016973, 15, 6, 279, 33, 0.034300158667114965]:2446 2663 138 205
[0.9338232255913959, 0.005243019718589761, 9, 5, 72, 26, 0.011384207815029525]:4935 174 306 37
[0.9338232255913959, 0.005243019718589761, 9, 5, 72, 26, 0.011384207815029525]:4892 218 292 51
[0.9338232255913959, 0.005243019718589761, 9, 5, 72, 26, 0.011384207815029525]:4924 185 310 34
[0.9338232255913959, 0.005243019718589761, 9, 5, 72, 26, 0.011384207815029525]:4899 210 316 28
[0.9338232255913959, 0.005243019718589761, 9, 5, 72, 26, 0.011384207815029525]:4885 225 302 41
[0.9338232255913959, 0.005243019718589761, 9, 5, 72, 26, 0.011384207815029525]:4922 188 303 40
[0.9338232255913959, 0.005243019718589761, 9, 5, 72, 26, 0.011384207815029525]:4913 196 306 38
[0.9338232255913959, 0.005243019718589761, 9, 5, 72, 26, 0.011384207815029525]:4940 170 301 42
[0.9338232255913959, 0.005243019718589761, 9, 5, 72, 26, 0.011384207815029525]:4949 160 305 39
[0.9338232255913959, 0.005243019718589761, 9, 5, 72, 26, 0.011384207815029525]:4918 192 303 40
[0.99, 0.005, 10, 5, 50, 22, 0.99]:2229 2880 108 236
[0.99, 0.005, 10, 7, 50, 22, 0.99]:2165 2944 80 264
[0.99, 0.005, 10, 5, 50, 22, 0.99]:2356 2753 106 238
[0.99, 0.005, 10, 5, 50, 22, 0.99]:2313 2796 101 242
[0.99, 0.005, 10, 5, 50, 22, 0.99]:2167 2943 89 254
[0.99, 0.005, 10, 5, 50, 22, 0.99]:2188 2922 84 259
[0.99, 0.005, 10, 5, 50, 22, 0.99]:2329 2781 107 236
[0.99, 0.005, 10, 5, 50, 22, 0.99]:2377 2732 100 244
[0.99, 0.005, 10, 5, 50, 22, 0.99]:2110 3000 76 267
[0.99, 0.005, 10, 5, 50, 22, 0.99]:2103 3007 95 248
[0.99, 0.005, 10, 7, 50, 22, 0.99]:2280 2829 100 243
[0.99, 0.005, 10, 5, 50, 22, 0.99]:2167 2942 83 261
[0.99, 0.005, 10, 7, 50, 22, 0.99]:2376 2733 100 244
[0.99, 0.005, 10, 7, 50, 22, 0.99]:2209 2900 106 238
[0.99, 0.005, 10, 7, 50, 22, 0.99]:2091 3019 90 253
[0.99, 0.005, 10, 7, 50, 22, 0.99]:2145 2965 90 253
[0.99, 0.005, 10, 7, 50, 22, 0.99]:2321 2789 103 240
[0.99, 0.005, 10, 7, 50, 22, 0.99]:2079 3031 77 266
[0.99, 0.005, 10, 7, 50, 22, 0.99]:2142 2968 77 266
[0.99, 0.005, 10, 7, 50, 22, 0.99]:2322 2787 101 243
[0.4569895035220317, 0.49999999999999994, 3, 9, 199, 94, 0.99]:448 4662 19 324
[0.4569895035220317, 0.49999999999999994, 3, 9, 199, 94, 0.99]:505 4605 21 322
[0.4569895035220317, 0.49999999999999994, 3, 9, 199, 94, 0.99]:481 4628 26 318
[0.4569895035220317, 0.49999999999999994, 3, 9, 199, 94, 0.99]:426 4684 19 324
[0.4569895035220317, 0.49999999999999994, 3, 9, 199, 94, 0.99]:441 4668 15 329
[0.9060198574508603, 0.4086796622225049, 4, 7, 164, 93, 0.3017037104560614]:908 4202 49 294
[0.9060198574508603, 0.4086796622225049, 4, 7, 164, 93, 0.3017037104560614]:922 4187 43 301
[0.9060198574508603, 0.4086796622225049, 4, 7, 164, 93, 0.3017037104560614]:1025 4085 38 305
[0.9060198574508603, 0.4086796622225049, 4, 7, 164, 93, 0.3017037104560614]:1034 4076 49 294
[0.9060198574508603, 0.4086796622225049, 4, 7, 164, 93, 0.3017037104560614]:1131 3979 49 294
[0.4569895035220317, 0.49999999999999994, 3, 9, 199, 94, 0.99]:408 4701 15 329
[0.4569895035220317, 0.49999999999999994, 3, 9, 199, 94, 0.99]:512 4597 26 317
[0.9060198574508603, 0.4086796622225049, 4, 7, 164, 93, 0.3017037104560614]:931 4178 31 313
[0.9060198574508603, 0.4086796622225049, 4, 7, 164, 93, 0.3017037104560614]:992 4117 46 298
[0.4569895035220317, 0.49999999999999994, 3, 9, 199, 94, 0.99]:443 4666 15 329
[0.9060198574508603, 0.4086796622225049, 4, 7, 164, 93, 0.3017037104560614]:890 4219 38 306
[0.4569895035220317, 0.49999999999999994, 3, 9, 199, 94, 0.99]:467 4643 20 323
[0.4569895035220317, 0.49999999999999994, 3, 9, 199, 94, 0.99]:417 4693 9 334
[0.9060198574508603, 0.4086796622225049, 4, 7, 164, 93, 0.3017037104560614]:991 4119 48 295
[0.9060198574508603, 0.4086796622225049, 4, 7, 164, 93, 0.3017037104560614]:1060 4049 57 286
[0.99, 0.49999999999999994, 3, 6, 499, 99, 0.99]:1592 3518 86 257
[0.99, 0.49999999999999994, 3, 6, 499, 99, 0.99]:1656 3453 84 260
[0.99, 0.49999999999999994, 3, 6, 499, 99, 0.99]:1597 3512 82 262
[0.99, 0.49999999999999994, 3, 6, 499, 99, 0.99]:1708 3401 86 258
[0.99, 0.49999999999999994, 3, 6, 499, 99, 0.99]:1613 3497 73 270
[0.99, 0.49999999999999994, 3, 6, 499, 99, 0.99]:1629 3481 86 257
[0.99, 0.49999999999999994, 3, 6, 499, 99, 0.99]:1702 3408 61 282
[0.99, 0.49999999999999994, 3, 6, 499, 99, 0.99]:1566 3544 83 260
[0.99, 0.49999999999999994, 3, 6, 499, 99, 0.99]:1632 3477 72 272
[0.99, 0.49999999999999994, 3, 6, 499, 99, 0.99]:1655 3454 84 259
[0.010334714118347146, 0.35272277729519425, 14, 8, 193, 100, 0.26319251073439726]:633 4476 26 318
[0.010334714118347146, 0.35272277729519425, 14, 8, 193, 100, 0.26319251073439726]:566 4544 20 323
[0.010334714118347146, 0.35272277729519425, 14, 8, 193, 100, 0.26319251073439726]:572 4538 24 319
[0.010334714118347146, 0.35272277729519425, 14, 8, 193, 100, 0.26319251073439726]:574 4535 19 325
[0.010334714118347146, 0.35272277729519425, 14, 8, 193, 100, 0.26319251073439726]:570 4539 25 319
[0.010334714118347146, 0.35272277729519425, 14, 8, 193, 100, 0.26319251073439726]:606 4504 34 309
[0.010334714118347146, 0.35272277729519425, 14, 8, 193, 100, 0.26319251073439726]:628 4482 22 321
[0.010334714118347146, 0.35272277729519425, 14, 8, 193, 100, 0.26319251073439726]:509 4600 24 320
[0.010334714118347146, 0.35272277729519425, 14, 8, 193, 100, 0.26319251073439726]:596 4514 29 314
[0.010334714118347146, 0.35272277729519425, 14, 8, 193, 100, 0.26319251073439726]:951 4158 37 306
[0.99, 0.005, 15, 5, 484, 20, 0.0458340342667256]:4838 271 280 64
[0.99, 0.005, 15, 5, 484, 20, 0.0458340342667256]:4835 275 305 38
[0.99, 0.005, 15, 5, 484, 20, 0.0458340342667256]:4852 258 291 52
[0.99, 0.005, 15, 5, 484, 20, 0.0458340342667256]:4837 273 287 56
[0.99, 0.005, 15, 5, 484, 20, 0.0458340342667256]:4891 219 293 50
[0.99, 0.005, 15, 5, 484, 20, 0.0458340342667256]:4810 299 295 49
[0.99, 0.005, 15, 5, 484, 20, 0.0458340342667256]:4839 271 280 63
[0.99, 0.005, 15, 5, 484, 20, 0.0458340342667256]:4838 271 296 47
[0.99, 0.005, 15, 5, 484, 20, 0.0458340342667256]:4865 244 296 48
[0.99, 0.005, 15, 5, 484, 20, 0.0458340342667256]:4842 267 296 48
[0.99, 0.005, 15, 10, 499, 21, 0.9274198857582231]:3418 1692 174 169
[0.99, 0.005, 15, 10, 499, 21, 0.9274198857582231]:3389 1721 181 162
[0.99, 0.005, 15, 10, 499, 21, 0.9274198857582231]:3414 1696 175 168
[0.99, 0.005, 15, 10, 499, 21, 0.9274198857582231]:3460 1649 174 170
[0.99, 0.005, 15, 10, 499, 21, 0.9274198857582231]:3512 1597 189 154
[0.99, 0.005, 15, 10, 499, 21, 0.9274198857582231]:3462 1647 200 144
[0.99, 0.005, 15, 10, 499, 21, 0.9274198857582231]:3401 1709 167 176
[0.99, 0.005, 15, 10, 499, 21, 0.9274198857582231]:3440 1669 172 172
[0.99, 0.005, 15, 10, 499, 21, 0.9274198857582231]:3390 1720 175 168
[0.99, 0.005, 15, 10, 499, 21, 0.9274198857582231]:3445 1664 194 150
[0.010349530362702463, 0.006072975840617874, 15, 5, 258, 66, 0.030825269810147958]:0 5109 0 344
[0.010349530362702463, 0.006072975840617874, 15, 5, 258, 66, 0.030825269810147958]:0 5109 0 344
[0.010349530362702463, 0.006072975840617874, 15, 5, 258, 66, 0.030825269810147958]:0 5110 0 343
[0.010349530362702463, 0.006072975840617874, 15, 5, 258, 66, 0.030825269810147958]:0 5110 0 343
[0.010349530362702463, 0.006072975840617874, 15, 5, 258, 66, 0.030825269810147958]:0 5109 0 344
[0.010349530362702463, 0.006072975840617874, 15, 5, 258, 66, 0.030825269810147958]:0 5110 0 343
[0.01, 0.005, 15, 8, 72, 66, 0.01]:0 5109 0 344
[0.01, 0.005, 15, 8, 72, 66, 0.01]:0 5109 0 344
[0.01, 0.005, 15, 8, 72, 66, 0.01]:0 5109 0 344
[0.01, 0.005, 15, 8, 72, 66, 0.01]:0 5110 0 343
[0.01, 0.005, 15, 8, 72, 66, 0.01]:0 5110 0 343
[0.01, 0.005, 15, 8, 72, 66, 0.01]:0 5110 0 343
[0.01, 0.005, 15, 8, 72, 66, 0.01]:0 5110 0 343
[0.01, 0.005, 15, 8, 72, 66, 0.01]:0 5109 0 344
[0.01, 0.005, 15, 8, 72, 66, 0.01]:0 5110 0 343
[0.01, 0.005, 15, 8, 72, 66, 0.01]:0 5109 0 343
[0.010349530362702463, 0.006072975840617874, 15, 5, 258, 66, 0.030825269810147958]:0 5110 0 343
[0.010349530362702463, 0.006072975840617874, 15, 5, 258, 66, 0.030825269810147958]:0 5109 0 343
[0.010349530362702463, 0.006072975840617874, 15, 5, 258, 66, 0.030825269810147958]:0 5109 0 344
[0.010349530362702463, 0.006072975840617874, 15, 5, 258, 66, 0.030825269810147958]:0 5110 0 343
[0.01, 0.005, 3, 7, 375, 65, 0.012195088670090296]:0 5110 0 343
[0.01, 0.005, 3, 7, 375, 65, 0.012195088670090296]:0 5109 0 343
[0.01, 0.005, 3, 7, 375, 65, 0.012195088670090296]:0 5110 0 343
[0.01, 0.005, 3, 7, 375, 65, 0.012195088670090296]:0 5109 0 344
[0.01, 0.005, 3, 7, 375, 65, 0.012195088670090296]:0 5109 0 344
[0.01, 0.005, 3, 7, 375, 65, 0.012195088670090296]:0 5110 0 343
[0.01, 0.005, 3, 7, 375, 65, 0.012195088670090296]:0 5109 0 344
[0.01, 0.005, 3, 7, 375, 65, 0.012195088670090296]:0 5109 0 344
[0.01, 0.005, 3, 7, 375, 65, 0.012195088670090296]:0 5110 0 343
[0.01, 0.005, 3, 7, 375, 65, 0.012195088670090296]:0 5110 0 343
[0.99, 0.36399005884970115, 14, 5, 50, 40, 0.01]:2471 2638 150 193
[0.99, 0.36399005884970115, 14, 5, 50, 40, 0.01]:2081 3028 130 214
[0.99, 0.36399005884970115, 14, 5, 50, 40, 0.01]:1627 3482 90 254
[0.99, 0.36399005884970115, 14, 5, 50, 40, 0.01]:2173 2937 126 217
[0.99, 0.36399005884970115, 14, 5, 50, 40, 0.01]:1839 3271 97 246
[0.99, 0.36399005884970115, 14, 5, 50, 40, 0.01]:2072 3038 122 221
[0.99, 0.36399005884970115, 14, 5, 50, 40, 0.01]:2275 2835 108 235
[0.99, 0.36399005884970115, 14, 5, 50, 40, 0.01]:2548 2561 130 214
[0.99, 0.36399005884970115, 14, 5, 50, 40, 0.01]:2522 2587 160 184
[0.99, 0.36399005884970115, 14, 5, 50, 40, 0.01]:1756 3354 107 236
[0.9889247240576531, 0.4265717757357681, 14, 9, 156, 18, 0.028346958587267903]:2831 2278 145 199
[0.9889247240576531, 0.4265717757357681, 14, 9, 156, 18, 0.028346958587267903]:2937 2173 164 179
[0.9889247240576531, 0.4265717757357681, 14, 9, 156, 18, 0.028346958587267903]:2839 2271 174 169
[0.9889247240576531, 0.4265717757357681, 14, 9, 156, 18, 0.028346958587267903]:2819 2290 158 186
[0.9889247240576531, 0.4265717757357681, 14, 9, 156, 18, 0.028346958587267903]:2854 2255 179 165
[0.9889247240576531, 0.4265717757357681, 14, 9, 156, 18, 0.028346958587267903]:2882 2227 161 183
[0.9889247240576531, 0.4265717757357681, 14, 9, 156, 18, 0.028346958587267903]:2952 2158 167 176
[0.9889247240576531, 0.4265717757357681, 14, 9, 156, 18, 0.028346958587267903]:2899 2210 168 175
[0.8215292832561739, 0.015177078108657475, 15, 5, 99, 41, 0.3174519948909089]:2560 2550 123 220
[0.9889247240576531, 0.4265717757357681, 14, 9, 156, 18, 0.028346958587267903]:2737 2373 161 182
[0.9889247240576531, 0.4265717757357681, 14, 9, 156, 18, 0.028346958587267903]:2897 2213 181 162
[0.8215292832561739, 0.015177078108657475, 15, 5, 99, 41, 0.3174519948909089]:2623 2486 121 223
[0.8215292832561739, 0.015177078108657475, 15, 5, 99, 41, 0.3174519948909089]:2645 2465 121 222
[0.8215292832561739, 0.015177078108657475, 15, 5, 99, 41, 0.3174519948909089]:2606 2503 137 207
[0.8215292832561739, 0.015177078108657475, 15, 5, 99, 41, 0.3174519948909089]:2561 2549 106 237
[0.8215292832561739, 0.015177078108657475, 15, 5, 99, 41, 0.3174519948909089]:2499 2611 111 232
[0.8215292832561739, 0.015177078108657475, 15, 5, 99, 41, 0.3174519948909089]:2591 2518 128 216
[0.8215292832561739, 0.015177078108657475, 15, 5, 99, 41, 0.3174519948909089]:2669 2440 114 230
[0.8215292832561739, 0.015177078108657475, 15, 5, 99, 41, 0.3174519948909089]:2481 2629 119 224
[0.8215292832561739, 0.015177078108657475, 15, 5, 99, 41, 0.3174519948909089]:2778 2331 136 207
[0.99, 0.005, 15, 5, 500, 22, 0.3220660676519903]:4008 1102 221 122
[0.99, 0.005, 15, 5, 500, 22, 0.3220660676519903]:3991 1118 209 135
[0.8271761816054332, 0.00515017310967941, 15, 6, 466, 47, 0.5799303993223824]:2064 3046 77 266
[0.8271761816054332, 0.00515017310967941, 15, 6, 466, 47, 0.5799303993223824]:2088 3021 83 261
[0.8271761816054332, 0.00515017310967941, 15, 6, 466, 47, 0.5799303993223824]:2053 3056 111 233
[0.99, 0.005, 15, 5, 500, 22, 0.3220660676519903]:3988 1121 235 109
[0.99, 0.005, 15, 5, 500, 22, 0.3220660676519903]:4035 1074 233 110
[0.8271761816054332, 0.00515017310967941, 15, 6, 466, 47, 0.5799303993223824]:2120 2989 108 236
[0.99, 0.005, 15, 5, 500, 22, 0.3220660676519903]:3964 1146 207 136
[0.8271761816054332, 0.00515017310967941, 15, 6, 466, 47, 0.5799303993223824]:2060 3050 83 260
[0.8271761816054332, 0.00515017310967941, 15, 6, 466, 47, 0.5799303993223824]:2048 3062 89 254
[0.99, 0.005, 15, 5, 500, 22, 0.3220660676519903]:3976 1133 211 133
[0.8271761816054332, 0.00515017310967941, 15, 6, 466, 47, 0.5799303993223824]:2005 3105 85 258
[0.99, 0.005, 15, 5, 500, 22, 0.3220660676519903]:3989 1121 219 124
[0.99, 0.005, 15, 5, 500, 22, 0.3220660676519903]:3944 1166 206 137
[0.99, 0.005, 15, 5, 500, 22, 0.3220660676519903]:3948 1161 234 110
[0.8271761816054332, 0.00515017310967941, 15, 6, 466, 47, 0.5799303993223824]:2220 2889 111 232
[0.99, 0.005, 15, 5, 500, 22, 0.3220660676519903]:3912 1198 210 133
[0.8271761816054332, 0.00515017310967941, 15, 6, 466, 47, 0.5799303993223824]:2161 2949 93 250
[0.99, 0.005, 15, 5, 500, 22, 0.99]:3375 1735 176 167
[0.8271761816054332, 0.00515017310967941, 15, 6, 466, 47, 0.5799303993223824]:2078 3031 94 250
[0.99, 0.005, 15, 5, 500, 22, 0.99]:3503 1607 175 168
[0.99, 0.005, 15, 5, 500, 22, 0.99]:3433 1676 173 171
[0.99, 0.005, 15, 5, 500, 22, 0.99]:3452 1658 182 161
[0.99, 0.005, 15, 5, 500, 22, 0.99]:3555 1554 210 134
[0.99, 0.005, 15, 5, 500, 22, 0.99]:3425 1685 182 161
[0.99, 0.005, 15, 5, 500, 22, 0.99]:3458 1651 205 139
[0.99, 0.005, 15, 5, 500, 22, 0.99]:3503 1606 195 148
[0.99, 0.005, 15, 5, 500, 22, 0.99]:3518 1591 191 153
[0.99, 0.005, 15, 5, 500, 22, 0.99]:3464 1646 186 157
[0.929716741875681, 0.007634854440924937, 15, 8, 106, 60, 0.018249091126378823]:3887 1222 186 158
[0.929716741875681, 0.007634854440924937, 15, 8, 106, 60, 0.018249091126378823]:4068 1042 196 147
[0.929716741875681, 0.007634854440924937, 15, 8, 106, 60, 0.018249091126378823]:4096 1014 223 120
[0.929716741875681, 0.007634854440924937, 15, 8, 106, 60, 0.018249091126378823]:4082 1028 203 140
[0.929716741875681, 0.007634854440924937, 15, 8, 106, 60, 0.018249091126378823]:3955 1155 200 143
[0.929716741875681, 0.007634854440924937, 15, 8, 106, 60, 0.018249091126378823]:3865 1245 199 144
[0.929716741875681, 0.007634854440924937, 15, 8, 106, 60, 0.018249091126378823]:4002 1107 226 118
[0.929716741875681, 0.007634854440924937, 15, 8, 106, 60, 0.018249091126378823]:3827 1282 194 150
[0.929716741875681, 0.007634854440924937, 15, 8, 106, 60, 0.018249091126378823]:3901 1208 208 135
[0.929716741875681, 0.007634854440924937, 15, 8, 106, 60, 0.018249091126378823]:3925 1184 215 129
[0.99, 0.005, 3, 9, 485, 59, 0.01]:1156 3954 45 298
[0.99, 0.005, 3, 9, 485, 59, 0.01]:1194 3916 36 307
[0.99, 0.005, 3, 9, 485, 59, 0.01]:1121 3988 42 301
[0.99, 0.005, 15, 6, 250, 57, 0.01]:4524 586 246 97
[0.99, 0.005, 3, 9, 485, 59, 0.01]:1245 3864 41 303
[0.99, 0.005, 3, 9, 485, 59, 0.01]:1174 3935 40 304
[0.99, 0.005, 3, 9, 485, 59, 0.01]:1084 4025 34 310
[0.99, 0.005, 3, 9, 485, 59, 0.01]:1230 3879 30 314
[0.99, 0.005, 15, 6, 250, 57, 0.01]:4643 467 249 94
[0.99, 0.005, 3, 9, 485, 59, 0.01]:982 4128 31 312
[0.99, 0.005, 15, 6, 250, 57, 0.01]:4510 600 262 81
[0.99, 0.005, 3, 9, 485, 59, 0.01]:1227 3883 47 296
[0.99, 0.005, 3, 9, 485, 59, 0.01]:1157 3953 33 310
[0.99, 0.005, 15, 6, 250, 57, 0.01]:4598 511 253 91
[0.99, 0.005, 15, 6, 250, 57, 0.01]:4539 570 266 77
[0.99, 0.005, 15, 6, 250, 57, 0.01]:4572 537 254 90
[0.99, 0.005, 15, 6, 250, 57, 0.01]:4568 542 265 78
[0.99, 0.005, 15, 6, 250, 57, 0.01]:4603 507 257 86
[0.99, 0.005, 15, 6, 250, 57, 0.01]:4518 591 258 86
[0.99, 0.005, 15, 6, 250, 57, 0.01]:4575 534 276 68
[0.914023627896026, 0.48393266519022543, 15, 6, 384, 59, 0.014265585813827426]:924 4186 67 276
[0.914023627896026, 0.48393266519022543, 15, 6, 384, 59, 0.014265585813827426]:1280 3829 93 251
[0.914023627896026, 0.48393266519022543, 15, 6, 384, 59, 0.014265585813827426]:1291 3818 86 258
[0.914023627896026, 0.48393266519022543, 15, 6, 384, 59, 0.014265585813827426]:1044 4065 57 286
[0.914023627896026, 0.48393266519022543, 15, 6, 384, 59, 0.014265585813827426]:1430 3680 85 258
[0.914023627896026, 0.48393266519022543, 15, 6, 384, 59, 0.014265585813827426]:1363 3746 93 251
[0.914023627896026, 0.48393266519022543, 15, 6, 384, 59, 0.014265585813827426]:1375 3735 79 264
[0.914023627896026, 0.48393266519022543, 15, 6, 384, 59, 0.014265585813827426]:1704 3405 78 266
[0.914023627896026, 0.48393266519022543, 15, 6, 384, 59, 0.014265585813827426]:1513 3597 80 263
[0.914023627896026, 0.48393266519022543, 15, 6, 384, 59, 0.014265585813827426]:1623 3487 96 247
[0.99, 0.07548404280414785, 15, 6, 204, 58, 0.05814177859430609]:3627 1483 199 144
[0.99, 0.07548404280414785, 15, 6, 204, 58, 0.05814177859430609]:3561 1549 186 157
[0.99, 0.07548404280414785, 15, 6, 204, 58, 0.05814177859430609]:3517 1592 202 142
[0.99, 0.07548404280414785, 15, 6, 204, 58, 0.05814177859430609]:3691 1418 226 118
[0.99, 0.07548404280414785, 15, 6, 204, 58, 0.05814177859430609]:3602 1508 188 155
[0.99, 0.07548404280414785, 15, 6, 204, 58, 0.05814177859430609]:3732 1377 208 136
[0.99, 0.07548404280414785, 15, 6, 204, 58, 0.05814177859430609]:3702 1407 203 141
[0.99, 0.07548404280414785, 15, 6, 204, 58, 0.05814177859430609]:3709 1400 218 125
[0.99, 0.07548404280414785, 15, 6, 204, 58, 0.05814177859430609]:3692 1418 203 140
[0.99, 0.07548404280414785, 15, 6, 204, 58, 0.05814177859430609]:3582 1528 182 161
