[0.266125172606694, 0.017230724093224705, 4, 10, 52, 61, 0.040837932121143804]:0 5112 0 341
[0.266125172606694, 0.017230724093224705, 4, 10, 52, 61, 0.040837932121143804]:0 5111 0 342
[0.266125172606694, 0.017230724093224705, 4, 10, 52, 61, 0.040837932121143804]:0 5111 0 341
[0.266125172606694, 0.017230724093224705, 4, 10, 52, 61, 0.040837932121143804]:0 5111 0 342
[0.266125172606694, 0.017230724093224705, 4, 10, 52, 61, 0.040837932121143804]:0 5112 0 341
[0.266125172606694, 0.017230724093224705, 4, 10, 52, 61, 0.040837932121143804]:0 5112 0 341
[0.266125172606694, 0.017230724093224705, 4, 10, 52, 61, 0.040837932121143804]:0 5112 0 341
[0.266125172606694, 0.017230724093224705, 4, 10, 52, 61, 0.040837932121143804]:0 5111 0 342
[0.266125172606694, 0.017230724093224705, 4, 10, 52, 61, 0.040837932121143804]:0 5111 0 342
[0.266125172606694, 0.017230724093224705, 4, 10, 52, 61, 0.040837932121143804]:0 5111 0 342
[0.02351519883913631, 0.013685010241183305, 10, 8, 152, 38, 0.02464439588868881]:0 5112 0 341
[0.02351519883913631, 0.013685010241183305, 10, 8, 152, 38, 0.02464439588868881]:0 5111 0 342
[0.02351519883913631, 0.013685010241183305, 10, 8, 152, 38, 0.02464439588868881]:0 5111 0 342
[0.02351519883913631, 0.013685010241183305, 10, 8, 152, 38, 0.02464439588868881]:0 5112 0 341
[0.02351519883913631, 0.013685010241183305, 10, 8, 152, 38, 0.02464439588868881]:0 5112 0 341
[0.02351519883913631, 0.013685010241183305, 10, 8, 152, 38, 0.02464439588868881]:0 5111 0 342
[0.02351519883913631, 0.013685010241183305, 10, 8, 152, 38, 0.02464439588868881]:0 5111 0 342
[0.02351519883913631, 0.013685010241183305, 10, 8, 152, 38, 0.02464439588868881]:0 5111 0 342
[0.02351519883913631, 0.013685010241183305, 10, 8, 152, 38, 0.02464439588868881]:0 5112 0 341
[0.02351519883913631, 0.013685010241183305, 10, 8, 152, 38, 0.02464439588868881]:0 5111 0 341
[0.03064116318261841, 0.18670471071312678, 6, 6, 486, 87, 0.010401832042106457]:572 4539 27 315
[0.03064116318261841, 0.18670471071312678, 6, 6, 486, 87, 0.010401832042106457]:571 4541 13 328
[0.03064116318261841, 0.18670471071312678, 6, 6, 486, 87, 0.010401832042106457]:662 4450 24 317
[0.03064116318261841, 0.18670471071312678, 6, 6, 486, 87, 0.010401832042106457]:708 4404 21 320
[0.03064116318261841, 0.18670471071312678, 6, 6, 486, 87, 0.010401832042106457]:486 4626 16 325
[0.03064116318261841, 0.18670471071312678, 6, 6, 486, 87, 0.010401832042106457]:727 4384 29 313
[0.03064116318261841, 0.18670471071312678, 6, 6, 486, 87, 0.010401832042106457]:550 4561 19 323
[0.03064116318261841, 0.18670471071312678, 6, 6, 486, 87, 0.010401832042106457]:523 4588 20 322
[0.03064116318261841, 0.18670471071312678, 6, 6, 486, 87, 0.010401832042106457]:707 4404 35 306
[0.03064116318261841, 0.18670471071312678, 6, 6, 486, 87, 0.010401832042106457]:515 4596 16 326
[0.02804092226012988, 0.13845881597668547, 4, 9, 336, 76, 0.45686712580961847]:38 5074 2 339
[0.4792214636094448, 0.05532578479410805, 4, 7, 275, 2, 0.013048069378757632]:5110 1 342 0
[0.4792214636094448, 0.05532578479410805, 4, 7, 275, 2, 0.013048069378757632]:5111 0 342 0
[0.4792214636094448, 0.05532578479410805, 4, 7, 275, 2, 0.013048069378757632]:5107 4 340 2
[0.02804092226012988, 0.13845881597668547, 4, 9, 336, 76, 0.45686712580961847]:33 5078 1 341
[0.4792214636094448, 0.05532578479410805, 4, 7, 275, 2, 0.013048069378757632]:5111 0 342 0
[0.02804092226012988, 0.13845881597668547, 4, 9, 336, 76, 0.45686712580961847]:39 5072 0 342
[0.02804092226012988, 0.13845881597668547, 4, 9, 336, 76, 0.45686712580961847]:26 5085 0 342
[0.02804092226012988, 0.13845881597668547, 4, 9, 336, 76, 0.45686712580961847]:76 5035 2 339
[0.02804092226012988, 0.13845881597668547, 4, 9, 336, 76, 0.45686712580961847]:24 5088 1 340
[0.4792214636094448, 0.05532578479410805, 4, 7, 275, 2, 0.013048069378757632]:5105 7 339 2
[0.4792214636094448, 0.05532578479410805, 4, 7, 275, 2, 0.013048069378757632]:5108 3 338 3
[0.4792214636094448, 0.05532578479410805, 4, 7, 275, 2, 0.013048069378757632]:5109 2 342 0
[0.4792214636094448, 0.05532578479410805, 4, 7, 275, 2, 0.013048069378757632]:5110 2 340 1
[0.02804092226012988, 0.13845881597668547, 4, 9, 336, 76, 0.45686712580961847]:37 5074 2 340
[0.02804092226012988, 0.13845881597668547, 4, 9, 336, 76, 0.45686712580961847]:45 5066 1 341
[0.4792214636094448, 0.05532578479410805, 4, 7, 275, 2, 0.013048069378757632]:5108 4 339 2
[0.4792214636094448, 0.05532578479410805, 4, 7, 275, 2, 0.013048069378757632]:5110 2 338 3
[0.02804092226012988, 0.13845881597668547, 4, 9, 336, 76, 0.45686712580961847]:45 5067 1 340
[0.02804092226012988, 0.13845881597668547, 4, 9, 336, 76, 0.45686712580961847]:33 5079 1 340
[0.10268341796526545, 0.020693613496774232, 8, 7, 468, 78, 0.1222647928588799]:0 5112 0 341
[0.10268341796526545, 0.020693613496774232, 8, 7, 468, 78, 0.1222647928588799]:0 5112 0 341
[0.10268341796526545, 0.020693613496774232, 8, 7, 468, 78, 0.1222647928588799]:0 5111 0 342
[0.10268341796526545, 0.020693613496774232, 8, 7, 468, 78, 0.1222647928588799]:0 5111 0 342
[0.10268341796526545, 0.020693613496774232, 8, 7, 468, 78, 0.1222647928588799]:0 5112 0 341
[0.10268341796526545, 0.020693613496774232, 8, 7, 468, 78, 0.1222647928588799]:0 5111 0 341
[0.10268341796526545, 0.020693613496774232, 8, 7, 468, 78, 0.1222647928588799]:0 5112 0 341
[0.10268341796526545, 0.020693613496774232, 8, 7, 468, 78, 0.1222647928588799]:0 5111 0 342
[0.10268341796526545, 0.020693613496774232, 8, 7, 468, 78, 0.1222647928588799]:2 5109 0 342
[0.10268341796526545, 0.020693613496774232, 8, 7, 468, 78, 0.1222647928588799]:0 5111 0 342
[0.02712977299476448, 0.005929718172290833, 4, 10, 53, 81, 0.6173795754268836]:0 5111 0 342
[0.02712977299476448, 0.005929718172290833, 4, 10, 53, 81, 0.6173795754268836]:0 5111 0 342
[0.02712977299476448, 0.005929718172290833, 4, 10, 53, 81, 0.6173795754268836]:0 5112 0 341
[0.02712977299476448, 0.005929718172290833, 4, 10, 53, 81, 0.6173795754268836]:0 5111 0 342
[0.02712977299476448, 0.005929718172290833, 4, 10, 53, 81, 0.6173795754268836]:0 5111 0 342
[0.02712977299476448, 0.005929718172290833, 4, 10, 53, 81, 0.6173795754268836]:0 5112 0 341
[0.02712977299476448, 0.005929718172290833, 4, 10, 53, 81, 0.6173795754268836]:0 5112 0 341
[0.02712977299476448, 0.005929718172290833, 4, 10, 53, 81, 0.6173795754268836]:0 5112 0 341
[0.02712977299476448, 0.005929718172290833, 4, 10, 53, 81, 0.6173795754268836]:0 5111 0 342
[0.02712977299476448, 0.005929718172290833, 4, 10, 53, 81, 0.6173795754268836]:0 5111 0 341
[0.7842481586171475, 0.08135298345423292, 14, 10, 128, 92, 0.010227044356340404]:1905 3207 94 247
[0.7842481586171475, 0.08135298345423292, 14, 10, 128, 92, 0.010227044356340404]:2113 2998 103 239
[0.7842481586171475, 0.08135298345423292, 14, 10, 128, 92, 0.010227044356340404]:1976 3135 94 248
[0.7842481586171475, 0.08135298345423292, 14, 10, 128, 92, 0.010227044356340404]:1996 3115 102 240
[0.7842481586171475, 0.08135298345423292, 14, 10, 128, 92, 0.010227044356340404]:2076 3036 97 244
[0.3546705639438968, 0.02456323098094191, 8, 8, 264, 80, 0.012877683839097787]:779 4332 26 316
[0.7842481586171475, 0.08135298345423292, 14, 10, 128, 92, 0.010227044356340404]:1784 3327 78 264
[0.7842481586171475, 0.08135298345423292, 14, 10, 128, 92, 0.010227044356340404]:2161 2950 98 244
[0.3546705639438968, 0.02456323098094191, 8, 8, 264, 80, 0.012877683839097787]:1033 4078 33 309
[0.3546705639438968, 0.02456323098094191, 8, 8, 264, 80, 0.012877683839097787]:933 4179 27 314
[0.7842481586171475, 0.08135298345423292, 14, 10, 128, 92, 0.010227044356340404]:2322 2789 119 222
[0.7842481586171475, 0.08135298345423292, 14, 10, 128, 92, 0.010227044356340404]:2158 2954 89 252
[0.3546705639438968, 0.02456323098094191, 8, 8, 264, 80, 0.012877683839097787]:785 4327 26 315
[0.3546705639438968, 0.02456323098094191, 8, 8, 264, 80, 0.012877683839097787]:1007 4105 28 313
[0.7842481586171475, 0.08135298345423292, 14, 10, 128, 92, 0.010227044356340404]:2152 2960 105 236
[0.3546705639438968, 0.02456323098094191, 8, 8, 264, 80, 0.012877683839097787]:1046 4065 39 303
[0.3546705639438968, 0.02456323098094191, 8, 8, 264, 80, 0.012877683839097787]:992 4119 27 315
[0.3546705639438968, 0.02456323098094191, 8, 8, 264, 80, 0.012877683839097787]:906 4206 30 311
[0.3546705639438968, 0.02456323098094191, 8, 8, 264, 80, 0.012877683839097787]:875 4236 19 322
[0.3546705639438968, 0.02456323098094191, 8, 8, 264, 80, 0.012877683839097787]:948 4163 33 309
[0.01, 0.49999999999999994, 15, 10, 96, 23, 0.01]:2551 2561 118 223
[0.01, 0.49999999999999994, 15, 10, 96, 23, 0.01]:2424 2687 113 229
[0.01, 0.49999999999999994, 15, 10, 96, 23, 0.01]:2261 2851 118 223
[0.01, 0.49999999999999994, 15, 10, 96, 23, 0.01]:2144 2967 110 232
[0.01, 0.49999999999999994, 15, 10, 96, 23, 0.01]:2113 2998 117 225
[0.99, 0.005, 15, 10, 50, 51, 0.01]:3694 1418 200 141
[0.01, 0.49999999999999994, 15, 10, 96, 23, 0.01]:2144 2967 105 237
[0.99, 0.005, 15, 10, 50, 51, 0.01]:3769 1342 175 167
[0.01, 0.49999999999999994, 15, 10, 96, 23, 0.01]:2346 2766 139 202
[0.99, 0.005, 15, 10, 50, 51, 0.01]:3916 1196 197 144
[0.01, 0.49999999999999994, 15, 10, 96, 23, 0.01]:1699 3413 88 253
[0.99, 0.005, 15, 10, 50, 51, 0.01]:3719 1392 180 162
[0.01, 0.49999999999999994, 15, 10, 96, 23, 0.01]:2502 2609 125 217
[0.99, 0.005, 15, 10, 50, 51, 0.01]:3813 1298 202 140
[0.01, 0.49999999999999994, 15, 10, 96, 23, 0.01]:2743 2368 147 194
[0.99, 0.005, 15, 10, 50, 51, 0.01]:3815 1296 199 143
[0.99, 0.005, 15, 10, 50, 51, 0.01]:3768 1343 176 166
[0.99, 0.005, 15, 10, 50, 51, 0.01]:3589 1522 192 149
[0.99, 0.005, 15, 10, 50, 51, 0.01]:3877 1235 187 154
[0.99, 0.005, 15, 10, 50, 51, 0.01]:3730 1382 192 149
[0.40199021180958494, 0.009959510189141743, 14, 7, 169, 23, 0.4342555282216407]:2001 3110 85 257
[0.40199021180958494, 0.009959510189141743, 14, 7, 169, 23, 0.4342555282216407]:1895 3216 66 276
[0.40199021180958494, 0.009959510189141743, 14, 7, 169, 23, 0.4342555282216407]:1954 3157 75 267
[0.40199021180958494, 0.009959510189141743, 14, 7, 169, 23, 0.4342555282216407]:1977 3134 64 278
[0.40199021180958494, 0.009959510189141743, 14, 7, 169, 23, 0.4342555282216407]:2222 2889 98 243
[0.40199021180958494, 0.009959510189141743, 14, 7, 169, 23, 0.4342555282216407]:1967 3145 77 264
[0.40199021180958494, 0.009959510189141743, 14, 7, 169, 23, 0.4342555282216407]:1976 3135 91 251
[0.40199021180958494, 0.009959510189141743, 14, 7, 169, 23, 0.4342555282216407]:2017 3095 81 260
[0.40199021180958494, 0.009959510189141743, 14, 7, 169, 23, 0.4342555282216407]:1931 3181 68 273
[0.40199021180958494, 0.009959510189141743, 14, 7, 169, 23, 0.4342555282216407]:1925 3187 68 273
[0.99, 0.1301850974645629, 15, 8, 69, 48, 0.99]:3044 2067 163 179
[0.99, 0.1301850974645629, 15, 8, 69, 48, 0.99]:3089 2022 149 193
[0.99, 0.49999999999999994, 3, 5, 500, 100, 0.01]:0 5112 0 341
[0.99, 0.49999999999999994, 3, 5, 500, 100, 0.01]:1206 3905 57 285
[0.99, 0.1301850974645629, 15, 8, 69, 48, 0.99]:2998 2114 163 178
[0.99, 0.1301850974645629, 15, 8, 69, 48, 0.99]:2997 2114 164 178
[0.99, 0.1301850974645629, 15, 8, 69, 48, 0.99]:3117 1995 181 160
[0.99, 0.49999999999999994, 3, 5, 500, 100, 0.01]:688 4423 43 299
[0.99, 0.1301850974645629, 15, 8, 69, 48, 0.99]:3218 1893 188 153
[0.99, 0.1301850974645629, 15, 8, 69, 48, 0.99]:3024 2088 168 173
[0.99, 0.49999999999999994, 3, 5, 500, 100, 0.01]:841 4271 29 312
[0.99, 0.49999999999999994, 3, 5, 500, 100, 0.01]:898 4214 36 305
[0.99, 0.49999999999999994, 3, 5, 500, 100, 0.01]:934 4177 42 300
[0.99, 0.49999999999999994, 3, 5, 500, 100, 0.01]:679 4432 39 302
[0.99, 0.49999999999999994, 3, 5, 500, 100, 0.01]:804 4308 54 287
[0.99, 0.1301850974645629, 15, 8, 69, 48, 0.99]:3084 2027 189 153
[0.99, 0.1301850974645629, 15, 8, 69, 48, 0.99]:3039 2073 155 186
[0.99, 0.49999999999999994, 3, 5, 500, 100, 0.01]:895 4216 48 294
[0.99, 0.1301850974645629, 15, 8, 69, 48, 0.99]:3115 1996 185 157
[0.99, 0.49999999999999994, 3, 5, 500, 100, 0.01]:962 4149 41 301
[0.99, 0.49999999999999994, 15, 10, 500, 39, 0.01]:1503 3609 73 268
[0.99, 0.49999999999999994, 15, 10, 500, 39, 0.01]:2498 2614 135 206
[0.99, 0.49999999999999994, 15, 10, 500, 39, 0.01]:1813 3298 79 263
[0.99, 0.49999999999999994, 15, 10, 500, 39, 0.01]:2090 3022 109 232
[0.99, 0.49999999999999994, 15, 10, 500, 39, 0.01]:1817 3294 115 227
[0.99, 0.49999999999999994, 15, 10, 500, 39, 0.01]:2252 2859 141 200
[0.99, 0.49999999999999994, 15, 10, 500, 39, 0.01]:1953 3158 106 236
[0.99, 0.49999999999999994, 15, 10, 500, 39, 0.01]:1593 3518 81 261
[0.99, 0.49999999999999994, 15, 10, 500, 39, 0.01]:1665 3447 82 259
[0.99, 0.49999999999999994, 15, 10, 500, 39, 0.01]:2071 3040 100 242
[0.99, 0.005, 15, 10, 50, 1, 0.01]:5112 0 341 0
[0.99, 0.005, 15, 10, 50, 1, 0.01]:5112 0 341 0
[0.99, 0.005, 15, 10, 50, 1, 0.01]:5111 0 342 0
[0.99, 0.005, 15, 10, 50, 1, 0.01]:5111 0 341 0
[0.99, 0.005, 15, 10, 50, 1, 0.01]:5112 0 341 0
[0.99, 0.005, 15, 10, 50, 1, 0.01]:5112 0 341 0
[0.99, 0.005, 15, 10, 50, 1, 0.01]:5111 0 342 0
[0.99, 0.005, 15, 10, 50, 1, 0.01]:5111 0 342 0
[0.99, 0.005, 15, 10, 50, 1, 0.01]:5111 0 342 0
[0.99, 0.005, 15, 10, 50, 1, 0.01]:5111 0 342 0
[0.11743760722175305, 0.006242114544685456, 15, 6, 469, 2, 0.010574999776346837]:5112 0 341 0
[0.11743760722175305, 0.006242114544685456, 15, 6, 469, 2, 0.010574999776346837]:5111 0 341 0
[0.11743760722175305, 0.006242114544685456, 15, 6, 469, 2, 0.010574999776346837]:5112 0 341 0
[0.11743760722175305, 0.006242114544685456, 15, 6, 469, 2, 0.010574999776346837]:5111 0 342 0
[0.11743760722175305, 0.006242114544685456, 15, 6, 469, 2, 0.010574999776346837]:5112 0 341 0
[0.11743760722175305, 0.006242114544685456, 15, 6, 469, 2, 0.010574999776346837]:5112 0 341 0
[0.11743760722175305, 0.006242114544685456, 15, 6, 469, 2, 0.010574999776346837]:5111 0 342 0
[0.11743760722175305, 0.006242114544685456, 15, 6, 469, 2, 0.010574999776346837]:5111 0 342 0
[0.01, 0.005, 15, 5, 500, 23, 0.01]:15 5096 0 341
[0.11743760722175305, 0.006242114544685456, 15, 6, 469, 2, 0.010574999776346837]:5111 0 342 0
[0.11743760722175305, 0.006242114544685456, 15, 6, 469, 2, 0.010574999776346837]:5111 0 342 0
[0.01, 0.005, 15, 5, 500, 23, 0.01]:31 5080 0 342
[0.01, 0.005, 15, 5, 500, 23, 0.01]:37 5074 1 341
[0.01, 0.005, 15, 5, 500, 23, 0.01]:17 5095 1 340
[0.01, 0.005, 15, 5, 500, 23, 0.01]:29 5082 0 342
[0.01, 0.005, 15, 5, 500, 23, 0.01]:6 5105 0 342
[0.01, 0.005, 15, 5, 500, 23, 0.01]:23 5089 0 341
[0.01, 0.005, 15, 5, 500, 23, 0.01]:10 5102 0 341
[0.01, 0.005, 15, 5, 500, 23, 0.01]:9 5102 0 342
[0.01, 0.005, 15, 5, 500, 23, 0.01]:13 5099 0 341
[0.06820614800942731, 0.005, 15, 6, 88, 96, 0.99]:0 5111 0 342
[0.06820614800942731, 0.005, 15, 6, 88, 96, 0.99]:0 5112 0 341
[0.06820614800942731, 0.005, 15, 6, 88, 96, 0.99]:0 5112 0 341
[0.06820614800942731, 0.005, 15, 6, 88, 96, 0.99]:0 5112 0 341
[0.06820614800942731, 0.005, 15, 6, 88, 96, 0.99]:0 5111 0 342
[0.06820614800942731, 0.005, 15, 6, 88, 96, 0.99]:0 5111 0 342
[0.06820614800942731, 0.005, 15, 6, 88, 96, 0.99]:0 5111 0 342
[0.06820614800942731, 0.005, 15, 6, 88, 96, 0.99]:0 5112 0 341
[0.06820614800942731, 0.005, 15, 6, 88, 96, 0.99]:0 5111 0 341
[0.06820614800942731, 0.005, 15, 6, 88, 96, 0.99]:0 5111 0 342
[0.09174254751252382, 0.053341380307352915, 3, 5, 280, 50, 0.01]:40 5072 0 341
[0.09174254751252382, 0.053341380307352915, 3, 5, 280, 50, 0.01]:334 4777 8 333
[0.09174254751252382, 0.053341380307352915, 3, 5, 280, 50, 0.01]:89 5022 0 342
[0.09174254751252382, 0.053341380307352915, 3, 5, 280, 50, 0.01]:58 5054 0 341
[0.09174254751252382, 0.053341380307352915, 3, 5, 280, 50, 0.01]:58 5053 1 341
[0.09174254751252382, 0.053341380307352915, 3, 5, 280, 50, 0.01]:218 4893 6 336
[0.09174254751252382, 0.053341380307352915, 3, 5, 280, 50, 0.01]:85 5026 4 338
[0.09174254751252382, 0.053341380307352915, 3, 5, 280, 50, 0.01]:126 4985 3 339
[0.09174254751252382, 0.053341380307352915, 3, 5, 280, 50, 0.01]:66 5046 1 340
[0.09174254751252382, 0.053341380307352915, 3, 5, 280, 50, 0.01]:7 5105 0 341
[0.4039224713624027, 0.49999999999999994, 5, 9, 206, 29, 0.99]:2223 2889 112 229
[0.4039224713624027, 0.49999999999999994, 5, 9, 206, 29, 0.99]:2283 2828 105 237
[0.4039224713624027, 0.49999999999999994, 5, 9, 206, 29, 0.99]:2260 2851 97 245
[0.4039224713624027, 0.49999999999999994, 5, 9, 206, 29, 0.99]:2279 2832 111 231
[0.4039224713624027, 0.49999999999999994, 5, 9, 206, 29, 0.99]:2261 2851 101 240
[0.4039224713624027, 0.49999999999999994, 5, 9, 206, 29, 0.99]:2241 2870 100 242
[0.4039224713624027, 0.49999999999999994, 5, 9, 206, 29, 0.99]:2191 2920 109 233
[0.4039224713624027, 0.49999999999999994, 5, 9, 206, 29, 0.99]:2182 2930 97 244
[0.4039224713624027, 0.49999999999999994, 5, 9, 206, 29, 0.99]:2242 2870 108 233
[0.4039224713624027, 0.49999999999999994, 5, 9, 206, 29, 0.99]:2333 2778 101 240
[0.07628780555084291, 0.005, 15, 5, 50, 53, 0.01]:0 5112 0 341
[0.136564468679136, 0.49999999999999994, 15, 10, 50, 54, 0.01]:1063 4049 56 285
[0.07628780555084291, 0.005, 15, 5, 50, 53, 0.01]:0 5112 0 341
[0.07628780555084291, 0.005, 15, 5, 50, 53, 0.01]:0 5112 0 341
[0.07628780555084291, 0.005, 15, 5, 50, 53, 0.01]:0 5111 0 342
[0.07628780555084291, 0.005, 15, 5, 50, 53, 0.01]:0 5111 0 342
[0.07628780555084291, 0.005, 15, 5, 50, 53, 0.01]:0 5112 0 341
[0.136564468679136, 0.49999999999999994, 15, 10, 50, 54, 0.01]:1303 3808 66 276
[0.07628780555084291, 0.005, 15, 5, 50, 53, 0.01]:0 5111 0 342
[0.07628780555084291, 0.005, 15, 5, 50, 53, 0.01]:0 5111 0 341
[0.07628780555084291, 0.005, 15, 5, 50, 53, 0.01]:0 5111 0 342
[0.07628780555084291, 0.005, 15, 5, 50, 53, 0.01]:0 5111 0 342
[0.136564468679136, 0.49999999999999994, 15, 10, 50, 54, 0.01]:1246 3865 60 282
[0.136564468679136, 0.49999999999999994, 15, 10, 50, 54, 0.01]:963 4148 50 292
[0.136564468679136, 0.49999999999999994, 15, 10, 50, 54, 0.01]:825 4287 42 299
[0.136564468679136, 0.49999999999999994, 15, 10, 50, 54, 0.01]:1623 3488 100 241
[0.136564468679136, 0.49999999999999994, 15, 10, 50, 54, 0.01]:1257 3855 63 278
[0.136564468679136, 0.49999999999999994, 15, 10, 50, 54, 0.01]:1516 3596 80 261
[0.136564468679136, 0.49999999999999994, 15, 10, 50, 54, 0.01]:1361 3750 71 271
[0.136564468679136, 0.49999999999999994, 15, 10, 50, 54, 0.01]:1036 4075 46 296
[0.7718277834980055, 0.12359930363745691, 15, 10, 500, 55, 0.01]:2659 2452 133 209
[0.7718277834980055, 0.12359930363745691, 15, 10, 500, 55, 0.01]:2475 2636 129 213
[0.7718277834980055, 0.12359930363745691, 15, 10, 500, 55, 0.01]:2300 2812 129 212
[0.7718277834980055, 0.12359930363745691, 15, 10, 500, 55, 0.01]:2607 2505 151 190
[0.7718277834980055, 0.12359930363745691, 15, 10, 500, 55, 0.01]:2635 2476 123 219
[0.7718277834980055, 0.12359930363745691, 15, 10, 500, 55, 0.01]:2286 2825 129 213
[0.7718277834980055, 0.12359930363745691, 15, 10, 500, 55, 0.01]:2174 2937 119 223
[0.7718277834980055, 0.12359930363745691, 15, 10, 500, 55, 0.01]:2447 2665 136 205
[0.7718277834980055, 0.12359930363745691, 15, 10, 500, 55, 0.01]:2491 2621 153 188
[0.7718277834980055, 0.12359930363745691, 15, 10, 500, 55, 0.01]:2318 2793 133 208
[0.01177186046740513, 0.1303328825254042, 7, 10, 73, 100, 0.10009800987969332]:0 5111 0 342
[0.01177186046740513, 0.1303328825254042, 7, 10, 73, 100, 0.10009800987969332]:0 5112 0 341
[0.01177186046740513, 0.1303328825254042, 7, 10, 73, 100, 0.10009800987969332]:2 5110 0 341
[0.01177186046740513, 0.1303328825254042, 7, 10, 73, 100, 0.10009800987969332]:1 5110 0 342
[0.01177186046740513, 0.1303328825254042, 7, 10, 73, 100, 0.10009800987969332]:0 5112 0 341
[0.01177186046740513, 0.1303328825254042, 7, 10, 73, 100, 0.10009800987969332]:4 5108 0 341
[0.01177186046740513, 0.1303328825254042, 7, 10, 73, 100, 0.10009800987969332]:0 5111 0 342
[0.01177186046740513, 0.1303328825254042, 7, 10, 73, 100, 0.10009800987969332]:0 5111 0 341
[0.01177186046740513, 0.1303328825254042, 7, 10, 73, 100, 0.10009800987969332]:0 5111 0 342
[0.01177186046740513, 0.1303328825254042, 7, 10, 73, 100, 0.10009800987969332]:2 5109 0 342
[0.99, 0.005, 5, 10, 88, 27, 0.01]:3794 1317 183 159
[0.99, 0.005, 5, 10, 88, 27, 0.01]:3743 1368 179 163
[0.99, 0.005, 5, 10, 88, 27, 0.01]:3836 1275 200 142
[0.99, 0.005, 5, 10, 88, 27, 0.01]:3681 1431 192 149
[0.99, 0.005, 5, 10, 88, 27, 0.01]:3720 1391 187 155
[0.99, 0.005, 5, 10, 88, 27, 0.01]:3729 1382 171 171
[0.99, 0.005, 5, 10, 88, 27, 0.01]:3582 1529 195 146
[0.99, 0.005, 5, 10, 88, 27, 0.01]:3793 1319 195 146
[0.99, 0.005, 5, 10, 88, 27, 0.01]:3969 1143 201 140
[0.99, 0.005, 5, 10, 88, 27, 0.01]:3672 1440 192 149
[0.99, 0.005, 3, 10, 165, 47, 0.01]:1185 3926 40 302
[0.99, 0.005, 3, 10, 165, 47, 0.01]:1303 3809 42 299
[0.99, 0.005, 3, 10, 165, 47, 0.01]:1103 4008 30 312
[0.99, 0.005, 3, 10, 165, 47, 0.01]:1324 3787 38 304
[0.99, 0.005, 3, 10, 165, 47, 0.01]:1404 3707 63 278
[0.99, 0.005, 3, 10, 165, 47, 0.01]:1399 3713 43 298
[0.99, 0.005, 3, 10, 165, 47, 0.01]:1161 3951 43 298
[0.99, 0.005, 3, 10, 165, 47, 0.01]:1139 3973 35 306
[0.99, 0.005, 3, 10, 165, 47, 0.01]:1283 3828 58 284
[0.99, 0.005, 3, 10, 165, 47, 0.01]:1216 3895 41 301
[0.99, 0.005, 12, 10, 50, 27, 0.01]:4344 768 235 106
[0.99, 0.005, 12, 10, 50, 27, 0.01]:4249 862 236 106
[0.99, 0.005, 15, 5, 50, 30, 0.01]:4890 222 293 48
[0.99, 0.005, 12, 10, 50, 27, 0.01]:4212 899 218 124
[0.99, 0.005, 12, 10, 50, 27, 0.01]:4236 876 229 112
[0.99, 0.005, 15, 5, 50, 30, 0.01]:4983 129 301 40
[0.99, 0.005, 12, 10, 50, 27, 0.01]:4490 622 250 91
[0.99, 0.005, 12, 10, 50, 27, 0.01]:4113 999 218 123
[0.99, 0.005, 15, 5, 50, 30, 0.01]:4933 178 303 39
[0.99, 0.005, 12, 10, 50, 27, 0.01]:4334 777 237 105
[0.99, 0.005, 12, 10, 50, 27, 0.01]:4210 901 219 123
[0.99, 0.005, 15, 5, 50, 30, 0.01]:4923 188 310 31
[0.99, 0.005, 12, 10, 50, 27, 0.01]:4258 853 239 103
[0.99, 0.005, 12, 10, 50, 27, 0.01]:4218 893 238 103
[0.99, 0.005, 15, 5, 50, 30, 0.01]:4969 142 314 28
[0.99, 0.005, 15, 5, 50, 30, 0.01]:4925 186 302 40
[0.99, 0.005, 15, 5, 50, 30, 0.01]:4932 180 298 43
[0.99, 0.005, 15, 5, 50, 30, 0.01]:4852 260 289 52
[0.99, 0.005, 15, 5, 50, 30, 0.01]:4952 159 302 40
[0.99, 0.005, 15, 5, 50, 30, 0.01]:4885 226 299 43
[0.9528795401148273, 0.03431838913322336, 12, 9, 468, 28, 0.011894767951106649]:3890 1222 213 128
[0.9528795401148273, 0.03431838913322336, 12, 9, 468, 28, 0.011894767951106649]:3884 1227 203 139
[0.9528795401148273, 0.03431838913322336, 12, 9, 468, 28, 0.011894767951106649]:3900 1211 212 130
[0.9528795401148273, 0.03431838913322336, 12, 9, 468, 28, 0.011894767951106649]:3984 1128 230 111
[0.9528795401148273, 0.03431838913322336, 12, 9, 468, 28, 0.011894767951106649]:3983 1128 214 128
[0.9528795401148273, 0.03431838913322336, 12, 9, 468, 28, 0.011894767951106649]:3961 1150 218 123
[0.9528795401148273, 0.03431838913322336, 12, 9, 468, 28, 0.011894767951106649]:4000 1112 210 131
[0.9528795401148273, 0.03431838913322336, 12, 9, 468, 28, 0.011894767951106649]:3954 1157 207 135
[0.9528795401148273, 0.03431838913322336, 12, 9, 468, 28, 0.011894767951106649]:3855 1256 224 118
[0.9528795401148273, 0.03431838913322336, 12, 9, 468, 28, 0.011894767951106649]:3983 1129 222 119
[0.99, 0.005, 3, 10, 50, 26, 0.99]:1432 3680 40 301
[0.99, 0.005, 3, 10, 50, 26, 0.99]:1385 3727 48 293
[0.99, 0.005, 3, 10, 50, 26, 0.99]:1246 3865 45 297
[0.99, 0.005, 3, 10, 50, 26, 0.99]:1372 3739 40 302
[0.99, 0.005, 3, 10, 50, 26, 0.99]:1397 3715 45 296
[0.99, 0.005, 3, 10, 50, 26, 0.99]:1468 3644 43 298
[0.99, 0.005, 3, 10, 50, 26, 0.99]:1453 3658 57 285
[0.99, 0.005, 3, 10, 50, 26, 0.99]:1413 3698 46 296
[0.99, 0.005, 3, 10, 50, 26, 0.99]:1451 3660 47 295
[0.99, 0.005, 3, 10, 50, 26, 0.99]:1385 3726 51 290
[0.99, 0.49999999999999994, 6, 10, 55, 15, 0.45650258601872973]:3457 1654 212 130
[0.99, 0.49999999999999994, 6, 10, 55, 15, 0.45650258601872973]:3468 1644 177 164
[0.99, 0.49999999999999994, 6, 10, 55, 15, 0.45650258601872973]:3488 1624 186 155
[0.99, 0.49999999999999994, 6, 10, 55, 15, 0.45650258601872973]:3421 1690 181 161
[0.99, 0.49999999999999994, 6, 10, 55, 15, 0.45650258601872973]:3471 1640 178 164
[0.99, 0.49999999999999994, 6, 10, 55, 15, 0.45650258601872973]:3484 1627 187 155
[0.99, 0.49999999999999994, 6, 10, 55, 15, 0.45650258601872973]:3429 1683 201 140
[0.99, 0.49999999999999994, 6, 10, 55, 15, 0.45650258601872973]:3398 1714 173 168
[0.99, 0.49999999999999994, 6, 10, 55, 15, 0.45650258601872973]:3462 1649 190 152
[0.99, 0.49999999999999994, 6, 10, 55, 15, 0.45650258601872973]:3468 1643 192 149
[0.8408000846305846, 0.007604746092539422, 8, 10, 329, 18, 0.018450804557581538]:4331 780 244 98
[0.8408000846305846, 0.007604746092539422, 8, 10, 329, 18, 0.018450804557581538]:4458 654 235 106
[0.8408000846305846, 0.007604746092539422, 8, 10, 329, 18, 0.018450804557581538]:4362 749 235 107
[0.8408000846305846, 0.007604746092539422, 8, 10, 329, 18, 0.018450804557581538]:4378 733 225 117
[0.8408000846305846, 0.007604746092539422, 8, 10, 329, 18, 0.018450804557581538]:4394 718 240 101
[0.8408000846305846, 0.007604746092539422, 8, 10, 329, 18, 0.018450804557581538]:4501 610 256 85
[0.8408000846305846, 0.007604746092539422, 8, 10, 329, 18, 0.018450804557581538]:4384 728 236 105
[0.8408000846305846, 0.007604746092539422, 8, 10, 329, 18, 0.018450804557581538]:4400 711 225 117
[0.8408000846305846, 0.007604746092539422, 8, 10, 329, 18, 0.018450804557581538]:4439 672 239 103
[0.8408000846305846, 0.007604746092539422, 8, 10, 329, 18, 0.018450804557581538]:4392 720 239 102
[0.99, 0.014055308333299031, 15, 10, 50, 19, 0.01]:4704 407 264 78
[0.99, 0.014055308333299031, 15, 10, 50, 19, 0.01]:4678 434 274 67
[0.99, 0.014055308333299031, 15, 10, 50, 19, 0.01]:4552 560 261 80
[0.99, 0.014055308333299031, 15, 10, 50, 19, 0.01]:4552 560 256 85
[0.99, 0.014055308333299031, 15, 10, 50, 19, 0.01]:4657 455 258 83
[0.99, 0.014055308333299031, 15, 10, 50, 19, 0.01]:4697 414 277 65
[0.99, 0.014055308333299031, 15, 10, 50, 19, 0.01]:4579 532 278 63
[0.99, 0.014055308333299031, 15, 10, 50, 19, 0.01]:4571 540 269 73
[0.99, 0.014055308333299031, 15, 10, 50, 19, 0.01]:4636 475 259 83
[0.99, 0.014055308333299031, 15, 10, 50, 19, 0.01]:4540 571 264 78
[0.99, 0.07827702177512937, 12, 5, 276, 19, 0.01]:4071 1041 251 90
[0.99, 0.07827702177512937, 12, 5, 276, 19, 0.01]:4055 1057 236 105
[0.99, 0.07827702177512937, 12, 5, 276, 19, 0.01]:4129 982 252 90
[0.99, 0.07827702177512937, 12, 5, 276, 19, 0.01]:3957 1154 232 110
[0.99, 0.18414492415291314, 11, 10, 500, 20, 0.01]:3161 1950 176 166
[0.99, 0.07827702177512937, 12, 5, 276, 19, 0.01]:3955 1156 237 105
[0.99, 0.07827702177512937, 12, 5, 276, 19, 0.01]:3970 1142 232 109
[0.99, 0.07827702177512937, 12, 5, 276, 19, 0.01]:3964 1148 243 98
[0.99, 0.18414492415291314, 11, 10, 500, 20, 0.01]:2905 2206 170 172
[0.99, 0.07827702177512937, 12, 5, 276, 19, 0.01]:3940 1171 223 119
[0.99, 0.18414492415291314, 11, 10, 500, 20, 0.01]:2915 2196 164 178
[0.99, 0.18414492415291314, 11, 10, 500, 20, 0.01]:3022 2090 192 149
[0.99, 0.18414492415291314, 11, 10, 500, 20, 0.01]:3094 2017 179 163
[0.99, 0.18414492415291314, 11, 10, 500, 20, 0.01]:3004 2107 174 168
[0.99, 0.07827702177512937, 12, 5, 276, 19, 0.01]:3958 1153 226 116
[0.99, 0.18414492415291314, 11, 10, 500, 20, 0.01]:3044 2067 171 170
[0.99, 0.18414492415291314, 11, 10, 500, 20, 0.01]:3118 1994 182 159
[0.99, 0.18414492415291314, 11, 10, 500, 20, 0.01]:2944 2168 155 186
[0.99, 0.07827702177512937, 12, 5, 276, 19, 0.01]:3923 1188 229 112
[0.99, 0.18414492415291314, 11, 10, 500, 20, 0.01]:3113 1999 171 170
[0.99, 0.005, 13, 10, 69, 16, 0.012771145057108052]:4812 300 293 48
[0.99, 0.005, 13, 10, 69, 16, 0.012771145057108052]:4750 361 287 54
[0.99, 0.005, 13, 10, 69, 16, 0.012771145057108052]:4734 377 280 62
[0.99, 0.005, 13, 10, 69, 16, 0.012771145057108052]:4772 340 295 46
[0.99, 0.005, 13, 10, 69, 16, 0.012771145057108052]:4854 258 288 53
[0.99, 0.005, 13, 10, 69, 16, 0.012771145057108052]:4839 272 281 61
[0.99, 0.005, 13, 10, 69, 16, 0.012771145057108052]:4822 289 282 60
[0.99, 0.005, 13, 10, 69, 16, 0.012771145057108052]:4703 408 281 61
[0.99, 0.005, 13, 10, 69, 16, 0.012771145057108052]:4803 308 278 64
[0.99, 0.005, 13, 10, 69, 16, 0.012771145057108052]:4782 330 283 58
[0.99, 0.005, 4, 10, 125, 17, 0.99]:2490 2621 101 241
[0.99, 0.005, 4, 10, 125, 17, 0.99]:2647 2464 105 237
[0.99, 0.005, 4, 10, 125, 17, 0.99]:2545 2566 122 220
[0.99, 0.005, 4, 10, 125, 17, 0.99]:2908 2203 141 200
[0.99, 0.005, 4, 10, 125, 17, 0.99]:2646 2466 109 232
[0.99, 0.005, 4, 10, 125, 17, 0.99]:2646 2465 89 253
[0.99, 0.005, 4, 10, 125, 17, 0.99]:2520 2592 107 234
[0.99, 0.005, 4, 10, 125, 17, 0.99]:2758 2354 104 237
[0.99, 0.005, 4, 10, 125, 17, 0.99]:2586 2526 92 249
[0.99, 0.005, 4, 10, 125, 17, 0.99]:2562 2549 96 246
[0.11274622419327152, 0.005, 14, 10, 400, 17, 0.09158981188564964]:1064 4048 32 309
[0.11274622419327152, 0.005, 14, 10, 400, 17, 0.09158981188564964]:1212 3899 39 303
[0.11274622419327152, 0.005, 14, 10, 400, 17, 0.09158981188564964]:1069 4042 27 315
[0.11274622419327152, 0.005, 14, 10, 400, 17, 0.09158981188564964]:1010 4101 36 306
[0.11274622419327152, 0.005, 14, 10, 400, 17, 0.09158981188564964]:1252 3860 39 302
[0.11274622419327152, 0.005, 14, 10, 400, 17, 0.09158981188564964]:1332 3779 41 301
[0.11274622419327152, 0.005, 14, 10, 400, 17, 0.09158981188564964]:1208 3903 28 314
[0.11274622419327152, 0.005, 14, 10, 400, 17, 0.09158981188564964]:1095 4017 30 311
[0.11274622419327152, 0.005, 14, 10, 400, 17, 0.09158981188564964]:1139 3973 32 309
[0.11274622419327152, 0.005, 14, 10, 400, 17, 0.09158981188564964]:1599 3512 55 286
[0.99, 0.49999999999999994, 8, 5, 50, 70, 0.01]:1271 3841 68 273
[0.99, 0.49999999999999994, 8, 5, 50, 70, 0.01]:611 4500 43 299
[0.99, 0.49999999999999994, 8, 5, 50, 70, 0.01]:779 4332 57 285
[0.99, 0.49999999999999994, 8, 5, 50, 70, 0.01]:873 4239 54 287
[0.99, 0.49999999999999994, 8, 5, 50, 70, 0.01]:959 4152 47 294
[0.99, 0.49999999999999994, 8, 5, 50, 70, 0.01]:1733 3379 93 248
[0.99, 0.49999999999999994, 8, 5, 50, 70, 0.01]:1317 3795 76 265
[0.99, 0.49999999999999994, 8, 5, 50, 70, 0.01]:911 4200 55 287
[0.99, 0.49999999999999994, 8, 5, 50, 70, 0.01]:749 4362 35 307
[0.99, 0.005, 15, 10, 50, 22, 0.01]:4542 570 248 93
[0.99, 0.49999999999999994, 8, 5, 50, 70, 0.01]:788 4323 35 307
[0.99, 0.005, 15, 10, 50, 22, 0.01]:4506 605 257 85
[0.99, 0.005, 15, 10, 50, 22, 0.01]:4527 584 252 90
[0.99, 0.005, 15, 10, 50, 22, 0.01]:4579 532 263 79
[0.99, 0.005, 15, 10, 50, 22, 0.01]:4401 711 242 99
[0.99, 0.005, 15, 10, 50, 22, 0.01]:4468 643 255 87
[0.99, 0.005, 15, 10, 50, 22, 0.01]:4418 694 242 99
[0.99, 0.005, 15, 10, 50, 22, 0.01]:4643 469 270 71
[0.99, 0.005, 15, 10, 50, 22, 0.01]:4529 582 250 92
[0.99, 0.005, 15, 10, 50, 22, 0.01]:4467 644 264 77
[0.922392002249642, 0.021496032415268203, 14, 5, 190, 69, 0.24010978967405863]:2422 2690 123 218
[0.922392002249642, 0.021496032415268203, 14, 5, 190, 69, 0.24010978967405863]:2495 2616 108 234
[0.922392002249642, 0.021496032415268203, 14, 5, 190, 69, 0.24010978967405863]:2446 2666 101 240
[0.922392002249642, 0.021496032415268203, 14, 5, 190, 69, 0.24010978967405863]:2451 2660 105 237
[0.922392002249642, 0.021496032415268203, 14, 5, 190, 69, 0.24010978967405863]:2442 2670 115 226
[0.922392002249642, 0.021496032415268203, 14, 5, 190, 69, 0.24010978967405863]:2638 2473 132 209
[0.922392002249642, 0.021496032415268203, 14, 5, 190, 69, 0.24010978967405863]:2454 2658 119 222
[0.922392002249642, 0.021496032415268203, 14, 5, 190, 69, 0.24010978967405863]:2466 2645 118 224
[0.922392002249642, 0.021496032415268203, 14, 5, 190, 69, 0.24010978967405863]:2460 2651 138 204
[0.922392002249642, 0.021496032415268203, 14, 5, 190, 69, 0.24010978967405863]:2477 2634 113 229
[0.8989554216064489, 0.008956908128664863, 10, 10, 442, 86, 0.034225047229081144]:2499 2613 102 239
[0.8989554216064489, 0.008956908128664863, 10, 10, 442, 86, 0.034225047229081144]:2589 2523 106 235
[0.8989554216064489, 0.008956908128664863, 10, 10, 442, 86, 0.034225047229081144]:2453 2658 105 237
[0.8989554216064489, 0.008956908128664863, 10, 10, 442, 86, 0.034225047229081144]:2539 2572 112 229
[0.8989554216064489, 0.008956908128664863, 10, 10, 442, 86, 0.034225047229081144]:2595 2517 107 234
[0.8989554216064489, 0.008956908128664863, 10, 10, 442, 86, 0.034225047229081144]:2435 2676 113 229
[0.8989554216064489, 0.008956908128664863, 10, 10, 442, 86, 0.034225047229081144]:2618 2494 117 224
[0.8989554216064489, 0.008956908128664863, 10, 10, 442, 86, 0.034225047229081144]:2570 2541 99 243
[0.8989554216064489, 0.008956908128664863, 10, 10, 442, 86, 0.034225047229081144]:2464 2647 105 237
[0.8989554216064489, 0.008956908128664863, 10, 10, 442, 86, 0.034225047229081144]:2515 2596 100 242
[0.99, 0.49999999999999994, 12, 10, 500, 86, 0.99]:4520 591 286 56
[0.99, 0.49999999999999994, 12, 10, 500, 86, 0.99]:4490 622 277 64
[0.99, 0.49999999999999994, 12, 10, 500, 86, 0.99]:4501 610 282 59
[0.99, 0.49999999999999994, 12, 10, 500, 86, 0.99]:4491 621 291 50
[0.99, 0.49999999999999994, 12, 10, 500, 86, 0.99]:4496 616 285 56
[0.99, 0.49999999999999994, 12, 10, 500, 86, 0.99]:4486 625 269 73
[0.99, 0.49999999999999994, 12, 10, 500, 86, 0.99]:4517 594 294 48
[0.99, 0.49999999999999994, 12, 10, 500, 86, 0.99]:4496 615 277 65
[0.99, 0.49999999999999994, 12, 10, 500, 86, 0.99]:4454 657 273 69
[0.99, 0.49999999999999994, 12, 10, 500, 86, 0.99]:4440 672 285 56
[0.99, 0.005, 15, 10, 500, 86, 0.99]:1730 3382 72 269
[0.99, 0.005, 15, 10, 500, 86, 0.99]:1595 3516 93 249
[0.99, 0.005, 15, 10, 500, 86, 0.99]:1713 3398 79 263
[0.99, 0.005, 15, 10, 500, 86, 0.99]:1797 3314 98 244
[0.99, 0.005, 15, 10, 500, 86, 0.99]:1723 3389 76 265
[0.99, 0.005, 15, 10, 500, 86, 0.99]:1655 3457 80 261
[0.99, 0.005, 15, 10, 500, 86, 0.99]:1790 3322 69 272
[0.99, 0.005, 15, 10, 500, 86, 0.99]:1783 3328 72 270
[0.99, 0.005, 15, 10, 500, 86, 0.99]:1909 3202 93 248
[0.99, 0.005, 15, 10, 500, 86, 0.99]:1716 3395 77 265
[0.99, 0.005, 15, 10, 50, 23, 0.01]:4518 593 256 86
[0.99, 0.005, 15, 10, 50, 23, 0.01]:4367 745 238 103
[0.99, 0.005, 15, 10, 50, 23, 0.01]:4482 629 240 102
[0.99, 0.005, 15, 10, 50, 23, 0.01]:4470 642 244 97
[0.99, 0.005, 15, 10, 50, 23, 0.01]:4424 687 252 90
[0.99, 0.005, 15, 10, 50, 23, 0.01]:4340 772 240 101
[0.99, 0.005, 15, 10, 50, 23, 0.01]:4411 700 249 93
[0.99, 0.005, 15, 10, 50, 23, 0.01]:4608 504 266 75
[0.99, 0.005, 15, 10, 50, 23, 0.01]:4380 731 260 81
[0.99, 0.005, 15, 10, 50, 23, 0.01]:4469 642 249 93
[0.99, 0.005, 15, 10, 50, 22, 0.01]:4643 469 270 71
[0.99, 0.005, 3, 10, 50, 22, 0.01]:3088 2023 145 197
[0.99, 0.005, 3, 10, 50, 22, 0.01]:3271 1840 145 197
[0.99, 0.005, 3, 10, 50, 22, 0.01]:3026 2085 156 185
[0.99, 0.005, 3, 10, 50, 22, 0.01]:2947 2165 139 202
[0.99, 0.005, 3, 10, 50, 22, 0.01]:3329 1782 145 197
[0.99, 0.005, 3, 10, 50, 22, 0.01]:3185 1927 141 200
[0.99, 0.005, 3, 10, 50, 22, 0.01]:3323 1788 168 174
[0.99, 0.005, 3, 10, 50, 22, 0.01]:3168 1944 154 187
[0.99, 0.005, 3, 10, 50, 22, 0.01]:3428 1684 163 178
[0.99, 0.005, 3, 10, 50, 22, 0.01]:3335 1776 150 192
[0.99, 0.005, 15, 10, 50, 22, 0.01]:4542 570 248 93
[0.99, 0.005, 15, 10, 50, 22, 0.01]:4529 582 250 92
[0.99, 0.005, 15, 10, 50, 22, 0.01]:4527 584 252 90
[0.99, 0.005, 15, 10, 50, 22, 0.01]:4418 694 242 99
[0.99, 0.005, 15, 10, 50, 22, 0.01]:4468 643 255 87
[0.99, 0.005, 15, 10, 50, 22, 0.01]:4506 605 257 85
[0.99, 0.005, 15, 10, 50, 22, 0.01]:4401 711 242 99
[0.99, 0.005, 15, 10, 50, 22, 0.01]:4579 532 263 79
[0.99, 0.005, 15, 10, 50, 22, 0.01]:4467 644 264 77
[0.99, 0.005, 3, 10, 50, 100, 0.01]:374 4738 9 332
[0.99, 0.005, 3, 10, 50, 100, 0.01]:602 4510 18 323
[0.99, 0.005, 3, 10, 50, 100, 0.01]:365 4747 4 337
[0.99, 0.005, 3, 10, 50, 100, 0.01]:358 4754 5 336
[0.99, 0.005, 3, 10, 50, 100, 0.01]:317 4794 7 335
[0.99, 0.005, 3, 10, 50, 100, 0.01]:352 4759 11 331
[0.99, 0.005, 3, 10, 50, 100, 0.01]:289 4822 10 332
[0.99, 0.005, 3, 10, 50, 100, 0.01]:369 4742 10 332
[0.99, 0.005, 3, 10, 50, 100, 0.01]:533 4578 14 327
[0.99, 0.005, 3, 10, 50, 100, 0.01]:463 4648 10 332
[0.7993269136687581, 0.03833734632231707, 7, 10, 107, 100, 0.13832851890078732]:502 4609 13 329
[0.7993269136687581, 0.03833734632231707, 7, 10, 107, 100, 0.13832851890078732]:370 4741 7 335
[0.7993269136687581, 0.03833734632231707, 7, 10, 107, 100, 0.13832851890078732]:462 4650 15 326
[0.7993269136687581, 0.03833734632231707, 7, 10, 107, 100, 0.13832851890078732]:427 4684 11 331
[0.7993269136687581, 0.03833734632231707, 7, 10, 107, 100, 0.13832851890078732]:407 4704 17 325
[0.7993269136687581, 0.03833734632231707, 7, 10, 107, 100, 0.13832851890078732]:425 4686 7 334
[0.7993269136687581, 0.03833734632231707, 7, 10, 107, 100, 0.13832851890078732]:372 4739 14 328
[0.7993269136687581, 0.03833734632231707, 7, 10, 107, 100, 0.13832851890078732]:418 4694 12 329
[0.7993269136687581, 0.03833734632231707, 7, 10, 107, 100, 0.13832851890078732]:363 4749 7 334
[0.7993269136687581, 0.03833734632231707, 7, 10, 107, 100, 0.13832851890078732]:363 4749 13 328
[0.99, 0.005, 7, 10, 300, 22, 0.01]:4487 625 250 91
[0.99, 0.005, 7, 10, 300, 22, 0.01]:4430 682 237 104
[0.99, 0.005, 7, 10, 300, 22, 0.01]:4460 651 248 94
[0.99, 0.005, 7, 10, 300, 22, 0.01]:4340 771 249 93
[0.99, 0.005, 7, 10, 300, 22, 0.01]:4516 596 246 95
[0.99, 0.005, 7, 10, 300, 22, 0.01]:4440 671 235 107
[0.99, 0.005, 7, 10, 300, 22, 0.01]:4460 652 253 88
[0.99, 0.005, 7, 10, 300, 22, 0.01]:4468 643 246 96
[0.99, 0.005, 7, 10, 300, 22, 0.01]:4405 706 233 109
[0.99, 0.005, 7, 10, 300, 22, 0.01]:4415 696 252 89
[0.99, 0.005, 15, 10, 50, 71, 0.01]:3544 1568 173 168
[0.99, 0.005, 15, 10, 50, 71, 0.01]:3430 1681 157 185
[0.99, 0.005, 15, 10, 50, 71, 0.01]:3278 1833 152 190
[0.99, 0.005, 15, 10, 50, 71, 0.01]:3289 1822 149 193
[0.99, 0.005, 15, 10, 50, 71, 0.01]:3402 1709 169 173
[0.99, 0.005, 15, 10, 50, 71, 0.01]:3303 1809 164 177
[0.99, 0.005, 15, 10, 50, 71, 0.01]:3095 2016 160 181
[0.99, 0.005, 15, 10, 50, 71, 0.01]:3233 1879 161 180
[0.99, 0.005, 15, 10, 50, 71, 0.01]:3295 1816 166 176
[0.99, 0.005, 15, 10, 50, 71, 0.01]:3519 1593 177 164
[0.8462748634257687, 0.006448629633515834, 6, 10, 495, 70, 0.010080586112474442]:2543 2569 102 239
[0.8462748634257687, 0.006448629633515834, 6, 10, 495, 70, 0.010080586112474442]:2529 2582 96 246
[0.8462748634257687, 0.006448629633515834, 6, 10, 495, 70, 0.010080586112474442]:2570 2541 114 227
[0.8462748634257687, 0.006448629633515834, 6, 10, 495, 70, 0.010080586112474442]:2439 2673 103 238
[0.8462748634257687, 0.006448629633515834, 6, 10, 495, 70, 0.010080586112474442]:2438 2673 95 247
[0.8462748634257687, 0.006448629633515834, 6, 10, 495, 70, 0.010080586112474442]:2500 2611 102 240
[0.8462748634257687, 0.006448629633515834, 6, 10, 495, 70, 0.010080586112474442]:2320 2791 86 256
[0.8462748634257687, 0.006448629633515834, 6, 10, 495, 70, 0.010080586112474442]:2441 2671 106 235
[0.8462748634257687, 0.006448629633515834, 6, 10, 495, 70, 0.010080586112474442]:2376 2736 109 232
[0.99, 0.005, 15, 10, 500, 72, 0.01]:3477 1634 158 184
[0.8462748634257687, 0.006448629633515834, 6, 10, 495, 70, 0.010080586112474442]:2363 2748 104 238
[0.99, 0.005, 15, 10, 500, 72, 0.01]:3454 1658 165 176
[0.99, 0.005, 15, 10, 500, 72, 0.01]:3498 1613 170 172
[0.99, 0.005, 15, 10, 500, 72, 0.01]:3384 1727 154 188
[0.99, 0.005, 15, 10, 500, 72, 0.01]:3489 1622 160 182
[0.99, 0.005, 15, 10, 500, 72, 0.01]:3542 1570 182 159
[0.99, 0.005, 15, 10, 500, 72, 0.01]:3574 1538 168 173
[0.99, 0.005, 15, 10, 500, 72, 0.01]:3375 1736 156 186
[0.99, 0.005, 15, 10, 500, 72, 0.01]:3513 1598 181 160
[0.99, 0.005, 15, 10, 500, 72, 0.01]:3467 1645 172 169
[0.01, 0.49999999999999994, 3, 10, 70, 18, 0.99]:2519 2593 99 242
[0.01, 0.49999999999999994, 3, 10, 70, 18, 0.99]:2493 2618 104 238
[0.01, 0.49999999999999994, 3, 10, 70, 18, 0.99]:2567 2545 92 249
[0.01, 0.49999999999999994, 3, 10, 70, 18, 0.99]:2535 2577 103 238
[0.01, 0.49999999999999994, 3, 10, 70, 18, 0.99]:2591 2521 98 243
[0.01, 0.49999999999999994, 3, 10, 70, 18, 0.99]:2559 2552 90 252
[0.01, 0.49999999999999994, 3, 10, 70, 18, 0.99]:2643 2468 116 225
[0.01, 0.49999999999999994, 3, 10, 70, 18, 0.99]:2432 2679 113 229
[0.01, 0.49999999999999994, 3, 10, 70, 18, 0.99]:2501 2610 89 253
[0.01, 0.49999999999999994, 3, 10, 70, 18, 0.99]:2624 2487 104 238
[0.01, 0.49999999999999994, 3, 6, 125, 15, 0.99]:3361 1751 144 197
[0.01, 0.49999999999999994, 3, 6, 125, 15, 0.99]:3305 1807 158 183
[0.01, 0.49999999999999994, 8, 10, 281, 15, 0.99]:3447 1665 162 179
[0.01, 0.49999999999999994, 8, 10, 281, 15, 0.99]:3378 1733 144 198
[0.01, 0.49999999999999994, 8, 10, 281, 15, 0.99]:3384 1728 151 190
[0.01, 0.49999999999999994, 8, 10, 281, 15, 0.99]:3469 1642 165 177
[0.01, 0.49999999999999994, 8, 10, 281, 15, 0.99]:3430 1681 160 182
[0.01, 0.49999999999999994, 8, 10, 281, 15, 0.99]:3302 1809 167 175
[0.01, 0.49999999999999994, 3, 6, 125, 15, 0.99]:3336 1776 145 196
[0.01, 0.49999999999999994, 8, 10, 281, 15, 0.99]:3412 1699 152 190
[0.01, 0.49999999999999994, 3, 6, 125, 15, 0.99]:3322 1789 133 209
[0.01, 0.49999999999999994, 3, 6, 125, 15, 0.99]:3362 1749 149 193
[0.01, 0.49999999999999994, 3, 6, 125, 15, 0.99]:3278 1833 138 204
[0.01, 0.49999999999999994, 8, 10, 281, 15, 0.99]:3476 1636 182 159
[0.01, 0.49999999999999994, 3, 6, 125, 15, 0.99]:3196 1915 158 184
[0.01, 0.49999999999999994, 3, 6, 125, 15, 0.99]:3335 1776 164 177
[0.01, 0.49999999999999994, 8, 10, 281, 15, 0.99]:3417 1695 157 184
[0.01, 0.49999999999999994, 3, 6, 125, 15, 0.99]:3320 1791 144 198
[0.01, 0.49999999999999994, 3, 6, 125, 15, 0.99]:3347 1765 144 197
[0.01, 0.49999999999999994, 8, 10, 281, 15, 0.99]:3561 1550 181 160
[0.99, 0.005, 7, 10, 122, 53, 0.99]:345 4766 10 332
[0.99, 0.005, 7, 10, 122, 53, 0.99]:356 4755 4 338
[0.99, 0.005, 7, 10, 122, 53, 0.99]:377 4734 8 334
[0.99, 0.005, 7, 10, 122, 53, 0.99]:354 4758 13 328
[0.99, 0.005, 7, 10, 122, 53, 0.99]:340 4772 12 329
[0.99, 0.005, 7, 10, 122, 53, 0.99]:352 4760 7 334
[0.99, 0.005, 7, 10, 122, 53, 0.99]:389 4722 10 331
[0.99, 0.005, 7, 10, 122, 53, 0.99]:362 4750 6 335
[0.99, 0.005, 7, 10, 122, 53, 0.99]:418 4693 17 325
[0.99, 0.005, 7, 10, 122, 53, 0.99]:375 4736 14 328
[0.99, 0.005, 9, 10, 500, 19, 0.01]:4633 479 276 65
[0.99, 0.005, 9, 10, 500, 19, 0.01]:4621 491 264 77
[0.99, 0.005, 9, 10, 500, 19, 0.01]:4596 515 267 75
[0.99, 0.005, 9, 10, 500, 19, 0.01]:4589 522 271 70
[0.99, 0.005, 9, 10, 500, 19, 0.01]:4501 610 264 78
[0.99, 0.005, 9, 10, 500, 19, 0.01]:4641 471 259 82
[0.99, 0.005, 9, 10, 500, 19, 0.01]:4618 493 244 98
[0.99, 0.005, 9, 10, 500, 19, 0.01]:4659 453 267 74
[0.99, 0.005, 9, 10, 500, 19, 0.01]:4600 511 252 90
[0.99, 0.005, 9, 10, 500, 19, 0.01]:4571 540 263 79
[0.99, 0.005, 14, 10, 500, 53, 0.99]:1888 3224 76 265
[0.99, 0.005, 14, 10, 500, 53, 0.99]:1971 3140 79 263
[0.99, 0.005, 14, 10, 500, 53, 0.99]:1889 3222 88 254
[0.99, 0.005, 14, 10, 500, 53, 0.99]:1940 3171 110 232
[0.99, 0.005, 14, 10, 500, 53, 0.99]:1806 3305 104 238
[0.99, 0.005, 14, 10, 500, 53, 0.99]:1862 3249 87 255
[0.99, 0.005, 14, 10, 500, 53, 0.99]:2086 3025 101 240
[0.99, 0.005, 14, 10, 500, 53, 0.99]:1964 3148 85 256
[0.99, 0.005, 14, 10, 500, 53, 0.99]:1878 3234 79 262
[0.99, 0.005, 14, 10, 500, 53, 0.99]:1866 3246 84 257
[0.01, 0.005, 7, 10, 50, 17, 0.01]:611 4501 24 317
[0.01, 0.005, 7, 10, 50, 17, 0.01]:1790 3321 99 243
[0.01, 0.005, 7, 10, 50, 17, 0.01]:2136 2975 100 242
[0.01, 0.005, 7, 10, 50, 17, 0.01]:1599 3512 71 271
[0.01, 0.005, 7, 10, 50, 17, 0.01]:1568 3543 70 272
[0.01, 0.005, 7, 10, 50, 17, 0.01]:1950 3162 107 234
[0.01, 0.005, 7, 10, 50, 17, 0.01]:1269 3843 57 284
[0.01, 0.005, 7, 10, 50, 17, 0.01]:1308 3804 72 269
[0.01, 0.005, 7, 10, 50, 17, 0.01]:1965 3146 95 246
[0.01, 0.005, 7, 10, 50, 17, 0.01]:527 4584 19 323
[0.01, 0.005, 3, 10, 475, 16, 0.01]:2935 2177 135 206
[0.01, 0.005, 3, 10, 475, 16, 0.01]:2754 2358 131 210
[0.01, 0.005, 3, 5, 406, 18, 0.01]:813 4299 18 323
[0.01, 0.005, 3, 5, 406, 18, 0.01]:458 4654 10 331
[0.01, 0.005, 3, 5, 406, 18, 0.01]:319 4793 5 336
[0.01, 0.005, 3, 5, 406, 18, 0.01]:661 4450 24 318
[0.01, 0.005, 3, 10, 475, 16, 0.01]:2747 2364 128 213
[0.01, 0.005, 3, 5, 406, 18, 0.01]:960 4151 30 312
[0.01, 0.005, 3, 10, 475, 16, 0.01]:2828 2284 127 214
[0.01, 0.005, 3, 5, 406, 18, 0.01]:729 4382 26 316
[0.01, 0.005, 3, 10, 475, 16, 0.01]:2923 2188 124 218
[0.01, 0.005, 3, 10, 475, 16, 0.01]:3256 1856 142 199
[0.01, 0.005, 3, 10, 475, 16, 0.01]:2992 2119 118 224
[0.01, 0.005, 3, 5, 406, 18, 0.01]:309 4802 3 339
[0.01, 0.005, 3, 5, 406, 18, 0.01]:548 4564 15 326
[0.01, 0.005, 3, 10, 475, 16, 0.01]:2689 2422 106 236
[0.01, 0.005, 3, 5, 406, 18, 0.01]:670 4441 20 322
[0.01, 0.005, 3, 10, 475, 16, 0.01]:2516 2595 93 249
[0.01, 0.005, 3, 5, 406, 18, 0.01]:789 4322 24 317
[0.01, 0.005, 3, 10, 475, 16, 0.01]:2625 2486 115 227
[0.01, 0.49999999999999994, 3, 10, 456, 13, 0.01]:3091 2020 184 158
[0.01, 0.49999999999999994, 3, 10, 456, 13, 0.01]:3021 2090 167 174
[0.01, 0.49999999999999994, 3, 10, 456, 13, 0.01]:3491 1621 167 174
[0.01, 0.49999999999999994, 3, 10, 456, 13, 0.01]:3126 1986 162 179
[0.01, 0.49999999999999994, 3, 10, 456, 13, 0.01]:3419 1692 209 133
[0.01, 0.49999999999999994, 3, 10, 456, 13, 0.01]:3672 1440 206 135
[0.01, 0.49999999999999994, 3, 10, 456, 13, 0.01]:3302 1809 172 170
[0.01, 0.49999999999999994, 3, 10, 456, 13, 0.01]:3371 1740 180 162
[0.01, 0.49999999999999994, 3, 10, 456, 13, 0.01]:3222 1889 189 153
[0.01, 0.49999999999999994, 3, 10, 456, 13, 0.01]:3475 1637 205 136
[0.01, 0.49999999999999994, 3, 10, 500, 14, 0.99]:3605 1506 176 166
[0.99, 0.005, 3, 10, 382, 17, 0.01]:3757 1354 183 159
[0.99, 0.005, 3, 10, 382, 17, 0.01]:3969 1143 191 150
[0.01, 0.49999999999999994, 3, 10, 500, 14, 0.99]:3527 1584 149 193
[0.01, 0.49999999999999994, 3, 10, 500, 14, 0.99]:3539 1573 160 181
[0.01, 0.49999999999999994, 3, 10, 500, 14, 0.99]:3502 1609 157 185
[0.01, 0.49999999999999994, 3, 10, 500, 14, 0.99]:3439 1672 170 172
[0.01, 0.49999999999999994, 3, 10, 500, 14, 0.99]:3562 1550 164 177
[0.01, 0.49999999999999994, 3, 10, 500, 14, 0.99]:3564 1547 158 184
[0.01, 0.49999999999999994, 3, 10, 500, 14, 0.99]:3568 1544 186 155
[0.99, 0.005, 3, 10, 382, 17, 0.01]:3890 1221 207 134
[0.99, 0.005, 3, 10, 382, 17, 0.01]:3887 1224 189 153
[0.99, 0.005, 3, 10, 382, 17, 0.01]:3878 1233 197 145
[0.01, 0.49999999999999994, 3, 10, 500, 14, 0.99]:3565 1546 179 162
[0.01, 0.49999999999999994, 3, 10, 500, 14, 0.99]:3575 1537 164 177
[0.99, 0.005, 3, 10, 382, 17, 0.01]:3902 1209 182 160
[0.99, 0.005, 3, 10, 382, 17, 0.01]:3881 1231 186 155
[0.99, 0.005, 3, 10, 382, 17, 0.01]:3851 1260 177 165
[0.99, 0.005, 3, 10, 382, 17, 0.01]:3901 1211 198 143
[0.99, 0.005, 3, 10, 382, 17, 0.01]:3911 1201 204 137
[0.01, 0.005, 15, 10, 184, 69, 0.99]:0 5112 0 341
[0.01, 0.005, 15, 10, 184, 69, 0.99]:0 5111 0 342
[0.01, 0.005, 15, 10, 184, 69, 0.99]:0 5111 0 342
[0.01, 0.005, 15, 10, 184, 69, 0.99]:0 5112 0 341
[0.01, 0.005, 15, 10, 184, 69, 0.99]:0 5111 0 342
[0.01, 0.005, 15, 10, 184, 69, 0.99]:0 5111 0 342
[0.01, 0.005, 15, 10, 184, 69, 0.99]:0 5111 0 342
[0.01, 0.005, 15, 10, 184, 69, 0.99]:0 5112 0 341
[0.01, 0.005, 15, 10, 184, 69, 0.99]:0 5112 0 341
[0.01, 0.005, 15, 10, 184, 69, 0.99]:0 5111 0 341
[0.01, 0.005, 15, 10, 500, 69, 0.01]:0 5112 0 341
[0.01, 0.005, 15, 10, 500, 69, 0.01]:0 5112 0 341
[0.01, 0.005, 15, 10, 500, 69, 0.01]:0 5111 0 342
[0.01, 0.005, 15, 10, 500, 69, 0.01]:0 5111 0 342
[0.01, 0.005, 15, 10, 500, 69, 0.01]:0 5112 0 341
[0.01, 0.005, 15, 10, 500, 69, 0.01]:0 5111 0 342
[0.01, 0.005, 15, 10, 500, 68, 0.9818167496351157]:0 5112 0 341
[0.01, 0.005, 15, 10, 500, 69, 0.01]:0 5111 0 342
[0.01, 0.005, 15, 10, 500, 69, 0.01]:0 5111 0 341
[0.01, 0.005, 15, 10, 500, 69, 0.01]:0 5111 0 342
[0.01, 0.005, 15, 10, 500, 69, 0.01]:0 5112 0 341
[0.01, 0.005, 15, 10, 500, 68, 0.9818167496351157]:0 5111 0 341
[0.01, 0.005, 15, 10, 500, 68, 0.9818167496351157]:0 5112 0 341
[0.01, 0.005, 15, 10, 500, 68, 0.9818167496351157]:0 5111 0 342
[0.01, 0.005, 15, 10, 500, 68, 0.9818167496351157]:0 5111 0 342
[0.01, 0.005, 15, 10, 500, 68, 0.9818167496351157]:0 5111 0 342
[0.01, 0.005, 15, 10, 500, 68, 0.9818167496351157]:0 5112 0 341
[0.01, 0.005, 15, 10, 500, 68, 0.9818167496351157]:0 5112 0 341
[0.01, 0.005, 15, 10, 500, 68, 0.9818167496351157]:0 5111 0 342
[0.01, 0.005, 15, 10, 500, 68, 0.9818167496351157]:0 5111 0 342
[0.01, 0.49999999999999994, 3, 10, 74, 31, 0.01]:1347 3765 71 270
[0.01, 0.49999999999999994, 3, 10, 74, 31, 0.01]:1762 3349 107 235
[0.01, 0.49999999999999994, 3, 10, 74, 31, 0.01]:1450 3662 66 275
[0.01, 0.49999999999999994, 3, 10, 74, 31, 0.01]:1733 3378 69 273
[0.01, 0.49999999999999994, 3, 10, 74, 31, 0.01]:1374 3737 61 281
[0.01, 0.49999999999999994, 3, 10, 74, 31, 0.01]:1616 3495 75 267
[0.01, 0.49999999999999994, 3, 10, 74, 31, 0.01]:1519 3593 81 260
[0.01, 0.49999999999999994, 3, 10, 74, 31, 0.01]:2436 2675 117 225
[0.01, 0.49999999999999994, 3, 10, 74, 31, 0.01]:1708 3404 82 259
[0.01, 0.49999999999999994, 3, 10, 74, 31, 0.01]:1571 3540 77 264
[0.01, 0.49999999999999994, 15, 10, 469, 31, 0.01]:1746 3365 96 246
[0.01, 0.49999999999999994, 15, 10, 469, 31, 0.01]:2067 3044 120 222
[0.01, 0.49999999999999994, 15, 10, 469, 31, 0.01]:1667 3444 91 251
[0.01, 0.49999999999999994, 15, 10, 469, 31, 0.01]:2560 2551 143 199
[0.01, 0.49999999999999994, 15, 10, 469, 31, 0.01]:1779 3333 109 232
[0.01, 0.49999999999999994, 15, 10, 469, 31, 0.01]:1749 3363 90 251
[0.01, 0.49999999999999994, 15, 10, 469, 31, 0.01]:1705 3406 99 242
[0.01, 0.49999999999999994, 15, 10, 469, 31, 0.01]:2305 2807 131 210
[0.01, 0.49999999999999994, 15, 10, 469, 31, 0.01]:1821 3290 99 243
[0.01, 0.49999999999999994, 15, 10, 469, 31, 0.01]:1833 3279 99 242
[0.01, 0.49999999999999994, 15, 10, 464, 32, 0.99]:2279 2832 112 230
[0.01, 0.49999999999999994, 15, 10, 464, 32, 0.99]:2242 2870 108 233
[0.01, 0.49999999999999994, 15, 10, 464, 32, 0.99]:2254 2857 94 248
[0.01, 0.49999999999999994, 15, 10, 464, 32, 0.99]:2082 3029 116 226
[0.01, 0.49999999999999994, 15, 10, 464, 32, 0.99]:2352 2759 112 229
[0.01, 0.49999999999999994, 15, 10, 464, 32, 0.99]:2303 2808 118 224
[0.01, 0.49999999999999994, 15, 10, 464, 32, 0.99]:2285 2827 107 234
[0.01, 0.49999999999999994, 15, 10, 464, 32, 0.99]:2264 2848 114 227
[0.01, 0.49999999999999994, 15, 10, 464, 32, 0.99]:2225 2886 106 236
[0.01, 0.49999999999999994, 15, 10, 464, 32, 0.99]:2365 2747 112 229
[0.01, 0.49999999999999994, 15, 10, 102, 44, 0.99]:961 4151 32 309
[0.01, 0.49999999999999994, 3, 10, 127, 42, 0.99]:335 4776 8 334
[0.01, 0.49999999999999994, 15, 10, 102, 44, 0.99]:997 4114 49 293
[0.01, 0.49999999999999994, 15, 10, 102, 44, 0.99]:1011 4101 59 282
[0.01, 0.49999999999999994, 15, 10, 102, 44, 0.99]:1057 4055 35 306
[0.01, 0.49999999999999994, 3, 10, 127, 42, 0.99]:367 4744 12 330
[0.01, 0.49999999999999994, 3, 10, 127, 42, 0.99]:320 4792 7 334
[0.01, 0.49999999999999994, 15, 10, 102, 44, 0.99]:918 4193 30 312
[0.01, 0.49999999999999994, 15, 10, 102, 44, 0.99]:949 4162 48 294
[0.01, 0.49999999999999994, 3, 10, 127, 42, 0.99]:352 4759 11 331
[0.01, 0.49999999999999994, 3, 10, 127, 42, 0.99]:290 4821 2 340
[0.01, 0.49999999999999994, 15, 10, 102, 44, 0.99]:1136 3975 40 302
[0.01, 0.49999999999999994, 15, 10, 102, 44, 0.99]:952 4160 42 299
[0.01, 0.49999999999999994, 15, 10, 102, 44, 0.99]:982 4129 42 300
[0.01, 0.49999999999999994, 3, 10, 127, 42, 0.99]:314 4798 7 334
[0.01, 0.49999999999999994, 3, 10, 127, 42, 0.99]:305 4806 6 336
[0.01, 0.49999999999999994, 3, 10, 127, 42, 0.99]:262 4850 4 337
[0.01, 0.49999999999999994, 15, 10, 102, 44, 0.99]:1393 3718 63 278
[0.01, 0.49999999999999994, 3, 10, 127, 42, 0.99]:438 4673 8 333
[0.01, 0.49999999999999994, 3, 10, 127, 42, 0.99]:305 4807 7 334
[0.01, 0.49999999999999994, 15, 5, 271, 42, 0.99]:1520 3591 82 260
[0.01, 0.49999999999999994, 15, 5, 271, 42, 0.99]:1555 3557 70 271
[0.01, 0.49999999999999994, 15, 5, 271, 42, 0.99]:2187 2924 114 227
[0.01, 0.49999999999999994, 15, 5, 271, 42, 0.99]:1635 3476 85 257
[0.01, 0.49999999999999994, 15, 5, 271, 42, 0.99]:1563 3549 73 268
[0.01, 0.49999999999999994, 15, 5, 271, 42, 0.99]:1697 3414 76 266
[0.01, 0.49999999999999994, 15, 5, 271, 42, 0.99]:1725 3386 81 261
[0.01, 0.49999999999999994, 15, 5, 271, 42, 0.99]:1613 3499 91 250
[0.01, 0.49999999999999994, 15, 5, 271, 42, 0.99]:1673 3438 73 269
[0.01, 0.49999999999999994, 15, 5, 271, 42, 0.99]:1654 3458 71 270
[0.99, 0.005, 3, 10, 80, 19, 0.01]:3847 1265 189 152
[0.99, 0.005, 3, 10, 80, 19, 0.01]:3681 1431 179 162
[0.99, 0.005, 3, 10, 80, 19, 0.01]:3665 1446 186 156
[0.99, 0.005, 3, 10, 80, 19, 0.01]:3677 1434 181 161
[0.99, 0.005, 3, 10, 80, 19, 0.01]:3720 1391 171 171
[0.99, 0.005, 3, 10, 80, 19, 0.01]:3430 1682 169 172
[0.99, 0.005, 3, 10, 80, 19, 0.01]:3661 1451 179 162
[0.99, 0.005, 3, 10, 80, 19, 0.01]:3935 1176 197 145
[0.99, 0.005, 3, 10, 80, 19, 0.01]:3896 1215 188 154
[0.99, 0.005, 3, 10, 80, 19, 0.01]:3576 1535 180 161
[0.99, 0.005, 3, 10, 166, 18, 0.01]:3806 1305 175 167
[0.99, 0.005, 3, 10, 166, 18, 0.01]:3841 1270 185 157
[0.99, 0.005, 3, 10, 166, 18, 0.01]:3790 1321 192 150
[0.99, 0.005, 3, 10, 166, 18, 0.01]:3965 1147 200 141
[0.99, 0.005, 3, 10, 166, 18, 0.01]:3792 1319 177 165
[0.99, 0.005, 3, 10, 166, 18, 0.01]:3842 1270 188 153
[0.99, 0.005, 3, 10, 166, 18, 0.01]:3712 1400 183 158
[0.99, 0.005, 3, 10, 166, 18, 0.01]:3916 1196 193 148
[0.99, 0.005, 3, 10, 166, 18, 0.01]:3751 1360 191 151
[0.99, 0.005, 3, 10, 166, 18, 0.01]:3780 1331 202 139
[0.5823444195464625, 0.005159702786361866, 8, 9, 253, 73, 0.9828453061969216]:100 5011 7 335
[0.5823444195464625, 0.005159702786361866, 8, 9, 253, 73, 0.9828453061969216]:67 5044 0 342
[0.5823444195464625, 0.005159702786361866, 8, 9, 253, 73, 0.9828453061969216]:65 5046 2 339
[0.5823444195464625, 0.005159702786361866, 8, 9, 253, 73, 0.9828453061969216]:70 5041 0 342
[0.5823444195464625, 0.005159702786361866, 8, 9, 253, 73, 0.9828453061969216]:63 5049 3 338
[0.5823444195464625, 0.005159702786361866, 8, 9, 253, 73, 0.9828453061969216]:57 5054 0 342
[0.5823444195464625, 0.005159702786361866, 8, 9, 253, 73, 0.9828453061969216]:73 5038 3 339
[0.5823444195464625, 0.005159702786361866, 8, 9, 253, 73, 0.9828453061969216]:90 5022 2 339
[0.5823444195464625, 0.005159702786361866, 8, 9, 253, 73, 0.9828453061969216]:66 5046 1 340
[0.5823444195464625, 0.005159702786361866, 8, 9, 253, 73, 0.9828453061969216]:59 5053 1 340
[0.9187115848733428, 0.00656544245270129, 9, 8, 238, 36, 0.9618482538047628]:1097 4015 46 295
[0.9187115848733428, 0.00656544245270129, 9, 8, 238, 36, 0.9618482538047628]:1171 3941 36 305
[0.9187115848733428, 0.00656544245270129, 9, 8, 238, 36, 0.9618482538047628]:1091 4020 39 303
[0.9187115848733428, 0.00656544245270129, 9, 8, 238, 36, 0.9618482538047628]:1045 4066 25 317
[0.9187115848733428, 0.00656544245270129, 9, 8, 238, 36, 0.9618482538047628]:1125 3986 56 286
[0.9187115848733428, 0.00656544245270129, 9, 8, 238, 36, 0.9618482538047628]:1041 4070 39 303
[0.9187115848733428, 0.00656544245270129, 9, 8, 238, 36, 0.9618482538047628]:1117 3995 37 304
[0.9187115848733428, 0.00656544245270129, 9, 8, 238, 36, 0.9618482538047628]:1179 3932 40 301
[0.9187115848733428, 0.00656544245270129, 9, 8, 238, 36, 0.9618482538047628]:1090 4022 33 308
[0.9187115848733428, 0.00656544245270129, 9, 8, 238, 36, 0.9618482538047628]:1104 4007 35 307
[0.99, 0.005, 15, 10, 500, 37, 0.99]:2514 2597 135 207
[0.99, 0.005, 15, 10, 500, 37, 0.99]:2429 2683 118 223
[0.99, 0.005, 15, 10, 500, 37, 0.99]:2465 2647 109 232
[0.99, 0.005, 15, 10, 500, 37, 0.99]:2664 2447 134 207
[0.99, 0.005, 15, 10, 500, 37, 0.99]:2417 2694 110 232
[0.99, 0.005, 15, 10, 500, 37, 0.99]:2442 2669 140 202
[0.99, 0.005, 15, 10, 500, 37, 0.99]:2537 2574 117 225
[0.99, 0.005, 15, 10, 500, 37, 0.99]:2424 2687 116 226
[0.99, 0.005, 15, 10, 500, 37, 0.99]:2352 2760 112 229
[0.99, 0.005, 15, 10, 500, 37, 0.99]:2462 2650 122 219
