[0.8307495592375133, 0.3705230429059482, 3, 8, 120, 55, 0.013903426618080516]:1951 3163 111 228
[0.8307495592375133, 0.3705230429059482, 3, 8, 120, 55, 0.013903426618080516]:1746 3368 85 253
[0.8307495592375133, 0.3705230429059482, 3, 8, 120, 55, 0.013903426618080516]:1986 3128 128 211
[0.8307495592375133, 0.3705230429059482, 3, 8, 120, 55, 0.013903426618080516]:1828 3286 95 244
[0.8307495592375133, 0.3705230429059482, 3, 8, 120, 55, 0.013903426618080516]:1862 3253 107 231
[0.8307495592375133, 0.3705230429059482, 3, 8, 120, 55, 0.013903426618080516]:1818 3297 105 233
[0.8307495592375133, 0.3705230429059482, 3, 8, 120, 55, 0.013903426618080516]:1939 3175 95 244
[0.8307495592375133, 0.3705230429059482, 3, 8, 120, 55, 0.013903426618080516]:1903 3212 107 231
[0.8307495592375133, 0.3705230429059482, 3, 8, 120, 55, 0.013903426618080516]:2308 2807 124 214
[0.8307495592375133, 0.3705230429059482, 3, 8, 120, 55, 0.013903426618080516]:2169 2946 121 217
[0.028406229182648297, 0.3405773988052995, 9, 7, 246, 58, 0.7578859037159537]:515 4599 16 323
[0.028406229182648297, 0.3405773988052995, 9, 7, 246, 58, 0.7578859037159537]:463 4652 20 318
[0.028406229182648297, 0.3405773988052995, 9, 7, 246, 58, 0.7578859037159537]:462 4653 22 316
[0.028406229182648297, 0.3405773988052995, 9, 7, 246, 58, 0.7578859037159537]:469 4646 18 320
[0.028406229182648297, 0.3405773988052995, 9, 7, 246, 58, 0.7578859037159537]:533 4581 23 316
[0.028406229182648297, 0.3405773988052995, 9, 7, 246, 58, 0.7578859037159537]:489 4626 15 323
[0.028406229182648297, 0.3405773988052995, 9, 7, 246, 58, 0.7578859037159537]:559 4556 24 314
[0.028406229182648297, 0.3405773988052995, 9, 7, 246, 58, 0.7578859037159537]:416 4698 17 322
[0.028406229182648297, 0.3405773988052995, 9, 7, 246, 58, 0.7578859037159537]:465 4649 18 321
[0.028406229182648297, 0.3405773988052995, 9, 7, 246, 58, 0.7578859037159537]:740 4374 23 315
[0.895828536098046, 0.019515495535609353, 15, 6, 278, 25, 0.013436254708962841]:4662 453 285 53
[0.895828536098046, 0.019515495535609353, 15, 6, 278, 25, 0.013436254708962841]:4690 424 276 63
[0.895828536098046, 0.019515495535609353, 15, 6, 278, 25, 0.013436254708962841]:4638 476 271 68
[0.895828536098046, 0.019515495535609353, 15, 6, 278, 25, 0.013436254708962841]:4630 485 275 63
[0.895828536098046, 0.019515495535609353, 15, 6, 278, 25, 0.013436254708962841]:4601 513 254 84
[0.895828536098046, 0.019515495535609353, 15, 6, 278, 25, 0.013436254708962841]:4660 454 260 79
[0.895828536098046, 0.019515495535609353, 15, 6, 278, 25, 0.013436254708962841]:4687 427 267 72
[0.895828536098046, 0.019515495535609353, 15, 6, 278, 25, 0.013436254708962841]:4660 455 262 76
[0.895828536098046, 0.019515495535609353, 15, 6, 278, 25, 0.013436254708962841]:4620 495 255 83
[0.895828536098046, 0.019515495535609353, 15, 6, 278, 25, 0.013436254708962841]:4616 499 268 70
[0.023660213314787612, 0.02660122836475432, 8, 6, 269, 65, 0.06734289934178211]:0 5115 0 338
[0.023660213314787612, 0.02660122836475432, 8, 6, 269, 65, 0.06734289934178211]:0 5114 0 339
[0.023660213314787612, 0.02660122836475432, 8, 6, 269, 65, 0.06734289934178211]:0 5115 0 338
[0.0732920756098299, 0.007865526361485449, 9, 10, 274, 14, 0.8710869021243011]:4547 568 238 100
[0.023660213314787612, 0.02660122836475432, 8, 6, 269, 65, 0.06734289934178211]:0 5114 0 338
[0.0732920756098299, 0.007865526361485449, 9, 10, 274, 14, 0.8710869021243011]:4592 523 253 85
[0.023660213314787612, 0.02660122836475432, 8, 6, 269, 65, 0.06734289934178211]:0 5115 0 338
[0.023660213314787612, 0.02660122836475432, 8, 6, 269, 65, 0.06734289934178211]:0 5115 0 338
[0.0732920756098299, 0.007865526361485449, 9, 10, 274, 14, 0.8710869021243011]:4569 545 258 81
[0.10994783649004194, 0.3536816885274395, 5, 6, 307, 93, 0.6862111062852135]:160 4955 9 329
[0.023660213314787612, 0.02660122836475432, 8, 6, 269, 65, 0.06734289934178211]:0 5115 0 338
[0.0732920756098299, 0.007865526361485449, 9, 10, 274, 14, 0.8710869021243011]:4559 556 252 86
[0.023660213314787612, 0.02660122836475432, 8, 6, 269, 65, 0.06734289934178211]:0 5114 0 339
[0.0732920756098299, 0.007865526361485449, 9, 10, 274, 14, 0.8710869021243011]:4558 556 263 76
[0.10994783649004194, 0.3536816885274395, 5, 6, 307, 93, 0.6862111062852135]:170 4944 4 335
[0.10994783649004194, 0.3536816885274395, 5, 6, 307, 93, 0.6862111062852135]:130 4985 4 334
[0.0732920756098299, 0.007865526361485449, 9, 10, 274, 14, 0.8710869021243011]:4559 556 269 69
[0.0732920756098299, 0.007865526361485449, 9, 10, 274, 14, 0.8710869021243011]:4629 485 259 80
[0.0732920756098299, 0.007865526361485449, 9, 10, 274, 14, 0.8710869021243011]:4578 537 272 66
[0.10994783649004194, 0.3536816885274395, 5, 6, 307, 93, 0.6862111062852135]:222 4892 8 331
[0.023660213314787612, 0.02660122836475432, 8, 6, 269, 65, 0.06734289934178211]:0 5114 0 339
[0.023660213314787612, 0.02660122836475432, 8, 6, 269, 65, 0.06734289934178211]:0 5114 0 339
[0.10994783649004194, 0.3536816885274395, 5, 6, 307, 93, 0.6862111062852135]:108 5007 6 332
[0.10994783649004194, 0.3536816885274395, 5, 6, 307, 93, 0.6862111062852135]:143 4972 8 330
[0.10994783649004194, 0.3536816885274395, 5, 6, 307, 93, 0.6862111062852135]:170 4945 9 329
[0.10994783649004194, 0.3536816885274395, 5, 6, 307, 93, 0.6862111062852135]:263 4851 8 330
[0.10994783649004194, 0.3536816885274395, 5, 6, 307, 93, 0.6862111062852135]:151 4963 3 336
[0.0732920756098299, 0.007865526361485449, 9, 10, 274, 14, 0.8710869021243011]:4453 661 236 102
[0.0732920756098299, 0.007865526361485449, 9, 10, 274, 14, 0.8710869021243011]:4566 548 251 88
[0.10994783649004194, 0.3536816885274395, 5, 6, 307, 93, 0.6862111062852135]:181 4933 4 335
[0.23799902977022003, 0.006996545911027052, 10, 7, 346, 85, 0.017016519248361128]:0 5114 0 339
[0.23799902977022003, 0.006996545911027052, 10, 7, 346, 85, 0.017016519248361128]:0 5114 0 339
[0.23799902977022003, 0.006996545911027052, 10, 7, 346, 85, 0.017016519248361128]:0 5115 0 338
[0.23799902977022003, 0.006996545911027052, 10, 7, 346, 85, 0.017016519248361128]:0 5115 0 338
[0.23799902977022003, 0.006996545911027052, 10, 7, 346, 85, 0.017016519248361128]:0 5115 0 338
[0.23799902977022003, 0.006996545911027052, 10, 7, 346, 85, 0.017016519248361128]:0 5114 0 339
[0.3717384141249906, 0.034936364432294365, 7, 8, 297, 88, 0.03456603405825331]:591 4524 16 322
[0.3717384141249906, 0.034936364432294365, 7, 8, 297, 88, 0.03456603405825331]:660 4454 21 318
[0.011698327295371987, 0.11208627611700325, 7, 8, 461, 87, 0.031171934766057282]:312 4803 10 328
[0.3717384141249906, 0.034936364432294365, 7, 8, 297, 88, 0.03456603405825331]:774 4340 17 322
[0.3717384141249906, 0.034936364432294365, 7, 8, 297, 88, 0.03456603405825331]:592 4523 24 314
[0.3717384141249906, 0.034936364432294365, 7, 8, 297, 88, 0.03456603405825331]:714 4401 18 320
[0.011698327295371987, 0.11208627611700325, 7, 8, 461, 87, 0.031171934766057282]:349 4766 6 332
[0.3717384141249906, 0.034936364432294365, 7, 8, 297, 88, 0.03456603405825331]:649 4466 21 317
[0.011698327295371987, 0.11208627611700325, 7, 8, 461, 87, 0.031171934766057282]:273 4842 9 329
[0.3717384141249906, 0.034936364432294365, 7, 8, 297, 88, 0.03456603405825331]:685 4430 18 320
[0.3717384141249906, 0.034936364432294365, 7, 8, 297, 88, 0.03456603405825331]:732 4382 29 310
[0.011698327295371987, 0.11208627611700325, 7, 8, 461, 87, 0.031171934766057282]:364 4751 16 322
[0.011698327295371987, 0.11208627611700325, 7, 8, 461, 87, 0.031171934766057282]:284 4830 12 327
[0.23799902977022003, 0.006996545911027052, 10, 7, 346, 85, 0.017016519248361128]:0 5114 0 339
[0.011698327295371987, 0.11208627611700325, 7, 8, 461, 87, 0.031171934766057282]:194 4920 4 335
[0.011698327295371987, 0.11208627611700325, 7, 8, 461, 87, 0.031171934766057282]:214 4900 5 334
[0.23799902977022003, 0.006996545911027052, 10, 7, 346, 85, 0.017016519248361128]:0 5114 0 338
[0.3717384141249906, 0.034936364432294365, 7, 8, 297, 88, 0.03456603405825331]:665 4449 27 312
[0.23799902977022003, 0.006996545911027052, 10, 7, 346, 85, 0.017016519248361128]:0 5115 0 338
[0.3717384141249906, 0.034936364432294365, 7, 8, 297, 88, 0.03456603405825331]:736 4378 20 318
[0.011698327295371987, 0.11208627611700325, 7, 8, 461, 87, 0.031171934766057282]:136 4978 6 332
[0.011698327295371987, 0.11208627611700325, 7, 8, 461, 87, 0.031171934766057282]:300 4814 13 326
[0.23799902977022003, 0.006996545911027052, 10, 7, 346, 85, 0.017016519248361128]:0 5115 0 338
[0.011698327295371987, 0.11208627611700325, 7, 8, 461, 87, 0.031171934766057282]:177 4938 2 336
[0.99, 0.005, 3, 5, 50, 1, 0.01]:5115 0 338 0
[0.99, 0.005, 3, 5, 50, 1, 0.01]:5115 0 338 0
[0.99, 0.005, 3, 5, 50, 1, 0.01]:5115 0 338 0
[0.99, 0.005, 3, 5, 50, 1, 0.01]:5114 0 339 0
[0.99, 0.005, 3, 5, 50, 1, 0.01]:5114 0 338 0
[0.99, 0.005, 3, 5, 50, 1, 0.01]:5114 0 339 0
[0.99, 0.005, 3, 5, 50, 1, 0.01]:5114 0 339 0
[0.99, 0.005, 3, 5, 50, 1, 0.01]:5115 0 338 0
[0.99, 0.005, 3, 5, 50, 1, 0.01]:5114 0 339 0
[0.99, 0.005, 3, 5, 50, 1, 0.01]:5115 0 338 0
[0.01075617859563394, 0.005344625809064773, 13, 9, 478, 1, 0.8560126598896225]:5114 0 339 0
[0.01075617859563394, 0.005344625809064773, 13, 9, 478, 1, 0.8560126598896225]:5115 0 338 0
[0.01075617859563394, 0.005344625809064773, 13, 9, 478, 1, 0.8560126598896225]:5115 0 338 0
[0.01075617859563394, 0.005344625809064773, 13, 9, 478, 1, 0.8560126598896225]:5115 0 338 0
[0.01075617859563394, 0.005344625809064773, 13, 9, 478, 1, 0.8560126598896225]:5114 0 339 0
[0.01075617859563394, 0.005344625809064773, 13, 9, 478, 1, 0.8560126598896225]:5115 0 338 0
[0.01075617859563394, 0.005344625809064773, 13, 9, 478, 1, 0.8560126598896225]:5114 0 339 0
[0.03144213828399862, 0.13709810144740406, 13, 10, 474, 7, 0.5137209055617954]:4748 366 271 67
[0.03144213828399862, 0.13709810144740406, 13, 10, 474, 7, 0.5137209055617954]:4811 303 285 54
[0.03144213828399862, 0.13709810144740406, 13, 10, 474, 7, 0.5137209055617954]:4802 313 279 59
[0.01075617859563394, 0.005344625809064773, 13, 9, 478, 1, 0.8560126598896225]:5114 0 339 0
[0.03144213828399862, 0.13709810144740406, 13, 10, 474, 7, 0.5137209055617954]:4805 310 287 51
[0.03144213828399862, 0.13709810144740406, 13, 10, 474, 7, 0.5137209055617954]:4818 296 289 50
[0.03144213828399862, 0.13709810144740406, 13, 10, 474, 7, 0.5137209055617954]:4797 318 279 59
[0.01075617859563394, 0.005344625809064773, 13, 9, 478, 1, 0.8560126598896225]:5114 0 338 0
[0.01075617859563394, 0.005344625809064773, 13, 9, 478, 1, 0.8560126598896225]:5115 0 338 0
[0.03144213828399862, 0.13709810144740406, 13, 10, 474, 7, 0.5137209055617954]:4824 291 284 54
[0.03144213828399862, 0.13709810144740406, 13, 10, 474, 7, 0.5137209055617954]:4804 310 288 51
[0.03144213828399862, 0.13709810144740406, 13, 10, 474, 7, 0.5137209055617954]:4778 336 286 53
[0.03144213828399862, 0.13709810144740406, 13, 10, 474, 7, 0.5137209055617954]:4787 328 288 50
[0.12364657705025614, 0.4131549809953468, 13, 10, 358, 20, 0.04350938995872344]:2929 2186 139 199
[0.020604852120215074, 0.07853498322430325, 12, 9, 314, 10, 0.44896049392507187]:4610 505 254 84
[0.12364657705025614, 0.4131549809953468, 13, 10, 358, 20, 0.04350938995872344]:2713 2401 149 190
[0.020604852120215074, 0.07853498322430325, 12, 9, 314, 10, 0.44896049392507187]:4596 518 246 93
[0.020604852120215074, 0.07853498322430325, 12, 9, 314, 10, 0.44896049392507187]:4637 478 269 69
[0.12364657705025614, 0.4131549809953468, 13, 10, 358, 20, 0.04350938995872344]:2695 2420 139 199
[0.020604852120215074, 0.07853498322430325, 12, 9, 314, 10, 0.44896049392507187]:4590 524 265 74
[0.12364657705025614, 0.4131549809953468, 13, 10, 358, 20, 0.04350938995872344]:2655 2459 127 212
[0.020604852120215074, 0.07853498322430325, 12, 9, 314, 10, 0.44896049392507187]:4622 493 251 87
[0.12364657705025614, 0.4131549809953468, 13, 10, 358, 20, 0.04350938995872344]:2905 2209 154 185
[0.12364657705025614, 0.4131549809953468, 13, 10, 358, 20, 0.04350938995872344]:2704 2411 146 192
[0.020604852120215074, 0.07853498322430325, 12, 9, 314, 10, 0.44896049392507187]:4602 513 251 87
[0.12364657705025614, 0.4131549809953468, 13, 10, 358, 20, 0.04350938995872344]:2795 2320 151 187
[0.020604852120215074, 0.07853498322430325, 12, 9, 314, 10, 0.44896049392507187]:4561 554 271 67
[0.12364657705025614, 0.4131549809953468, 13, 10, 358, 20, 0.04350938995872344]:2805 2310 147 191
[0.020604852120215074, 0.07853498322430325, 12, 9, 314, 10, 0.44896049392507187]:4610 504 254 85
[0.12364657705025614, 0.4131549809953468, 13, 10, 358, 20, 0.04350938995872344]:2915 2199 151 188
[0.020604852120215074, 0.07853498322430325, 12, 9, 314, 10, 0.44896049392507187]:4636 478 256 83
[0.12364657705025614, 0.4131549809953468, 13, 10, 358, 20, 0.04350938995872344]:2476 2638 135 203
[0.020604852120215074, 0.07853498322430325, 12, 9, 314, 10, 0.44896049392507187]:4516 598 258 80
[0.8411282134206195, 0.49999999999999994, 15, 5, 500, 17, 0.024467977970754975]:2762 2353 143 195
[0.8411282134206195, 0.49999999999999994, 15, 5, 500, 17, 0.024467977970754975]:2817 2297 163 176
[0.8411282134206195, 0.49999999999999994, 15, 5, 500, 17, 0.024467977970754975]:3060 2055 179 159
[0.8411282134206195, 0.49999999999999994, 15, 5, 500, 17, 0.024467977970754975]:2702 2412 155 183
[0.8411282134206195, 0.49999999999999994, 15, 5, 500, 17, 0.024467977970754975]:2893 2221 163 176
[0.8411282134206195, 0.49999999999999994, 15, 5, 500, 17, 0.024467977970754975]:3050 2065 173 165
[0.8411282134206195, 0.49999999999999994, 15, 5, 500, 17, 0.024467977970754975]:2832 2283 134 204
[0.8411282134206195, 0.49999999999999994, 15, 5, 500, 17, 0.024467977970754975]:2980 2134 155 184
[0.8411282134206195, 0.49999999999999994, 15, 5, 500, 17, 0.024467977970754975]:2915 2200 169 169
[0.8411282134206195, 0.49999999999999994, 15, 5, 500, 17, 0.024467977970754975]:2863 2251 175 164
[0.06312701527111354, 0.0056637461658269606, 4, 8, 111, 12, 0.7486441348137614]:5115 0 338 0
[0.012736626581929913, 0.2158972267638496, 6, 10, 139, 30, 0.25136018781249697]:566 4549 21 317
[0.06312701527111354, 0.0056637461658269606, 4, 8, 111, 12, 0.7486441348137614]:5115 0 338 0
[0.06312701527111354, 0.0056637461658269606, 4, 8, 111, 12, 0.7486441348137614]:5115 0 338 0
[0.06312701527111354, 0.0056637461658269606, 4, 8, 111, 12, 0.7486441348137614]:5115 0 338 0
[0.06312701527111354, 0.0056637461658269606, 4, 8, 111, 12, 0.7486441348137614]:5114 0 339 0
[0.012736626581929913, 0.2158972267638496, 6, 10, 139, 30, 0.25136018781249697]:593 4521 17 322
[0.012736626581929913, 0.2158972267638496, 6, 10, 139, 30, 0.25136018781249697]:574 4540 15 324
[0.06312701527111354, 0.0056637461658269606, 4, 8, 111, 12, 0.7486441348137614]:5114 0 339 0
[0.06312701527111354, 0.0056637461658269606, 4, 8, 111, 12, 0.7486441348137614]:5114 0 339 0
[0.06312701527111354, 0.0056637461658269606, 4, 8, 111, 12, 0.7486441348137614]:5115 0 338 0
[0.012736626581929913, 0.2158972267638496, 6, 10, 139, 30, 0.25136018781249697]:630 4485 25 313
[0.012736626581929913, 0.2158972267638496, 6, 10, 139, 30, 0.25136018781249697]:610 4505 22 316
[0.06312701527111354, 0.0056637461658269606, 4, 8, 111, 12, 0.7486441348137614]:5114 0 339 0
[0.06312701527111354, 0.0056637461658269606, 4, 8, 111, 12, 0.7486441348137614]:5104 10 335 3
[0.012736626581929913, 0.2158972267638496, 6, 10, 139, 30, 0.25136018781249697]:656 4459 17 321
[0.012736626581929913, 0.2158972267638496, 6, 10, 139, 30, 0.25136018781249697]:761 4353 29 310
[0.012736626581929913, 0.2158972267638496, 6, 10, 139, 30, 0.25136018781249697]:662 4452 28 311
[0.012736626581929913, 0.2158972267638496, 6, 10, 139, 30, 0.25136018781249697]:1015 4099 33 305
[0.012736626581929913, 0.2158972267638496, 6, 10, 139, 30, 0.25136018781249697]:641 4474 17 321
[0.5588759019134231, 0.29066536227841394, 14, 5, 495, 36, 0.020539770311839026]:2244 2870 129 209
[0.5588759019134231, 0.29066536227841394, 14, 5, 495, 36, 0.020539770311839026]:2013 3101 106 233
[0.5588759019134231, 0.29066536227841394, 14, 5, 495, 36, 0.020539770311839026]:2127 2988 117 221
[0.5588759019134231, 0.29066536227841394, 14, 5, 495, 36, 0.020539770311839026]:2176 2939 119 219
[0.5588759019134231, 0.29066536227841394, 14, 5, 495, 36, 0.020539770311839026]:2338 2777 141 197
[0.5588759019134231, 0.29066536227841394, 14, 5, 495, 36, 0.020539770311839026]:2228 2886 105 234
[0.5588759019134231, 0.29066536227841394, 14, 5, 495, 36, 0.020539770311839026]:2555 2559 138 201
[0.5588759019134231, 0.29066536227841394, 14, 5, 495, 36, 0.020539770311839026]:2139 2975 118 221
[0.5588759019134231, 0.29066536227841394, 14, 5, 495, 36, 0.020539770311839026]:2246 2869 109 229
[0.5588759019134231, 0.29066536227841394, 14, 5, 495, 36, 0.020539770311839026]:2027 3088 118 220
[0.0331296406866461, 0.06969841698859344, 15, 10, 258, 1, 0.99]:5115 0 338 0
[0.0331296406866461, 0.06969841698859344, 15, 10, 258, 1, 0.99]:5114 0 339 0
[0.0331296406866461, 0.06969841698859344, 15, 10, 258, 1, 0.99]:5114 0 339 0
[0.0331296406866461, 0.06969841698859344, 15, 10, 258, 1, 0.99]:5115 0 338 0
[0.0331296406866461, 0.06969841698859344, 15, 10, 258, 1, 0.99]:5114 0 339 0
[0.0331296406866461, 0.06969841698859344, 15, 10, 258, 1, 0.99]:5115 0 338 0
[0.0331296406866461, 0.06969841698859344, 15, 10, 258, 1, 0.99]:5115 0 338 0
[0.0331296406866461, 0.06969841698859344, 15, 10, 258, 1, 0.99]:5114 0 339 0
[0.0331296406866461, 0.06969841698859344, 15, 10, 258, 1, 0.99]:5115 0 338 0
[0.0331296406866461, 0.06969841698859344, 15, 10, 258, 1, 0.99]:5114 0 338 0
[0.021182622453340356, 0.00878028789255822, 15, 8, 379, 35, 0.17795249241612218]:0 5114 0 339
[0.021182622453340356, 0.00878028789255822, 15, 8, 379, 35, 0.17795249241612218]:0 5114 0 339
[0.021182622453340356, 0.00878028789255822, 15, 8, 379, 35, 0.17795249241612218]:0 5114 0 339
[0.021182622453340356, 0.00878028789255822, 15, 8, 379, 35, 0.17795249241612218]:0 5115 0 338
[0.021182622453340356, 0.00878028789255822, 15, 8, 379, 35, 0.17795249241612218]:0 5115 0 338
[0.021182622453340356, 0.00878028789255822, 15, 8, 379, 35, 0.17795249241612218]:0 5115 0 338
[0.021182622453340356, 0.00878028789255822, 15, 8, 379, 35, 0.17795249241612218]:0 5114 0 338
[0.021182622453340356, 0.00878028789255822, 15, 8, 379, 35, 0.17795249241612218]:0 5114 0 339
[0.021182622453340356, 0.00878028789255822, 15, 8, 379, 35, 0.17795249241612218]:0 5115 0 338
[0.021182622453340356, 0.00878028789255822, 15, 8, 379, 35, 0.17795249241612218]:0 5115 0 338
[0.15039074685835682, 0.011184324495639863, 15, 6, 427, 100, 0.03006732537551935]:0 5114 0 339
[0.15039074685835682, 0.011184324495639863, 15, 6, 427, 100, 0.03006732537551935]:0 5114 0 339
[0.15039074685835682, 0.011184324495639863, 15, 6, 427, 100, 0.03006732537551935]:2 5113 1 337
[0.15039074685835682, 0.011184324495639863, 15, 6, 427, 100, 0.03006732537551935]:1 5113 0 339
[0.15039074685835682, 0.011184324495639863, 15, 6, 427, 100, 0.03006732537551935]:0 5115 0 338
[0.15039074685835682, 0.011184324495639863, 15, 6, 427, 100, 0.03006732537551935]:0 5115 0 338
[0.15039074685835682, 0.011184324495639863, 15, 6, 427, 100, 0.03006732537551935]:0 5114 0 338
[0.15039074685835682, 0.011184324495639863, 15, 6, 427, 100, 0.03006732537551935]:0 5115 0 338
[0.15039074685835682, 0.011184324495639863, 15, 6, 427, 100, 0.03006732537551935]:0 5115 0 338
[0.15039074685835682, 0.011184324495639863, 15, 6, 427, 100, 0.03006732537551935]:0 5114 0 339
[0.03737517664191057, 0.2570201170631002, 11, 9, 309, 10, 0.1523813478817795]:4157 957 216 123
[0.03737517664191057, 0.2570201170631002, 11, 9, 309, 10, 0.1523813478817795]:4213 901 219 120
[0.03737517664191057, 0.2570201170631002, 11, 9, 309, 10, 0.1523813478817795]:4219 896 208 130
[0.03737517664191057, 0.2570201170631002, 11, 9, 309, 10, 0.1523813478817795]:4246 869 237 101
[0.03737517664191057, 0.2570201170631002, 11, 9, 309, 10, 0.1523813478817795]:4285 829 232 107
[0.03737517664191057, 0.2570201170631002, 11, 9, 309, 10, 0.1523813478817795]:4177 938 230 108
[0.03737517664191057, 0.2570201170631002, 11, 9, 309, 10, 0.1523813478817795]:4186 929 237 101
[0.03737517664191057, 0.2570201170631002, 11, 9, 309, 10, 0.1523813478817795]:4321 793 222 117
[0.03737517664191057, 0.2570201170631002, 11, 9, 309, 10, 0.1523813478817795]:4270 844 220 118
[0.03737517664191057, 0.2570201170631002, 11, 9, 309, 10, 0.1523813478817795]:4137 978 233 105
[0.022902512001810333, 0.045310580244829625, 12, 10, 352, 10, 0.17011311724444017]:4706 409 281 57
[0.022587807692645796, 0.1236863091181787, 13, 9, 369, 10, 0.2914263941063561]:4395 720 237 101
[0.022902512001810333, 0.045310580244829625, 12, 10, 352, 10, 0.17011311724444017]:4656 458 256 82
[0.022902512001810333, 0.045310580244829625, 12, 10, 352, 10, 0.17011311724444017]:4751 364 256 82
[0.022902512001810333, 0.045310580244829625, 12, 10, 352, 10, 0.17011311724444017]:4763 351 278 61
[0.022902512001810333, 0.045310580244829625, 12, 10, 352, 10, 0.17011311724444017]:4787 328 282 56
[0.022587807692645796, 0.1236863091181787, 13, 9, 369, 10, 0.2914263941063561]:4443 672 260 78
[0.022587807692645796, 0.1236863091181787, 13, 9, 369, 10, 0.2914263941063561]:4392 722 243 96
[0.022902512001810333, 0.045310580244829625, 12, 10, 352, 10, 0.17011311724444017]:4747 367 282 57
[0.022902512001810333, 0.045310580244829625, 12, 10, 352, 10, 0.17011311724444017]:4725 389 259 80
[0.022902512001810333, 0.045310580244829625, 12, 10, 352, 10, 0.17011311724444017]:4724 391 263 75
[0.022902512001810333, 0.045310580244829625, 12, 10, 352, 10, 0.17011311724444017]:4731 384 273 65
[0.022587807692645796, 0.1236863091181787, 13, 9, 369, 10, 0.2914263941063561]:4414 700 232 107
[0.022587807692645796, 0.1236863091181787, 13, 9, 369, 10, 0.2914263941063561]:4439 676 246 92
[0.022902512001810333, 0.045310580244829625, 12, 10, 352, 10, 0.17011311724444017]:4733 381 266 73
[0.022587807692645796, 0.1236863091181787, 13, 9, 369, 10, 0.2914263941063561]:4367 748 251 87
[0.022587807692645796, 0.1236863091181787, 13, 9, 369, 10, 0.2914263941063561]:4439 676 233 105
[0.022587807692645796, 0.1236863091181787, 13, 9, 369, 10, 0.2914263941063561]:4441 673 244 95
[0.022587807692645796, 0.1236863091181787, 13, 9, 369, 10, 0.2914263941063561]:4412 702 236 103
[0.022587807692645796, 0.1236863091181787, 13, 9, 369, 10, 0.2914263941063561]:4372 742 242 96
[0.05854284556056229, 0.4793183920482869, 7, 8, 165, 24, 0.03396623118686504]:2236 2878 110 229
[0.24503366297986792, 0.005, 3, 5, 145, 9, 0.9085263810062699]:5112 3 337 1
[0.05854284556056229, 0.4793183920482869, 7, 8, 165, 24, 0.03396623118686504]:2054 3060 83 256
[0.24503366297986792, 0.005, 3, 5, 145, 9, 0.9085263810062699]:5112 2 339 0
[0.24503366297986792, 0.005, 3, 5, 145, 9, 0.9085263810062699]:5113 2 337 1
[0.24503366297986792, 0.005, 3, 5, 145, 9, 0.9085263810062699]:5113 2 338 0
[0.05854284556056229, 0.4793183920482869, 7, 8, 165, 24, 0.03396623118686504]:2005 3110 94 244
[0.05854284556056229, 0.4793183920482869, 7, 8, 165, 24, 0.03396623118686504]:2087 3028 92 246
[0.05854284556056229, 0.4793183920482869, 7, 8, 165, 24, 0.03396623118686504]:2105 3010 112 226
[0.05854284556056229, 0.4793183920482869, 7, 8, 165, 24, 0.03396623118686504]:1913 3201 88 251
[0.24503366297986792, 0.005, 3, 5, 145, 9, 0.9085263810062699]:5111 4 336 2
[0.24503366297986792, 0.005, 3, 5, 145, 9, 0.9085263810062699]:5113 1 339 0
[0.24503366297986792, 0.005, 3, 5, 145, 9, 0.9085263810062699]:5111 3 339 0
[0.05854284556056229, 0.4793183920482869, 7, 8, 165, 24, 0.03396623118686504]:1818 3297 78 260
[0.05854284556056229, 0.4793183920482869, 7, 8, 165, 24, 0.03396623118686504]:2199 2915 93 246
[0.24503366297986792, 0.005, 3, 5, 145, 9, 0.9085263810062699]:5110 5 334 4
[0.24503366297986792, 0.005, 3, 5, 145, 9, 0.9085263810062699]:5099 15 329 9
[0.24503366297986792, 0.005, 3, 5, 145, 9, 0.9085263810062699]:5112 2 338 1
[0.05854284556056229, 0.4793183920482869, 7, 8, 165, 24, 0.03396623118686504]:2026 3089 97 241
[0.05854284556056229, 0.4793183920482869, 7, 8, 165, 24, 0.03396623118686504]:1976 3138 107 231
[0.09883184409570613, 0.009162997579247097, 13, 9, 270, 15, 0.2651712405157232]:3472 1643 167 171
[0.09883184409570613, 0.009162997579247097, 13, 9, 270, 15, 0.2651712405157232]:3660 1454 180 159
[0.09883184409570613, 0.009162997579247097, 13, 9, 270, 15, 0.2651712405157232]:3537 1578 153 185
[0.09883184409570613, 0.009162997579247097, 13, 9, 270, 15, 0.2651712405157232]:3616 1499 179 159
[0.09883184409570613, 0.009162997579247097, 13, 9, 270, 15, 0.2651712405157232]:3424 1690 163 176
[0.09883184409570613, 0.009162997579247097, 13, 9, 270, 15, 0.2651712405157232]:3581 1533 162 177
[0.09883184409570613, 0.009162997579247097, 13, 9, 270, 15, 0.2651712405157232]:3641 1473 164 175
[0.09883184409570613, 0.009162997579247097, 13, 9, 270, 15, 0.2651712405157232]:3605 1510 166 172
[0.09883184409570613, 0.009162997579247097, 13, 9, 270, 15, 0.2651712405157232]:3639 1476 190 148
[0.09883184409570613, 0.009162997579247097, 13, 9, 270, 15, 0.2651712405157232]:3766 1348 175 163
[0.018522281000867627, 0.4267670334181582, 13, 9, 165, 6, 0.09963944701170689]:4767 347 279 60
[0.018522281000867627, 0.4267670334181582, 13, 9, 165, 6, 0.09963944701170689]:4755 359 288 51
[0.018522281000867627, 0.4267670334181582, 13, 9, 165, 6, 0.09963944701170689]:4668 447 279 59
[0.018522281000867627, 0.4267670334181582, 13, 9, 165, 6, 0.09963944701170689]:4710 404 277 62
[0.018522281000867627, 0.4267670334181582, 13, 9, 165, 6, 0.09963944701170689]:4705 410 279 59
[0.018522281000867627, 0.4267670334181582, 13, 9, 165, 6, 0.09963944701170689]:4752 363 278 60
[0.018522281000867627, 0.4267670334181582, 13, 9, 165, 6, 0.09963944701170689]:4767 347 286 53
[0.018522281000867627, 0.4267670334181582, 13, 9, 165, 6, 0.09963944701170689]:4775 340 291 47
[0.018522281000867627, 0.4267670334181582, 13, 9, 165, 6, 0.09963944701170689]:4676 439 287 51
[0.018522281000867627, 0.4267670334181582, 13, 9, 165, 6, 0.09963944701170689]:4686 428 281 57
[0.122715853288614, 0.2298169366644935, 7, 5, 500, 44, 0.02594629151831368]:1041 4073 54 285
[0.2662910214695988, 0.00832072755564329, 11, 9, 344, 14, 0.05439876658689237]:4346 769 250 88
[0.122715853288614, 0.2298169366644935, 7, 5, 500, 44, 0.02594629151831368]:1309 3805 54 285
[0.122715853288614, 0.2298169366644935, 7, 5, 500, 44, 0.02594629151831368]:1224 3890 60 279
[0.2662910214695988, 0.00832072755564329, 11, 9, 344, 14, 0.05439876658689237]:4397 718 234 104
[0.122715853288614, 0.2298169366644935, 7, 5, 500, 44, 0.02594629151831368]:1330 3785 58 280
[0.2662910214695988, 0.00832072755564329, 11, 9, 344, 14, 0.05439876658689237]:4413 701 241 98
[0.2662910214695988, 0.00832072755564329, 11, 9, 344, 14, 0.05439876658689237]:4342 772 221 118
[0.122715853288614, 0.2298169366644935, 7, 5, 500, 44, 0.02594629151831368]:1366 3749 62 276
[0.122715853288614, 0.2298169366644935, 7, 5, 500, 44, 0.02594629151831368]:1436 3678 69 269
[0.122715853288614, 0.2298169366644935, 7, 5, 500, 44, 0.02594629151831368]:1166 3949 55 283
[0.2662910214695988, 0.00832072755564329, 11, 9, 344, 14, 0.05439876658689237]:4405 710 236 102
[0.122715853288614, 0.2298169366644935, 7, 5, 500, 44, 0.02594629151831368]:1193 3921 54 285
[0.122715853288614, 0.2298169366644935, 7, 5, 500, 44, 0.02594629151831368]:1243 3872 54 284
[0.122715853288614, 0.2298169366644935, 7, 5, 500, 44, 0.02594629151831368]:1408 3707 66 272
[0.2662910214695988, 0.00832072755564329, 11, 9, 344, 14, 0.05439876658689237]:4404 711 225 113
[0.2662910214695988, 0.00832072755564329, 11, 9, 344, 14, 0.05439876658689237]:4430 684 233 106
[0.2662910214695988, 0.00832072755564329, 11, 9, 344, 14, 0.05439876658689237]:4363 751 222 116
[0.2662910214695988, 0.00832072755564329, 11, 9, 344, 14, 0.05439876658689237]:4405 709 226 113
[0.2662910214695988, 0.00832072755564329, 11, 9, 344, 14, 0.05439876658689237]:4375 740 251 87
[0.3446581417991198, 0.49999999999999994, 15, 8, 80, 45, 0.039725184859721256]:2190 2925 114 224
[0.3446581417991198, 0.49999999999999994, 15, 8, 80, 45, 0.039725184859721256]:2195 2919 121 218
[0.3446581417991198, 0.49999999999999994, 15, 8, 80, 45, 0.039725184859721256]:2199 2915 136 203
[0.3446581417991198, 0.49999999999999994, 15, 8, 80, 45, 0.039725184859721256]:2196 2919 119 219
[0.3446581417991198, 0.49999999999999994, 15, 8, 80, 45, 0.039725184859721256]:1770 3344 109 229
[0.3446581417991198, 0.49999999999999994, 15, 8, 80, 45, 0.039725184859721256]:2184 2930 109 230
[0.3446581417991198, 0.49999999999999994, 15, 8, 80, 45, 0.039725184859721256]:2095 3020 109 229
[0.3446581417991198, 0.49999999999999994, 15, 8, 80, 45, 0.039725184859721256]:2127 2987 113 226
[0.3446581417991198, 0.49999999999999994, 15, 8, 80, 45, 0.039725184859721256]:1973 3142 91 247
[0.3446581417991198, 0.49999999999999994, 15, 8, 80, 45, 0.039725184859721256]:2343 2772 121 217
[0.6233705561000993, 0.37233492358705955, 15, 6, 175, 48, 0.01322142023828025]:1268 3846 71 268
[0.6233705561000993, 0.37233492358705955, 15, 6, 175, 48, 0.01322142023828025]:1743 3372 100 238
[0.6233705561000993, 0.37233492358705955, 15, 6, 175, 48, 0.01322142023828025]:1547 3567 96 242
[0.6233705561000993, 0.37233492358705955, 15, 6, 175, 48, 0.01322142023828025]:1783 3332 90 248
[0.6233705561000993, 0.37233492358705955, 15, 6, 175, 48, 0.01322142023828025]:1719 3395 80 259
[0.6233705561000993, 0.37233492358705955, 15, 6, 175, 48, 0.01322142023828025]:1831 3284 99 239
[0.6233705561000993, 0.37233492358705955, 15, 6, 175, 48, 0.01322142023828025]:1564 3550 92 247
[0.6233705561000993, 0.37233492358705955, 15, 6, 175, 48, 0.01322142023828025]:1560 3554 87 252
[0.6233705561000993, 0.37233492358705955, 15, 6, 175, 48, 0.01322142023828025]:2127 2988 114 224
[0.6233705561000993, 0.37233492358705955, 15, 6, 175, 48, 0.01322142023828025]:1853 3262 94 244
[0.01990887865310536, 0.005, 13, 8, 499, 47, 0.14230389022387804]:0 5115 0 338
[0.01990887865310536, 0.005, 13, 8, 499, 47, 0.14230389022387804]:0 5115 0 338
[0.01990887865310536, 0.005, 13, 8, 499, 47, 0.14230389022387804]:0 5115 0 338
[0.01990887865310536, 0.005, 13, 8, 499, 47, 0.14230389022387804]:0 5114 0 339
[0.01990887865310536, 0.005, 13, 8, 499, 47, 0.14230389022387804]:0 5114 0 339
[0.01990887865310536, 0.005, 13, 8, 499, 47, 0.14230389022387804]:0 5114 0 339
[0.01990887865310536, 0.005, 13, 8, 499, 47, 0.14230389022387804]:0 5115 0 338
[0.01990887865310536, 0.005, 13, 8, 499, 47, 0.14230389022387804]:0 5115 0 338
[0.01990887865310536, 0.005, 13, 8, 499, 47, 0.14230389022387804]:0 5114 0 338
[0.01990887865310536, 0.005, 13, 8, 499, 47, 0.14230389022387804]:0 5114 0 339
[0.017843962465510475, 0.49999999999999994, 14, 6, 232, 72, 0.014450963553291675]:1040 4075 61 277
[0.017843962465510475, 0.49999999999999994, 14, 6, 232, 72, 0.014450963553291675]:1046 4069 47 291
[0.017843962465510475, 0.49999999999999994, 14, 6, 232, 72, 0.014450963553291675]:1232 3883 63 275
[0.017843962465510475, 0.49999999999999994, 14, 6, 232, 72, 0.014450963553291675]:1270 3845 60 278
[0.017843962465510475, 0.49999999999999994, 14, 6, 232, 72, 0.014450963553291675]:978 4136 56 283
[0.017843962465510475, 0.49999999999999994, 14, 6, 232, 72, 0.014450963553291675]:950 4165 60 278
[0.017843962465510475, 0.49999999999999994, 14, 6, 232, 72, 0.014450963553291675]:956 4158 41 298
[0.017843962465510475, 0.49999999999999994, 14, 6, 232, 72, 0.014450963553291675]:1080 4034 69 270
[0.017843962465510475, 0.49999999999999994, 14, 6, 232, 72, 0.014450963553291675]:972 4142 53 286
[0.017843962465510475, 0.49999999999999994, 14, 6, 232, 72, 0.014450963553291675]:1040 4074 54 284
[0.47860597423694207, 0.005357601185600249, 15, 8, 92, 74, 0.6499575588325796]:53 5061 1 338
[0.47860597423694207, 0.005357601185600249, 15, 8, 92, 74, 0.6499575588325796]:47 5067 2 337
[0.47860597423694207, 0.005357601185600249, 15, 8, 92, 74, 0.6499575588325796]:71 5043 1 338
[0.47860597423694207, 0.005357601185600249, 15, 8, 92, 74, 0.6499575588325796]:43 5072 0 338
[0.47860597423694207, 0.005357601185600249, 15, 8, 92, 74, 0.6499575588325796]:61 5053 0 339
[0.47860597423694207, 0.005357601185600249, 15, 8, 92, 74, 0.6499575588325796]:55 5060 0 338
[0.47860597423694207, 0.005357601185600249, 15, 8, 92, 74, 0.6499575588325796]:73 5042 1 337
[0.47860597423694207, 0.005357601185600249, 15, 8, 92, 74, 0.6499575588325796]:63 5052 1 337
[0.47860597423694207, 0.005357601185600249, 15, 8, 92, 74, 0.6499575588325796]:58 5057 2 336
[0.47860597423694207, 0.005357601185600249, 15, 8, 92, 74, 0.6499575588325796]:79 5035 6 332
[0.363379918034901, 0.21698374010644825, 15, 8, 306, 70, 0.45759854769006275]:3633 1482 212 126
[0.363379918034901, 0.21698374010644825, 15, 8, 306, 70, 0.45759854769006275]:3566 1549 195 143
[0.363379918034901, 0.21698374010644825, 15, 8, 306, 70, 0.45759854769006275]:3815 1299 217 121
[0.363379918034901, 0.21698374010644825, 15, 8, 306, 70, 0.45759854769006275]:3524 1590 198 141
[0.363379918034901, 0.21698374010644825, 15, 8, 306, 70, 0.45759854769006275]:3602 1512 198 141
[0.363379918034901, 0.21698374010644825, 15, 8, 306, 70, 0.45759854769006275]:3607 1507 216 123
[0.363379918034901, 0.21698374010644825, 15, 8, 306, 70, 0.45759854769006275]:3561 1553 188 151
[0.363379918034901, 0.21698374010644825, 15, 8, 306, 70, 0.45759854769006275]:3625 1490 208 130
[0.363379918034901, 0.21698374010644825, 15, 8, 306, 70, 0.45759854769006275]:3541 1574 204 134
[0.363379918034901, 0.21698374010644825, 15, 8, 306, 70, 0.45759854769006275]:3631 1484 216 122
[0.11107757491203503, 0.005, 10, 6, 79, 16, 0.061602423104653053]:2190 2925 101 237
[0.11107757491203503, 0.005, 10, 6, 79, 16, 0.061602423104653053]:2120 2995 102 236
[0.11107757491203503, 0.005, 10, 6, 79, 16, 0.061602423104653053]:2305 2810 83 255
[0.11107757491203503, 0.005, 10, 6, 79, 16, 0.061602423104653053]:1560 3554 64 275
[0.11107757491203503, 0.005, 10, 6, 79, 16, 0.061602423104653053]:1968 3146 87 252
[0.11107757491203503, 0.005, 10, 6, 79, 16, 0.061602423104653053]:2547 2568 103 235
[0.11107757491203503, 0.005, 10, 6, 79, 16, 0.061602423104653053]:2107 3007 96 243
[0.11107757491203503, 0.005, 10, 6, 79, 16, 0.061602423104653053]:1601 3514 67 271
[0.11107757491203503, 0.005, 10, 6, 79, 16, 0.061602423104653053]:2976 2138 147 191
[0.11107757491203503, 0.005, 10, 6, 79, 16, 0.061602423104653053]:1943 3171 80 259
[0.3566160902080094, 0.005, 15, 7, 177, 62, 0.027225969008450254]:42 5072 2 337
[0.3566160902080094, 0.005, 15, 7, 177, 62, 0.027225969008450254]:26 5089 1 337
[0.3566160902080094, 0.005, 15, 7, 177, 62, 0.027225969008450254]:40 5075 0 338
[0.3566160902080094, 0.005, 15, 7, 177, 62, 0.027225969008450254]:42 5073 1 337
[0.419172430324872, 0.49999999999999994, 15, 10, 331, 59, 0.010968397161846413]:1214 3900 62 277
[0.3566160902080094, 0.005, 15, 7, 177, 62, 0.027225969008450254]:600 4514 15 323
[0.3566160902080094, 0.005, 15, 7, 177, 62, 0.027225969008450254]:36 5079 1 337
[0.419172430324872, 0.49999999999999994, 15, 10, 331, 59, 0.010968397161846413]:1525 3590 67 271
[0.3566160902080094, 0.005, 15, 7, 177, 62, 0.027225969008450254]:35 5079 0 339
[0.419172430324872, 0.49999999999999994, 15, 10, 331, 59, 0.010968397161846413]:770 4345 41 297
[0.419172430324872, 0.49999999999999994, 15, 10, 331, 59, 0.010968397161846413]:1503 3611 68 271
[0.419172430324872, 0.49999999999999994, 15, 10, 331, 59, 0.010968397161846413]:1248 3866 59 280
[0.419172430324872, 0.49999999999999994, 15, 10, 331, 59, 0.010968397161846413]:1307 3808 82 256
[0.419172430324872, 0.49999999999999994, 15, 10, 331, 59, 0.010968397161846413]:1357 3757 56 282
[0.419172430324872, 0.49999999999999994, 15, 10, 331, 59, 0.010968397161846413]:1318 3797 75 263
[0.3566160902080094, 0.005, 15, 7, 177, 62, 0.027225969008450254]:36 5079 0 338
[0.3566160902080094, 0.005, 15, 7, 177, 62, 0.027225969008450254]:60 5054 2 337
[0.419172430324872, 0.49999999999999994, 15, 10, 331, 59, 0.010968397161846413]:1354 3761 91 247
[0.3566160902080094, 0.005, 15, 7, 177, 62, 0.027225969008450254]:119 4995 1 338
[0.419172430324872, 0.49999999999999994, 15, 10, 331, 59, 0.010968397161846413]:1653 3461 91 248
[0.035071438637428, 0.021487628191858222, 15, 10, 256, 91, 0.1742296324238767]:0 5115 0 338
[0.035071438637428, 0.021487628191858222, 15, 10, 256, 91, 0.1742296324238767]:0 5114 0 339
[0.035071438637428, 0.021487628191858222, 15, 10, 256, 91, 0.1742296324238767]:0 5114 0 339
[0.035071438637428, 0.021487628191858222, 15, 10, 256, 91, 0.1742296324238767]:0 5115 0 338
[0.035071438637428, 0.021487628191858222, 15, 10, 256, 91, 0.1742296324238767]:0 5115 0 338
[0.035071438637428, 0.021487628191858222, 15, 10, 256, 91, 0.1742296324238767]:0 5115 0 338
[0.035071438637428, 0.021487628191858222, 15, 10, 256, 91, 0.1742296324238767]:0 5115 0 338
[0.035071438637428, 0.021487628191858222, 15, 10, 256, 91, 0.1742296324238767]:0 5114 0 339
[0.035071438637428, 0.021487628191858222, 15, 10, 256, 91, 0.1742296324238767]:0 5114 0 338
[0.035071438637428, 0.021487628191858222, 15, 10, 256, 91, 0.1742296324238767]:0 5114 0 339
[0.01049264353071445, 0.0050840817551101305, 12, 10, 317, 12, 0.4128956647716458]:5104 10 336 3
[0.01049264353071445, 0.0050840817551101305, 12, 10, 317, 12, 0.4128956647716458]:5106 9 334 4
[0.01049264353071445, 0.0050840817551101305, 12, 10, 317, 12, 0.4128956647716458]:5109 5 337 2
[0.01049264353071445, 0.0050840817551101305, 12, 10, 317, 12, 0.4128956647716458]:5101 14 336 2
[0.01049264353071445, 0.0050840817551101305, 12, 10, 317, 12, 0.4128956647716458]:5105 9 334 5
[0.01049264353071445, 0.0050840817551101305, 12, 10, 317, 12, 0.4128956647716458]:5111 4 332 6
[0.01049264353071445, 0.0050840817551101305, 12, 10, 317, 12, 0.4128956647716458]:5105 9 337 2
[0.01049264353071445, 0.0050840817551101305, 12, 10, 317, 12, 0.4128956647716458]:5086 28 326 12
[0.01049264353071445, 0.0050840817551101305, 12, 10, 317, 12, 0.4128956647716458]:5110 5 332 6
[0.01049264353071445, 0.0050840817551101305, 12, 10, 317, 12, 0.4128956647716458]:5104 11 334 4
[0.9478425566351794, 0.028582674609712186, 15, 5, 392, 91, 0.03572571997757754]:4045 1070 202 136
[0.9478425566351794, 0.028582674609712186, 15, 5, 392, 91, 0.03572571997757754]:3970 1144 215 124
[0.9478425566351794, 0.028582674609712186, 15, 5, 392, 91, 0.03572571997757754]:3902 1212 208 130
[0.9478425566351794, 0.028582674609712186, 15, 5, 392, 91, 0.03572571997757754]:3939 1175 206 133
[0.9478425566351794, 0.028582674609712186, 15, 5, 392, 91, 0.03572571997757754]:3972 1143 228 110
[0.9478425566351794, 0.028582674609712186, 15, 5, 392, 91, 0.03572571997757754]:3965 1150 229 109
[0.9478425566351794, 0.028582674609712186, 15, 5, 392, 91, 0.03572571997757754]:4044 1070 225 114
[0.9478425566351794, 0.028582674609712186, 15, 5, 392, 91, 0.03572571997757754]:3963 1151 218 121
[0.9478425566351794, 0.028582674609712186, 15, 5, 392, 91, 0.03572571997757754]:3921 1194 212 126
[0.9478425566351794, 0.028582674609712186, 15, 5, 392, 91, 0.03572571997757754]:4071 1044 228 110
[0.14966853748534253, 0.006716927030876038, 4, 10, 436, 26, 0.022433163167810216]:99 5016 0 338
[0.14966853748534253, 0.006716927030876038, 4, 10, 436, 26, 0.022433163167810216]:107 5007 4 335
[0.14966853748534253, 0.006716927030876038, 4, 10, 436, 26, 0.022433163167810216]:154 4960 6 333
[0.14966853748534253, 0.006716927030876038, 4, 10, 436, 26, 0.022433163167810216]:62 5053 2 336
[0.14966853748534253, 0.006716927030876038, 4, 10, 436, 26, 0.022433163167810216]:74 5041 0 338
[0.14966853748534253, 0.006716927030876038, 4, 10, 436, 26, 0.022433163167810216]:56 5059 0 338
[0.14966853748534253, 0.006716927030876038, 4, 10, 436, 26, 0.022433163167810216]:85 5030 1 337
[0.36149188525921006, 0.2983342930979543, 15, 5, 217, 14, 0.04626633402363137]:3353 1762 190 148
[0.36149188525921006, 0.2983342930979543, 15, 5, 217, 14, 0.04626633402363137]:3177 1938 195 143
[0.14966853748534253, 0.006716927030876038, 4, 10, 436, 26, 0.022433163167810216]:81 5033 3 335
[0.36149188525921006, 0.2983342930979543, 15, 5, 217, 14, 0.04626633402363137]:3218 1897 176 162
[0.14966853748534253, 0.006716927030876038, 4, 10, 436, 26, 0.022433163167810216]:87 5027 3 336
[0.36149188525921006, 0.2983342930979543, 15, 5, 217, 14, 0.04626633402363137]:3345 1770 198 140
[0.14966853748534253, 0.006716927030876038, 4, 10, 436, 26, 0.022433163167810216]:95 5019 1 338
[0.36149188525921006, 0.2983342930979543, 15, 5, 217, 14, 0.04626633402363137]:3361 1753 186 153
[0.36149188525921006, 0.2983342930979543, 15, 5, 217, 14, 0.04626633402363137]:3413 1701 205 134
[0.36149188525921006, 0.2983342930979543, 15, 5, 217, 14, 0.04626633402363137]:3408 1706 202 137
[0.36149188525921006, 0.2983342930979543, 15, 5, 217, 14, 0.04626633402363137]:3509 1605 192 146
[0.36149188525921006, 0.2983342930979543, 15, 5, 217, 14, 0.04626633402363137]:3301 1814 192 146
[0.36149188525921006, 0.2983342930979543, 15, 5, 217, 14, 0.04626633402363137]:3241 1873 186 153
[0.99, 0.42103586927443865, 9, 7, 386, 27, 0.024390382610937435]:2327 2787 130 209
[0.99, 0.42103586927443865, 9, 7, 386, 27, 0.024390382610937435]:2183 2932 142 196
[0.99, 0.42103586927443865, 9, 7, 386, 27, 0.024390382610937435]:2519 2595 140 199
[0.99, 0.42103586927443865, 9, 7, 386, 27, 0.024390382610937435]:2320 2795 139 199
[0.99, 0.42103586927443865, 9, 7, 386, 27, 0.024390382610937435]:2387 2727 153 186
[0.99, 0.42103586927443865, 9, 7, 386, 27, 0.024390382610937435]:2037 3078 121 217
[0.99, 0.42103586927443865, 9, 7, 386, 27, 0.024390382610937435]:2291 2824 148 190
[0.99, 0.42103586927443865, 9, 7, 386, 27, 0.024390382610937435]:2316 2799 108 230
[0.99, 0.42103586927443865, 9, 7, 386, 27, 0.024390382610937435]:2136 2978 116 222
[0.99, 0.42103586927443865, 9, 7, 386, 27, 0.024390382610937435]:2489 2625 126 213
[0.99, 0.1271386058033338, 7, 9, 54, 14, 0.03732484937507473]:4019 1096 233 105
[0.99, 0.1271386058033338, 7, 9, 54, 14, 0.03732484937507473]:4015 1100 214 124
[0.99, 0.1271386058033338, 7, 9, 54, 14, 0.03732484937507473]:3860 1254 213 126
[0.99, 0.1271386058033338, 7, 9, 54, 14, 0.03732484937507473]:3937 1178 213 125
[0.99, 0.1271386058033338, 7, 9, 54, 14, 0.03732484937507473]:4009 1106 226 112
[0.99, 0.1271386058033338, 7, 9, 54, 14, 0.03732484937507473]:3960 1154 209 130
[0.99, 0.1271386058033338, 7, 9, 54, 14, 0.03732484937507473]:4081 1033 224 114
[0.99, 0.1271386058033338, 7, 9, 54, 14, 0.03732484937507473]:4025 1089 210 129
[0.99, 0.1271386058033338, 7, 9, 54, 14, 0.03732484937507473]:4080 1034 221 118
[0.99, 0.1271386058033338, 7, 9, 54, 14, 0.03732484937507473]:3953 1162 204 134
[0.24137698595615736, 0.014968937327567832, 14, 9, 396, 14, 0.01093251526026052]:4315 799 231 108
[0.24137698595615736, 0.014968937327567832, 14, 9, 396, 14, 0.01093251526026052]:4244 871 211 127
[0.24137698595615736, 0.014968937327567832, 14, 9, 396, 14, 0.01093251526026052]:4372 743 225 113
[0.24137698595615736, 0.014968937327567832, 14, 9, 396, 14, 0.01093251526026052]:4331 784 257 81
[0.24137698595615736, 0.014968937327567832, 14, 9, 396, 14, 0.01093251526026052]:4287 827 228 111
[0.24137698595615736, 0.014968937327567832, 14, 9, 396, 14, 0.01093251526026052]:4310 804 238 100
[0.5676275430479311, 0.17177025489731837, 4, 5, 452, 90, 0.011769534798379612]:1317 3798 58 280
[0.5676275430479311, 0.17177025489731837, 4, 5, 452, 90, 0.011769534798379612]:1523 3592 92 246
[0.24137698595615736, 0.014968937327567832, 14, 9, 396, 14, 0.01093251526026052]:4461 653 239 100
[0.5676275430479311, 0.17177025489731837, 4, 5, 452, 90, 0.011769534798379612]:1281 3834 50 288
[0.5676275430479311, 0.17177025489731837, 4, 5, 452, 90, 0.011769534798379612]:1735 3379 89 250
[0.24137698595615736, 0.014968937327567832, 14, 9, 396, 14, 0.01093251526026052]:4328 786 226 113
[0.5676275430479311, 0.17177025489731837, 4, 5, 452, 90, 0.011769534798379612]:1589 3525 81 258
[0.5676275430479311, 0.17177025489731837, 4, 5, 452, 90, 0.011769534798379612]:1310 3804 63 276
[0.5676275430479311, 0.17177025489731837, 4, 5, 452, 90, 0.011769534798379612]:1480 3634 86 253
[0.5676275430479311, 0.17177025489731837, 4, 5, 452, 90, 0.011769534798379612]:1444 3671 85 253
[0.24137698595615736, 0.014968937327567832, 14, 9, 396, 14, 0.01093251526026052]:4302 813 244 94
[0.5676275430479311, 0.17177025489731837, 4, 5, 452, 90, 0.011769534798379612]:1576 3538 98 240
[0.5676275430479311, 0.17177025489731837, 4, 5, 452, 90, 0.011769534798379612]:1476 3639 78 260
[0.24137698595615736, 0.014968937327567832, 14, 9, 396, 14, 0.01093251526026052]:4325 790 224 114
[0.01024077509329489, 0.005, 9, 8, 143, 69, 0.1008390623570574]:0 5114 0 339
[0.01024077509329489, 0.005, 9, 8, 143, 69, 0.1008390623570574]:0 5114 0 339
[0.01024077509329489, 0.005, 9, 8, 143, 69, 0.1008390623570574]:0 5114 0 339
[0.01024077509329489, 0.005, 9, 8, 143, 69, 0.1008390623570574]:0 5115 0 338
[0.01024077509329489, 0.005, 9, 8, 143, 69, 0.1008390623570574]:0 5115 0 338
[0.01024077509329489, 0.005, 9, 8, 143, 69, 0.1008390623570574]:0 5115 0 338
[0.01024077509329489, 0.005, 9, 8, 143, 69, 0.1008390623570574]:0 5115 0 338
[0.01024077509329489, 0.005, 9, 8, 143, 69, 0.1008390623570574]:0 5115 0 338
[0.01024077509329489, 0.005, 9, 8, 143, 69, 0.1008390623570574]:0 5114 0 339
[0.01024077509329489, 0.005, 9, 8, 143, 69, 0.1008390623570574]:0 5114 0 338
[0.14278278771612232, 0.009042226533099053, 5, 5, 182, 68, 0.010769711242277493]:0 5114 0 339
[0.14278278771612232, 0.009042226533099053, 5, 5, 182, 68, 0.010769711242277493]:0 5114 0 339
[0.14278278771612232, 0.009042226533099053, 5, 5, 182, 68, 0.010769711242277493]:0 5115 0 338
[0.14278278771612232, 0.009042226533099053, 5, 5, 182, 68, 0.010769711242277493]:0 5115 0 338
[0.14278278771612232, 0.009042226533099053, 5, 5, 182, 68, 0.010769711242277493]:0 5114 0 339
[0.14278278771612232, 0.009042226533099053, 5, 5, 182, 68, 0.010769711242277493]:0 5114 0 338
[0.14278278771612232, 0.009042226533099053, 5, 5, 182, 68, 0.010769711242277493]:0 5115 0 338
[0.14278278771612232, 0.009042226533099053, 5, 5, 182, 68, 0.010769711242277493]:0 5115 0 338
[0.14278278771612232, 0.009042226533099053, 5, 5, 182, 68, 0.010769711242277493]:0 5114 0 339
[0.14278278771612232, 0.009042226533099053, 5, 5, 182, 68, 0.010769711242277493]:0 5115 0 338
[0.8557905062876708, 0.49182281070371225, 5, 8, 389, 68, 0.31403737451576635]:2609 2506 130 208
[0.8557905062876708, 0.49182281070371225, 5, 8, 389, 68, 0.31403737451576635]:2551 2564 143 195
[0.8557905062876708, 0.49182281070371225, 5, 8, 389, 68, 0.31403737451576635]:2568 2546 140 199
[0.8557905062876708, 0.49182281070371225, 5, 8, 389, 68, 0.31403737451576635]:2612 2503 151 187
[0.8557905062876708, 0.49182281070371225, 5, 8, 389, 68, 0.31403737451576635]:2529 2586 142 196
[0.8557905062876708, 0.49182281070371225, 5, 8, 389, 68, 0.31403737451576635]:2493 2621 129 210
[0.8557905062876708, 0.49182281070371225, 5, 8, 389, 68, 0.31403737451576635]:2561 2553 131 207
[0.8557905062876708, 0.49182281070371225, 5, 8, 389, 68, 0.31403737451576635]:2590 2524 146 193
[0.8557905062876708, 0.49182281070371225, 5, 8, 389, 68, 0.31403737451576635]:2478 2637 134 204
[0.8557905062876708, 0.49182281070371225, 5, 8, 389, 68, 0.31403737451576635]:2550 2564 133 206
[0.04103460090907326, 0.007106763579314145, 7, 5, 481, 22, 0.019125730471763445]:98 5016 0 339
[0.04103460090907326, 0.007106763579314145, 7, 5, 481, 22, 0.019125730471763445]:114 5001 0 338
[0.04103460090907326, 0.007106763579314145, 7, 5, 481, 22, 0.019125730471763445]:115 5000 3 335
[0.04103460090907326, 0.007106763579314145, 7, 5, 481, 22, 0.019125730471763445]:141 4973 9 330
[0.04103460090907326, 0.007106763579314145, 7, 5, 481, 22, 0.019125730471763445]:103 5011 2 337
[0.04103460090907326, 0.007106763579314145, 7, 5, 481, 22, 0.019125730471763445]:80 5035 2 336
[0.04103460090907326, 0.007106763579314145, 7, 5, 481, 22, 0.019125730471763445]:100 5015 5 333
[0.04103460090907326, 0.007106763579314145, 7, 5, 481, 22, 0.019125730471763445]:75 5039 0 339
[0.04103460090907326, 0.007106763579314145, 7, 5, 481, 22, 0.019125730471763445]:84 5031 1 337
[0.04103460090907326, 0.007106763579314145, 7, 5, 481, 22, 0.019125730471763445]:85 5029 1 337
[0.541538228186535, 0.005854317959982978, 8, 5, 371, 22, 0.010744541417398041]:4641 474 282 56
[0.541538228186535, 0.005854317959982978, 8, 5, 371, 22, 0.010744541417398041]:4602 512 250 89
[0.15779151892496995, 0.005, 13, 8, 498, 14, 0.024488822677349975]:4697 417 276 63
[0.15779151892496995, 0.005, 13, 8, 498, 14, 0.024488822677349975]:4632 482 256 82
[0.541538228186535, 0.005854317959982978, 8, 5, 371, 22, 0.010744541417398041]:4581 533 249 90
[0.15779151892496995, 0.005, 13, 8, 498, 14, 0.024488822677349975]:4698 417 283 55
[0.15779151892496995, 0.005, 13, 8, 498, 14, 0.024488822677349975]:4759 356 261 77
[0.15779151892496995, 0.005, 13, 8, 498, 14, 0.024488822677349975]:4726 389 267 71
[0.541538228186535, 0.005854317959982978, 8, 5, 371, 22, 0.010744541417398041]:4587 528 253 85
[0.15779151892496995, 0.005, 13, 8, 498, 14, 0.024488822677349975]:4735 380 282 56
[0.15779151892496995, 0.005, 13, 8, 498, 14, 0.024488822677349975]:4677 437 268 71
[0.15779151892496995, 0.005, 13, 8, 498, 14, 0.024488822677349975]:4706 409 269 69
[0.15779151892496995, 0.005, 13, 8, 498, 14, 0.024488822677349975]:4687 427 259 80
[0.15779151892496995, 0.005, 13, 8, 498, 14, 0.024488822677349975]:4660 454 262 77
[0.541538228186535, 0.005854317959982978, 8, 5, 371, 22, 0.010744541417398041]:4539 576 261 77
[0.541538228186535, 0.005854317959982978, 8, 5, 371, 22, 0.010744541417398041]:4565 549 251 87
[0.541538228186535, 0.005854317959982978, 8, 5, 371, 22, 0.010744541417398041]:4586 528 245 94
[0.541538228186535, 0.005854317959982978, 8, 5, 371, 22, 0.010744541417398041]:4572 542 250 89
[0.541538228186535, 0.005854317959982978, 8, 5, 371, 22, 0.010744541417398041]:4523 592 239 99
[0.541538228186535, 0.005854317959982978, 8, 5, 371, 22, 0.010744541417398041]:4600 515 251 87
[0.99, 0.33046325725960435, 13, 9, 325, 22, 0.01]:2978 2136 180 158
[0.99, 0.005, 4, 10, 316, 22, 0.20215249200666927]:1825 3289 74 265
[0.99, 0.33046325725960435, 13, 9, 325, 22, 0.01]:2429 2686 155 183
[0.99, 0.33046325725960435, 13, 9, 325, 22, 0.01]:2691 2423 148 191
[0.99, 0.005, 4, 10, 316, 22, 0.20215249200666927]:1751 3364 69 269
[0.99, 0.33046325725960435, 13, 9, 325, 22, 0.01]:2587 2527 155 184
[0.99, 0.33046325725960435, 13, 9, 325, 22, 0.01]:2565 2549 126 213
[0.99, 0.005, 4, 10, 316, 22, 0.20215249200666927]:1768 3346 62 277
[0.99, 0.33046325725960435, 13, 9, 325, 22, 0.01]:2585 2530 132 206
[0.99, 0.33046325725960435, 13, 9, 325, 22, 0.01]:2399 2715 142 197
[0.99, 0.005, 4, 10, 316, 22, 0.20215249200666927]:1758 3357 50 288
[0.99, 0.005, 4, 10, 316, 22, 0.20215249200666927]:1718 3396 54 285
[0.99, 0.005, 4, 10, 316, 22, 0.20215249200666927]:1735 3379 55 283
[0.99, 0.33046325725960435, 13, 9, 325, 22, 0.01]:2669 2446 145 193
[0.99, 0.005, 4, 10, 316, 22, 0.20215249200666927]:1864 3251 74 264
[0.99, 0.005, 4, 10, 316, 22, 0.20215249200666927]:1756 3358 51 288
[0.99, 0.005, 4, 10, 316, 22, 0.20215249200666927]:1786 3329 51 287
[0.99, 0.005, 4, 10, 316, 22, 0.20215249200666927]:1861 3254 59 279
[0.99, 0.33046325725960435, 13, 9, 325, 22, 0.01]:2444 2671 122 216
[0.99, 0.33046325725960435, 13, 9, 325, 22, 0.01]:2576 2539 131 207
[0.99, 0.005045954709530339, 10, 5, 467, 22, 0.08124964476242784]:3821 1294 189 149
[0.99, 0.005045954709530339, 10, 5, 467, 22, 0.08124964476242784]:3794 1320 188 151
[0.99, 0.005045954709530339, 10, 5, 467, 22, 0.08124964476242784]:3896 1218 191 148
[0.99, 0.005045954709530339, 10, 5, 467, 22, 0.08124964476242784]:3906 1209 212 126
[0.99, 0.005045954709530339, 10, 5, 467, 22, 0.08124964476242784]:3835 1280 180 158
[0.99, 0.005045954709530339, 10, 5, 467, 22, 0.08124964476242784]:3854 1260 196 143
[0.99, 0.005045954709530339, 10, 5, 467, 22, 0.08124964476242784]:3760 1354 192 147
[0.99, 0.005045954709530339, 10, 5, 467, 22, 0.08124964476242784]:3880 1235 191 147
[0.99, 0.005045954709530339, 10, 5, 467, 22, 0.08124964476242784]:3853 1261 186 152
[0.99, 0.005045954709530339, 10, 5, 467, 22, 0.08124964476242784]:3905 1210 212 126
[0.20852725245505346, 0.025949415769103618, 12, 9, 364, 1, 0.1839717748695648]:5115 0 338 0
[0.20852725245505346, 0.025949415769103618, 12, 9, 364, 1, 0.1839717748695648]:5115 0 338 0
[0.20852725245505346, 0.025949415769103618, 12, 9, 364, 1, 0.1839717748695648]:5114 0 339 0
[0.20852725245505346, 0.025949415769103618, 12, 9, 364, 1, 0.1839717748695648]:5115 0 338 0
[0.20852725245505346, 0.025949415769103618, 12, 9, 364, 1, 0.1839717748695648]:5114 0 339 0
[0.20852725245505346, 0.025949415769103618, 12, 9, 364, 1, 0.1839717748695648]:5114 0 339 0
[0.20852725245505346, 0.025949415769103618, 12, 9, 364, 1, 0.1839717748695648]:5114 0 339 0
[0.20852725245505346, 0.025949415769103618, 12, 9, 364, 1, 0.1839717748695648]:5115 0 338 0
[0.20852725245505346, 0.025949415769103618, 12, 9, 364, 1, 0.1839717748695648]:5114 0 338 0
[0.20852725245505346, 0.025949415769103618, 12, 9, 364, 1, 0.1839717748695648]:5115 0 338 0
[0.2896989042241208, 0.019692788108061056, 12, 10, 477, 12, 0.03519416436642471]:4438 677 259 79
[0.2896989042241208, 0.019692788108061056, 12, 10, 477, 12, 0.03519416436642471]:4423 692 237 101
[0.99, 0.03144176308018719, 10, 10, 279, 4, 0.048354175645508604]:5054 61 320 18
[0.99, 0.03144176308018719, 10, 10, 279, 4, 0.048354175645508604]:5064 50 321 18
[0.2896989042241208, 0.019692788108061056, 12, 10, 477, 12, 0.03519416436642471]:4402 713 233 105
[0.99, 0.03144176308018719, 10, 10, 279, 4, 0.048354175645508604]:5046 68 319 20
[0.2896989042241208, 0.019692788108061056, 12, 10, 477, 12, 0.03519416436642471]:4408 707 253 85
[0.99, 0.03144176308018719, 10, 10, 279, 4, 0.048354175645508604]:5058 57 322 16
[0.99, 0.03144176308018719, 10, 10, 279, 4, 0.048354175645508604]:5052 62 318 21
[0.2896989042241208, 0.019692788108061056, 12, 10, 477, 12, 0.03519416436642471]:4349 766 218 120
[0.99, 0.03144176308018719, 10, 10, 279, 4, 0.048354175645508604]:5050 65 322 16
[0.2896989042241208, 0.019692788108061056, 12, 10, 477, 12, 0.03519416436642471]:4407 707 229 110
[0.99, 0.03144176308018719, 10, 10, 279, 4, 0.048354175645508604]:5073 41 326 13
[0.99, 0.03144176308018719, 10, 10, 279, 4, 0.048354175645508604]:5051 63 316 22
[0.2896989042241208, 0.019692788108061056, 12, 10, 477, 12, 0.03519416436642471]:4431 683 242 97
[0.2896989042241208, 0.019692788108061056, 12, 10, 477, 12, 0.03519416436642471]:4357 757 229 109
[0.2896989042241208, 0.019692788108061056, 12, 10, 477, 12, 0.03519416436642471]:4445 669 242 97
[0.99, 0.03144176308018719, 10, 10, 279, 4, 0.048354175645508604]:5060 55 318 20
[0.99, 0.03144176308018719, 10, 10, 279, 4, 0.048354175645508604]:5074 41 320 18
[0.2896989042241208, 0.019692788108061056, 12, 10, 477, 12, 0.03519416436642471]:4425 689 239 100
[0.99, 0.005, 15, 5, 132, 21, 0.018772913988762286]:4944 171 298 40
[0.99, 0.005, 15, 5, 132, 21, 0.018772913988762286]:4995 120 308 30
[0.99, 0.005, 15, 5, 132, 21, 0.018772913988762286]:5015 99 302 36
[0.99, 0.005, 15, 5, 132, 21, 0.018772913988762286]:4994 121 303 35
[0.99, 0.005, 15, 5, 132, 21, 0.018772913988762286]:4988 127 300 38
[0.99, 0.005, 15, 5, 132, 21, 0.018772913988762286]:4982 132 306 33
[0.99, 0.005, 15, 5, 132, 21, 0.018772913988762286]:4996 118 303 36
[0.99, 0.005, 15, 5, 132, 21, 0.018772913988762286]:4969 145 306 33
[0.99, 0.005, 15, 5, 132, 21, 0.018772913988762286]:4966 148 303 36
[0.99, 0.005, 15, 5, 132, 21, 0.018772913988762286]:4998 117 313 25
[0.99, 0.4996233562789114, 5, 10, 500, 11, 0.012780616535504984]:3356 1759 194 144
[0.99, 0.4996233562789114, 5, 10, 500, 11, 0.012780616535504984]:3541 1573 194 144
[0.99, 0.4996233562789114, 5, 10, 500, 11, 0.012780616535504984]:3411 1703 200 139
[0.99, 0.4996233562789114, 5, 10, 500, 11, 0.012780616535504984]:3179 1935 195 144
[0.99, 0.4996233562789114, 5, 10, 500, 11, 0.012780616535504984]:3249 1866 207 131
[0.99, 0.4996233562789114, 5, 10, 500, 11, 0.012780616535504984]:3537 1578 209 129
[0.99, 0.4996233562789114, 5, 10, 500, 11, 0.012780616535504984]:3626 1488 206 133
[0.99, 0.4996233562789114, 5, 10, 500, 11, 0.012780616535504984]:3341 1773 197 142
[0.99, 0.4996233562789114, 5, 10, 500, 11, 0.012780616535504984]:3344 1771 187 151
[0.99, 0.4996233562789114, 5, 10, 500, 11, 0.012780616535504984]:3383 1732 207 131
[0.99, 0.07486773968763301, 10, 10, 500, 12, 0.027036222145671824]:4255 859 233 106
[0.99, 0.07486773968763301, 10, 10, 500, 12, 0.027036222145671824]:4287 828 240 98
[0.99, 0.07486773968763301, 10, 10, 500, 12, 0.027036222145671824]:4258 856 251 88
[0.99, 0.07486773968763301, 10, 10, 500, 12, 0.027036222145671824]:4258 856 251 88
[0.99, 0.07486773968763301, 10, 10, 500, 12, 0.027036222145671824]:4255 859 247 91
[0.99, 0.07486773968763301, 10, 10, 500, 12, 0.027036222145671824]:4295 819 242 97
[0.99, 0.07486773968763301, 10, 10, 500, 12, 0.027036222145671824]:4372 743 255 83
[0.99, 0.07486773968763301, 10, 10, 500, 12, 0.027036222145671824]:4209 906 245 93
[0.99, 0.07486773968763301, 10, 10, 500, 12, 0.027036222145671824]:4231 884 245 93
[0.99, 0.07486773968763301, 10, 10, 500, 12, 0.027036222145671824]:4276 839 247 91
[0.2132445566328888, 0.38415643077694145, 9, 10, 157, 14, 0.10101762714021367]:3376 1738 171 168
[0.2132445566328888, 0.38415643077694145, 9, 10, 157, 14, 0.10101762714021367]:3273 1842 174 164
[0.2132445566328888, 0.38415643077694145, 9, 10, 157, 14, 0.10101762714021367]:3384 1730 180 159
[0.2132445566328888, 0.38415643077694145, 9, 10, 157, 14, 0.10101762714021367]:3267 1848 171 167
[0.2132445566328888, 0.38415643077694145, 9, 10, 157, 14, 0.10101762714021367]:3406 1709 183 155
[0.2132445566328888, 0.38415643077694145, 9, 10, 157, 14, 0.10101762714021367]:3351 1764 171 167
[0.2132445566328888, 0.38415643077694145, 9, 10, 157, 14, 0.10101762714021367]:3368 1746 175 164
[0.2132445566328888, 0.38415643077694145, 9, 10, 157, 14, 0.10101762714021367]:3388 1726 191 147
[0.2132445566328888, 0.38415643077694145, 9, 10, 157, 14, 0.10101762714021367]:3347 1768 172 166
[0.2132445566328888, 0.38415643077694145, 9, 10, 157, 14, 0.10101762714021367]:3400 1714 195 144
[0.2137291452794199, 0.05960668161814468, 9, 10, 421, 14, 0.059549295016499915]:3671 1443 177 162
[0.2137291452794199, 0.05960668161814468, 9, 10, 421, 14, 0.059549295016499915]:3641 1474 199 139
[0.2137291452794199, 0.05960668161814468, 9, 10, 421, 14, 0.059549295016499915]:3636 1478 178 161
[0.2137291452794199, 0.05960668161814468, 9, 10, 421, 14, 0.059549295016499915]:3746 1368 194 145
[0.2137291452794199, 0.05960668161814468, 9, 10, 421, 14, 0.059549295016499915]:3736 1379 197 141
[0.4320926090648013, 0.01582183073381255, 15, 10, 420, 12, 0.027125731796796355]:4553 561 256 83
[0.2137291452794199, 0.05960668161814468, 9, 10, 421, 14, 0.059549295016499915]:3816 1298 178 160
[0.2137291452794199, 0.05960668161814468, 9, 10, 421, 14, 0.059549295016499915]:3766 1349 182 156
[0.4320926090648013, 0.01582183073381255, 15, 10, 420, 12, 0.027125731796796355]:4596 519 263 75
[0.2137291452794199, 0.05960668161814468, 9, 10, 421, 14, 0.059549295016499915]:3592 1523 172 166
[0.2137291452794199, 0.05960668161814468, 9, 10, 421, 14, 0.059549295016499915]:3696 1419 173 165
[0.2137291452794199, 0.05960668161814468, 9, 10, 421, 14, 0.059549295016499915]:3734 1380 178 161
[0.4320926090648013, 0.01582183073381255, 15, 10, 420, 12, 0.027125731796796355]:4582 533 263 75
[0.4320926090648013, 0.01582183073381255, 15, 10, 420, 12, 0.027125731796796355]:4615 500 261 77
[0.4320926090648013, 0.01582183073381255, 15, 10, 420, 12, 0.027125731796796355]:4622 492 258 81
[0.4320926090648013, 0.01582183073381255, 15, 10, 420, 12, 0.027125731796796355]:4581 534 253 85
[0.4320926090648013, 0.01582183073381255, 15, 10, 420, 12, 0.027125731796796355]:4569 545 249 90
[0.4320926090648013, 0.01582183073381255, 15, 10, 420, 12, 0.027125731796796355]:4568 547 239 99
[0.4320926090648013, 0.01582183073381255, 15, 10, 420, 12, 0.027125731796796355]:4546 568 241 97
[0.4320926090648013, 0.01582183073381255, 15, 10, 420, 12, 0.027125731796796355]:4594 520 248 91
[0.2589342684770918, 0.007154710656656165, 15, 10, 341, 12, 0.01251469094983093]:4930 184 298 41
[0.2589342684770918, 0.007154710656656165, 15, 10, 341, 12, 0.01251469094983093]:4944 171 298 40
[0.2589342684770918, 0.007154710656656165, 15, 10, 341, 12, 0.01251469094983093]:4955 160 302 36
[0.2589342684770918, 0.007154710656656165, 15, 10, 341, 12, 0.01251469094983093]:4928 186 300 39
[0.2589342684770918, 0.007154710656656165, 15, 10, 341, 12, 0.01251469094983093]:4966 149 308 30
[0.2589342684770918, 0.007154710656656165, 15, 10, 341, 12, 0.01251469094983093]:4912 202 295 44
[0.2589342684770918, 0.007154710656656165, 15, 10, 341, 12, 0.01251469094983093]:4989 125 306 33
[0.2636934320782734, 0.005, 11, 10, 386, 14, 0.047615977332039636]:4625 490 273 65
[0.2589342684770918, 0.007154710656656165, 15, 10, 341, 12, 0.01251469094983093]:4888 226 286 52
[0.2636934320782734, 0.005, 11, 10, 386, 14, 0.047615977332039636]:4570 545 241 97
[0.2636934320782734, 0.005, 11, 10, 386, 14, 0.047615977332039636]:4544 570 250 89
[0.2636934320782734, 0.005, 11, 10, 386, 14, 0.047615977332039636]:4601 513 253 86
[0.2636934320782734, 0.005, 11, 10, 386, 14, 0.047615977332039636]:4557 558 265 73
[0.2636934320782734, 0.005, 11, 10, 386, 14, 0.047615977332039636]:4594 521 254 84
[0.3843327026991234, 0.005, 8, 10, 401, 14, 0.07098150094565411]:4313 802 222 116
[0.3843327026991234, 0.005, 8, 10, 401, 14, 0.07098150094565411]:4291 823 220 119
[0.3843327026991234, 0.005, 8, 10, 401, 14, 0.07098150094565411]:4242 872 217 122
[0.2636934320782734, 0.005, 11, 10, 386, 14, 0.047615977332039636]:4541 573 241 97
[0.2589342684770918, 0.007154710656656165, 15, 10, 341, 12, 0.01251469094983093]:4945 170 301 37
[0.3843327026991234, 0.005, 8, 10, 401, 14, 0.07098150094565411]:4283 831 208 131
[0.2636934320782734, 0.005, 11, 10, 386, 14, 0.047615977332039636]:4563 552 252 86
[0.3843327026991234, 0.005, 8, 10, 401, 14, 0.07098150094565411]:4335 779 217 121
[0.3843327026991234, 0.005, 8, 10, 401, 14, 0.07098150094565411]:4260 855 235 103
[0.2636934320782734, 0.005, 11, 10, 386, 14, 0.047615977332039636]:4597 517 254 85
[0.3843327026991234, 0.005, 8, 10, 401, 14, 0.07098150094565411]:4295 820 243 95
[0.2636934320782734, 0.005, 11, 10, 386, 14, 0.047615977332039636]:4558 556 246 93
[0.2589342684770918, 0.007154710656656165, 15, 10, 341, 12, 0.01251469094983093]:4948 167 295 43
[0.3843327026991234, 0.005, 8, 10, 401, 14, 0.07098150094565411]:4241 874 222 116
[0.3843327026991234, 0.005, 8, 10, 401, 14, 0.07098150094565411]:4240 875 213 125
[0.3843327026991234, 0.005, 8, 10, 401, 14, 0.07098150094565411]:4343 771 218 121
[0.9587920360675758, 0.005, 8, 10, 280, 15, 0.30207764807987453]:3776 1339 186 152
[0.9587920360675758, 0.005, 8, 10, 280, 15, 0.30207764807987453]:3828 1287 208 130
[0.9587920360675758, 0.005, 8, 10, 280, 15, 0.30207764807987453]:3821 1293 188 151
[0.9587920360675758, 0.005, 8, 10, 280, 15, 0.30207764807987453]:3824 1291 176 162
[0.9587920360675758, 0.005, 8, 10, 280, 15, 0.30207764807987453]:3805 1309 182 156
[0.9587920360675758, 0.005, 8, 10, 280, 15, 0.30207764807987453]:3865 1249 181 158
[0.9587920360675758, 0.005, 8, 10, 280, 15, 0.30207764807987453]:3817 1297 177 162
[0.99, 0.005, 15, 7, 434, 23, 0.01]:4842 272 278 60
[0.9587920360675758, 0.005, 8, 10, 280, 15, 0.30207764807987453]:3800 1315 182 156
[0.99, 0.005, 15, 7, 434, 23, 0.01]:4804 311 268 70
[0.99, 0.005, 15, 7, 434, 23, 0.01]:4847 267 287 52
[0.99, 0.005, 15, 7, 434, 23, 0.01]:4808 306 286 53
[0.99, 0.005, 15, 7, 434, 23, 0.01]:4849 266 280 58
[0.99, 0.005, 15, 7, 434, 23, 0.01]:4866 249 302 36
[0.99, 0.005, 15, 7, 434, 23, 0.01]:4788 326 273 66
[0.9587920360675758, 0.005, 8, 10, 280, 15, 0.30207764807987453]:3788 1326 180 159
[0.99, 0.005, 15, 7, 434, 23, 0.01]:4832 282 272 67
[0.9587920360675758, 0.005, 8, 10, 280, 15, 0.30207764807987453]:3828 1287 206 132
[0.99, 0.005, 15, 7, 434, 23, 0.01]:4784 331 276 62
[0.8617573626461247, 0.007932338026176013, 8, 10, 443, 14, 0.3341648843695819]:3973 1141 190 149
[0.8617573626461247, 0.007932338026176013, 8, 10, 443, 14, 0.3341648843695819]:3888 1227 192 146
[0.8617573626461247, 0.007932338026176013, 8, 10, 443, 14, 0.3341648843695819]:3882 1233 188 150
[0.8617573626461247, 0.007932338026176013, 8, 10, 443, 14, 0.3341648843695819]:3941 1173 191 148
[0.8617573626461247, 0.007932338026176013, 8, 10, 443, 14, 0.3341648843695819]:3964 1150 184 154
[0.8617573626461247, 0.007932338026176013, 8, 10, 443, 14, 0.3341648843695819]:3937 1177 186 153
[0.8617573626461247, 0.007932338026176013, 8, 10, 443, 14, 0.3341648843695819]:3911 1203 186 153
[0.8617573626461247, 0.007932338026176013, 8, 10, 443, 14, 0.3341648843695819]:3954 1161 185 153
[0.99, 0.005, 15, 7, 434, 23, 0.01]:4786 329 288 50
[0.8617573626461247, 0.007932338026176013, 8, 10, 443, 14, 0.3341648843695819]:3945 1170 219 119
[0.8617573626461247, 0.007932338026176013, 8, 10, 443, 14, 0.3341648843695819]:3928 1187 211 127
[0.01, 0.1569538456206476, 3, 10, 335, 9, 0.01]:4584 530 255 84
[0.01, 0.1569538456206476, 3, 10, 335, 9, 0.01]:4425 690 242 96
[0.33924061502874076, 0.030322469543436266, 14, 9, 244, 13, 0.01]:4480 635 273 65
[0.33924061502874076, 0.030322469543436266, 14, 9, 244, 13, 0.01]:4363 751 228 111
[0.01, 0.1569538456206476, 3, 10, 335, 9, 0.01]:4378 737 248 90
[0.01, 0.1569538456206476, 3, 10, 335, 9, 0.01]:4397 717 245 93
[0.01, 0.1569538456206476, 3, 10, 335, 9, 0.01]:4506 609 253 85
[0.01, 0.1569538456206476, 3, 10, 335, 9, 0.01]:4409 705 244 95
[0.33924061502874076, 0.030322469543436266, 14, 9, 244, 13, 0.01]:4388 726 232 107
[0.01, 0.1569538456206476, 3, 10, 335, 9, 0.01]:4437 678 244 94
[0.01, 0.1569538456206476, 3, 10, 335, 9, 0.01]:4350 764 231 108
[0.33924061502874076, 0.030322469543436266, 14, 9, 244, 13, 0.01]:4423 692 240 98
[0.01, 0.1569538456206476, 3, 10, 335, 9, 0.01]:4404 710 241 98
[0.01, 0.1569538456206476, 3, 10, 335, 9, 0.01]:4357 758 262 76
[0.33924061502874076, 0.030322469543436266, 14, 9, 244, 13, 0.01]:4491 624 257 81
[0.33924061502874076, 0.030322469543436266, 14, 9, 244, 13, 0.01]:4297 818 213 125
[0.33924061502874076, 0.030322469543436266, 14, 9, 244, 13, 0.01]:4332 782 228 111
[0.33924061502874076, 0.030322469543436266, 14, 9, 244, 13, 0.01]:4346 768 233 106
[0.33924061502874076, 0.030322469543436266, 14, 9, 244, 13, 0.01]:4361 754 222 116
[0.33924061502874076, 0.030322469543436266, 14, 9, 244, 13, 0.01]:4319 795 235 103
[0.8806312365028, 0.005883300216941596, 3, 9, 402, 14, 0.01]:4379 736 252 86
[0.8806312365028, 0.005883300216941596, 3, 9, 402, 14, 0.01]:4375 740 224 114
[0.8806312365028, 0.005883300216941596, 3, 9, 402, 14, 0.01]:4387 727 232 107
[0.8806312365028, 0.005883300216941596, 3, 9, 402, 14, 0.01]:4376 739 255 83
[0.8806312365028, 0.005883300216941596, 3, 9, 402, 14, 0.01]:4322 793 224 114
[0.8806312365028, 0.005883300216941596, 3, 9, 402, 14, 0.01]:4400 714 232 107
[0.8806312365028, 0.005883300216941596, 3, 9, 402, 14, 0.01]:4345 769 225 113
[0.8806312365028, 0.005883300216941596, 3, 9, 402, 14, 0.01]:4443 671 233 106
[0.8806312365028, 0.005883300216941596, 3, 9, 402, 14, 0.01]:4423 692 234 104
[0.8806312365028, 0.005883300216941596, 3, 9, 402, 14, 0.01]:4369 745 224 115
[0.64248126191719, 0.43710373706597694, 12, 10, 50, 9, 0.13555955854806448]:3988 1127 227 111
[0.64248126191719, 0.43710373706597694, 12, 10, 50, 9, 0.13555955854806448]:3973 1141 232 106
[0.64248126191719, 0.43710373706597694, 12, 10, 50, 9, 0.13555955854806448]:4021 1094 231 107
[0.64248126191719, 0.43710373706597694, 12, 10, 50, 9, 0.13555955854806448]:3918 1197 239 99
[0.64248126191719, 0.43710373706597694, 12, 10, 50, 9, 0.13555955854806448]:3911 1204 225 113
[0.64248126191719, 0.43710373706597694, 12, 10, 50, 9, 0.13555955854806448]:4008 1107 237 101
[0.64248126191719, 0.43710373706597694, 12, 10, 50, 9, 0.13555955854806448]:3977 1137 239 100
[0.64248126191719, 0.43710373706597694, 12, 10, 50, 9, 0.13555955854806448]:3971 1143 242 97
[0.64248126191719, 0.43710373706597694, 12, 10, 50, 9, 0.13555955854806448]:3956 1158 237 102
[0.64248126191719, 0.43710373706597694, 12, 10, 50, 9, 0.13555955854806448]:3941 1173 224 115
[0.1392001461937707, 0.07276887842309974, 7, 10, 333, 10, 0.06068315806921573]:4477 637 252 87
[0.1392001461937707, 0.07276887842309974, 7, 10, 333, 10, 0.06068315806921573]:4443 672 258 80
[0.1392001461937707, 0.07276887842309974, 7, 10, 333, 10, 0.06068315806921573]:4430 684 231 108
[0.1392001461937707, 0.07276887842309974, 7, 10, 333, 10, 0.06068315806921573]:4427 687 240 99
[0.1392001461937707, 0.07276887842309974, 7, 10, 333, 10, 0.06068315806921573]:4410 705 237 101
[0.1392001461937707, 0.07276887842309974, 7, 10, 333, 10, 0.06068315806921573]:4360 754 225 113
[0.1392001461937707, 0.07276887842309974, 7, 10, 333, 10, 0.06068315806921573]:4447 668 250 88
[0.1392001461937707, 0.07276887842309974, 7, 10, 333, 10, 0.06068315806921573]:4400 714 232 107
[0.1392001461937707, 0.07276887842309974, 7, 10, 333, 10, 0.06068315806921573]:4455 660 237 101
[0.1392001461937707, 0.07276887842309974, 7, 10, 333, 10, 0.06068315806921573]:4507 608 245 93
[0.99, 0.009513690619181184, 9, 5, 322, 23, 0.4807391721744244]:2464 2650 97 242
[0.99, 0.009513690619181184, 9, 5, 322, 23, 0.4807391721744244]:2529 2586 126 212
[0.99, 0.009513690619181184, 9, 5, 322, 23, 0.4807391721744244]:2430 2684 100 238
[0.99, 0.009513690619181184, 9, 5, 322, 23, 0.4807391721744244]:2422 2692 111 228
[0.99, 0.009513690619181184, 9, 5, 322, 23, 0.4807391721744244]:2570 2545 123 215
[0.99, 0.009513690619181184, 9, 5, 322, 23, 0.4807391721744244]:2435 2679 92 247
[0.99, 0.009513690619181184, 9, 5, 322, 23, 0.4807391721744244]:2444 2671 99 239
[0.99, 0.009513690619181184, 9, 5, 322, 23, 0.4807391721744244]:2472 2642 106 233
[0.99, 0.009513690619181184, 9, 5, 322, 23, 0.4807391721744244]:2406 2709 101 237
[0.99, 0.009513690619181184, 9, 5, 322, 23, 0.4807391721744244]:2511 2604 118 220
[0.01, 0.1925474929469799, 13, 10, 76, 11, 0.01]:4123 992 227 111
[0.01, 0.1925474929469799, 13, 10, 76, 11, 0.01]:4455 659 256 83
[0.01, 0.1925474929469799, 13, 10, 76, 11, 0.01]:4384 730 243 96
[0.01, 0.1925474929469799, 13, 10, 76, 11, 0.01]:4251 863 233 106
[0.01, 0.1925474929469799, 13, 10, 76, 11, 0.01]:3914 1201 215 123
[0.01, 0.1925474929469799, 13, 10, 76, 11, 0.01]:4452 663 267 71
[0.01, 0.1925474929469799, 13, 10, 76, 11, 0.01]:4064 1051 221 117
[0.01, 0.1925474929469799, 13, 10, 76, 11, 0.01]:3611 1503 206 133
[0.01, 0.1925474929469799, 13, 10, 76, 11, 0.01]:4241 874 234 104
[0.01, 0.1925474929469799, 13, 10, 76, 11, 0.01]:4189 925 231 107
[0.043813694686512875, 0.04760183664822976, 15, 10, 232, 11, 0.01]:4799 316 286 52
[0.043813694686512875, 0.04760183664822976, 15, 10, 232, 11, 0.01]:4651 464 267 71
[0.043813694686512875, 0.04760183664822976, 15, 10, 232, 11, 0.01]:4668 446 272 67
[0.043813694686512875, 0.04760183664822976, 15, 10, 232, 11, 0.01]:4824 291 295 43
[0.043813694686512875, 0.04760183664822976, 15, 10, 232, 11, 0.01]:4819 295 284 55
[0.043813694686512875, 0.04760183664822976, 15, 10, 232, 11, 0.01]:4754 360 276 63
[0.043813694686512875, 0.04760183664822976, 15, 10, 232, 11, 0.01]:4771 344 276 62
[0.043813694686512875, 0.04760183664822976, 15, 10, 232, 11, 0.01]:4643 471 268 71
[0.043813694686512875, 0.04760183664822976, 15, 10, 232, 11, 0.01]:4824 291 296 42
[0.043813694686512875, 0.04760183664822976, 15, 10, 232, 11, 0.01]:4621 493 256 82
