[0.026834123971849515, 0.22644969377882787, 8, 10, 139, 7, 0.014015442089213612]:4731 383 284 55
[0.026834123971849515, 0.22644969377882787, 8, 10, 139, 7, 0.014015442089213612]:4707 407 285 54
[0.026834123971849515, 0.22644969377882787, 8, 10, 139, 7, 0.014015442089213612]:4804 310 292 46
[0.07555515007755571, 0.04003837260786237, 13, 5, 159, 82, 0.18308514362650813]:0 5115 0 338
[0.026834123971849515, 0.22644969377882787, 8, 10, 139, 7, 0.014015442089213612]:4775 339 299 40
[0.049218803718935604, 0.16073057441797975, 8, 9, 204, 28, 0.5037508668949512]:986 4129 30 308
[0.049218803718935604, 0.16073057441797975, 8, 9, 204, 28, 0.5037508668949512]:965 4149 33 306
[0.07555515007755571, 0.04003837260786237, 13, 5, 159, 82, 0.18308514362650813]:0 5114 0 339
[0.026834123971849515, 0.22644969377882787, 8, 10, 139, 7, 0.014015442089213612]:4731 383 278 61
[0.07555515007755571, 0.04003837260786237, 13, 5, 159, 82, 0.18308514362650813]:0 5114 0 339
[0.026834123971849515, 0.22644969377882787, 8, 10, 139, 7, 0.014015442089213612]:4792 322 291 48
[0.07555515007755571, 0.04003837260786237, 13, 5, 159, 82, 0.18308514362650813]:0 5114 0 339
[0.07555515007755571, 0.04003837260786237, 13, 5, 159, 82, 0.18308514362650813]:0 5114 0 339
[0.049218803718935604, 0.16073057441797975, 8, 9, 204, 28, 0.5037508668949512]:989 4125 23 316
[0.049218803718935604, 0.16073057441797975, 8, 9, 204, 28, 0.5037508668949512]:1042 4072 36 303
[0.026834123971849515, 0.22644969377882787, 8, 10, 139, 7, 0.014015442089213612]:4743 371 286 53
[0.07555515007755571, 0.04003837260786237, 13, 5, 159, 82, 0.18308514362650813]:0 5114 0 339
[0.07555515007755571, 0.04003837260786237, 13, 5, 159, 82, 0.18308514362650813]:0 5115 0 338
[0.049218803718935604, 0.16073057441797975, 8, 9, 204, 28, 0.5037508668949512]:1026 4088 33 306
[0.026834123971849515, 0.22644969377882787, 8, 10, 139, 7, 0.014015442089213612]:4698 416 274 65
[0.049218803718935604, 0.16073057441797975, 8, 9, 204, 28, 0.5037508668949512]:951 4163 31 308
[0.049218803718935604, 0.16073057441797975, 8, 9, 204, 28, 0.5037508668949512]:992 4123 28 310
[0.07555515007755571, 0.04003837260786237, 13, 5, 159, 82, 0.18308514362650813]:0 5114 0 339
[0.049218803718935604, 0.16073057441797975, 8, 9, 204, 28, 0.5037508668949512]:1057 4057 31 308
[0.049218803718935604, 0.16073057441797975, 8, 9, 204, 28, 0.5037508668949512]:1345 3769 61 277
[0.07555515007755571, 0.04003837260786237, 13, 5, 159, 82, 0.18308514362650813]:0 5114 0 338
[0.026834123971849515, 0.22644969377882787, 8, 10, 139, 7, 0.014015442089213612]:4846 269 289 49
[0.049218803718935604, 0.16073057441797975, 8, 9, 204, 28, 0.5037508668949512]:1027 4087 32 307
[0.026834123971849515, 0.22644969377882787, 8, 10, 139, 7, 0.014015442089213612]:4970 145 316 22
[0.07555515007755571, 0.04003837260786237, 13, 5, 159, 82, 0.18308514362650813]:0 5114 0 339
[0.10267776106300358, 0.008144914766248177, 15, 7, 176, 83, 0.4226868603494323]:0 5115 0 338
[0.10267776106300358, 0.008144914766248177, 15, 7, 176, 83, 0.4226868603494323]:0 5115 0 338
[0.10267776106300358, 0.008144914766248177, 15, 7, 176, 83, 0.4226868603494323]:0 5114 0 339
[0.10267776106300358, 0.008144914766248177, 15, 7, 176, 83, 0.4226868603494323]:0 5114 0 339
[0.10267776106300358, 0.008144914766248177, 15, 7, 176, 83, 0.4226868603494323]:0 5114 0 339
[0.10267776106300358, 0.008144914766248177, 15, 7, 176, 83, 0.4226868603494323]:0 5114 0 338
[0.10267776106300358, 0.008144914766248177, 15, 7, 176, 83, 0.4226868603494323]:0 5114 0 339
[0.10267776106300358, 0.008144914766248177, 15, 7, 176, 83, 0.4226868603494323]:0 5114 0 339
[0.10267776106300358, 0.008144914766248177, 15, 7, 176, 83, 0.4226868603494323]:0 5114 0 339
[0.10267776106300358, 0.008144914766248177, 15, 7, 176, 83, 0.4226868603494323]:0 5114 0 339
[0.013960355655815243, 0.0563470843795185, 13, 7, 244, 47, 0.0374116010315971]:94 5020 1 338
[0.013960355655815243, 0.0563470843795185, 13, 7, 244, 47, 0.0374116010315971]:71 5043 2 337
[0.013960355655815243, 0.0563470843795185, 13, 7, 244, 47, 0.0374116010315971]:71 5043 3 336
[0.013960355655815243, 0.0563470843795185, 13, 7, 244, 47, 0.0374116010315971]:72 5042 0 339
[0.013960355655815243, 0.0563470843795185, 13, 7, 244, 47, 0.0374116010315971]:74 5040 1 338
[0.013960355655815243, 0.0563470843795185, 13, 7, 244, 47, 0.0374116010315971]:44 5071 1 337
[0.013960355655815243, 0.0563470843795185, 13, 7, 244, 47, 0.0374116010315971]:64 5050 2 337
[0.013960355655815243, 0.0563470843795185, 13, 7, 244, 47, 0.0374116010315971]:79 5035 4 335
[0.013960355655815243, 0.0563470843795185, 13, 7, 244, 47, 0.0374116010315971]:49 5066 1 337
[0.013960355655815243, 0.0563470843795185, 13, 7, 244, 47, 0.0374116010315971]:177 4937 3 335
[0.6436094214219165, 0.0233100831036102, 13, 7, 386, 43, 0.08890054595138422]:2800 2314 136 202
[0.6436094214219165, 0.0233100831036102, 13, 7, 386, 43, 0.08890054595138422]:3005 2109 141 198
[0.6436094214219165, 0.0233100831036102, 13, 7, 386, 43, 0.08890054595138422]:2962 2152 144 195
[0.6436094214219165, 0.0233100831036102, 13, 7, 386, 43, 0.08890054595138422]:3009 2105 137 202
[0.6436094214219165, 0.0233100831036102, 13, 7, 386, 43, 0.08890054595138422]:2945 2170 124 214
[0.6436094214219165, 0.0233100831036102, 13, 7, 386, 43, 0.08890054595138422]:2953 2161 125 214
[0.6436094214219165, 0.0233100831036102, 13, 7, 386, 43, 0.08890054595138422]:3006 2109 127 211
[0.6436094214219165, 0.0233100831036102, 13, 7, 386, 43, 0.08890054595138422]:2972 2142 147 192
[0.6436094214219165, 0.0233100831036102, 13, 7, 386, 43, 0.08890054595138422]:3066 2048 140 199
[0.6436094214219165, 0.0233100831036102, 13, 7, 386, 43, 0.08890054595138422]:2876 2238 137 202
[0.09164982917236254, 0.049503704704379675, 8, 5, 226, 92, 0.05863075984942463]:0 5114 0 339
[0.09164982917236254, 0.049503704704379675, 8, 5, 226, 92, 0.05863075984942463]:0 5115 0 338
[0.09164982917236254, 0.049503704704379675, 8, 5, 226, 92, 0.05863075984942463]:0 5114 0 339
[0.09164982917236254, 0.049503704704379675, 8, 5, 226, 92, 0.05863075984942463]:0 5115 0 338
[0.09164982917236254, 0.049503704704379675, 8, 5, 226, 92, 0.05863075984942463]:0 5114 0 339
[0.6577657728090087, 0.006035300295828578, 4, 5, 287, 54, 0.23813356814489817]:21 5093 2 337
[0.09164982917236254, 0.049503704704379675, 8, 5, 226, 92, 0.05863075984942463]:0 5114 0 339
[0.09164982917236254, 0.049503704704379675, 8, 5, 226, 92, 0.05863075984942463]:1 5113 0 339
[0.09164982917236254, 0.049503704704379675, 8, 5, 226, 92, 0.05863075984942463]:0 5114 0 339
[0.09164982917236254, 0.049503704704379675, 8, 5, 226, 92, 0.05863075984942463]:0 5114 0 339
[0.6577657728090087, 0.006035300295828578, 4, 5, 287, 54, 0.23813356814489817]:26 5089 0 338
[0.6577657728090087, 0.006035300295828578, 4, 5, 287, 54, 0.23813356814489817]:23 5091 0 339
[0.09164982917236254, 0.049503704704379675, 8, 5, 226, 92, 0.05863075984942463]:4 5110 0 338
[0.6577657728090087, 0.006035300295828578, 4, 5, 287, 54, 0.23813356814489817]:45 5069 1 338
[0.6577657728090087, 0.006035300295828578, 4, 5, 287, 54, 0.23813356814489817]:21 5093 0 339
[0.6577657728090087, 0.006035300295828578, 4, 5, 287, 54, 0.23813356814489817]:12 5102 0 339
[0.6577657728090087, 0.006035300295828578, 4, 5, 287, 54, 0.23813356814489817]:28 5087 0 338
[0.6577657728090087, 0.006035300295828578, 4, 5, 287, 54, 0.23813356814489817]:34 5080 0 339
[0.6577657728090087, 0.006035300295828578, 4, 5, 287, 54, 0.23813356814489817]:23 5091 2 336
[0.6577657728090087, 0.006035300295828578, 4, 5, 287, 54, 0.23813356814489817]:13 5101 0 339
[0.2813974348330825, 0.025263447036925894, 13, 5, 366, 37, 0.07401156436602747]:1667 3448 64 274
[0.2813974348330825, 0.025263447036925894, 13, 5, 366, 37, 0.07401156436602747]:1696 3418 57 282
[0.2813974348330825, 0.025263447036925894, 13, 5, 366, 37, 0.07401156436602747]:1572 3542 61 278
[0.2813974348330825, 0.025263447036925894, 13, 5, 366, 37, 0.07401156436602747]:1747 3367 72 266
[0.2813974348330825, 0.025263447036925894, 13, 5, 366, 37, 0.07401156436602747]:1728 3386 74 265
[0.2813974348330825, 0.025263447036925894, 13, 5, 366, 37, 0.07401156436602747]:1608 3506 60 279
[0.2813974348330825, 0.025263447036925894, 13, 5, 366, 37, 0.07401156436602747]:1667 3448 51 287
[0.2813974348330825, 0.025263447036925894, 13, 5, 366, 37, 0.07401156436602747]:1704 3410 60 279
[0.2813974348330825, 0.025263447036925894, 13, 5, 366, 37, 0.07401156436602747]:1561 3553 52 287
[0.2813974348330825, 0.025263447036925894, 13, 5, 366, 37, 0.07401156436602747]:1579 3535 62 277
[0.018507645913768824, 0.05151388069430456, 9, 8, 455, 68, 0.02005211851436809]:74 5040 1 338
[0.018507645913768824, 0.05151388069430456, 9, 8, 455, 68, 0.02005211851436809]:182 4932 5 334
[0.018507645913768824, 0.05151388069430456, 9, 8, 455, 68, 0.02005211851436809]:152 4962 5 334
[0.018507645913768824, 0.05151388069430456, 9, 8, 455, 68, 0.02005211851436809]:162 4952 0 339
[0.018507645913768824, 0.05151388069430456, 9, 8, 455, 68, 0.02005211851436809]:160 4955 4 334
[0.018507645913768824, 0.05151388069430456, 9, 8, 455, 68, 0.02005211851436809]:111 5003 3 336
[0.018507645913768824, 0.05151388069430456, 9, 8, 455, 68, 0.02005211851436809]:172 4942 4 334
[0.018507645913768824, 0.05151388069430456, 9, 8, 455, 68, 0.02005211851436809]:138 4977 3 335
[0.018507645913768824, 0.05151388069430456, 9, 8, 455, 68, 0.02005211851436809]:188 4926 4 335
[0.23598686006335576, 0.17821068824097536, 6, 9, 420, 1, 0.43892260030720825]:5113 1 339 0
[0.23598686006335576, 0.17821068824097536, 6, 9, 420, 1, 0.43892260030720825]:5113 1 339 0
[0.018507645913768824, 0.05151388069430456, 9, 8, 455, 68, 0.02005211851436809]:329 4785 11 328
[0.23598686006335576, 0.17821068824097536, 6, 9, 420, 1, 0.43892260030720825]:5113 1 337 2
[0.23598686006335576, 0.17821068824097536, 6, 9, 420, 1, 0.43892260030720825]:5113 1 338 0
[0.23598686006335576, 0.17821068824097536, 6, 9, 420, 1, 0.43892260030720825]:5112 2 339 0
[0.23598686006335576, 0.17821068824097536, 6, 9, 420, 1, 0.43892260030720825]:5112 2 338 1
[0.23598686006335576, 0.17821068824097536, 6, 9, 420, 1, 0.43892260030720825]:5113 1 339 0
[0.23598686006335576, 0.17821068824097536, 6, 9, 420, 1, 0.43892260030720825]:5114 0 339 0
[0.21410824167740192, 0.49999999999999994, 7, 5, 496, 17, 0.7688934433967058]:3753 1361 230 109
[0.23598686006335576, 0.17821068824097536, 6, 9, 420, 1, 0.43892260030720825]:5114 1 338 0
[0.21410824167740192, 0.49999999999999994, 7, 5, 496, 17, 0.7688934433967058]:3702 1412 211 128
[0.21410824167740192, 0.49999999999999994, 7, 5, 496, 17, 0.7688934433967058]:3690 1425 207 131
[0.21410824167740192, 0.49999999999999994, 7, 5, 496, 17, 0.7688934433967058]:3705 1409 212 127
[0.23598686006335576, 0.17821068824097536, 6, 9, 420, 1, 0.43892260030720825]:5114 1 337 1
[0.21410824167740192, 0.49999999999999994, 7, 5, 496, 17, 0.7688934433967058]:3763 1351 193 146
[0.21410824167740192, 0.49999999999999994, 7, 5, 496, 17, 0.7688934433967058]:3679 1435 202 136
[0.21410824167740192, 0.49999999999999994, 7, 5, 496, 17, 0.7688934433967058]:3777 1337 215 124
[0.21410824167740192, 0.49999999999999994, 7, 5, 496, 17, 0.7688934433967058]:3689 1425 213 126
[0.21410824167740192, 0.49999999999999994, 7, 5, 496, 17, 0.7688934433967058]:3684 1431 204 134
[0.21410824167740192, 0.49999999999999994, 7, 5, 496, 17, 0.7688934433967058]:3703 1411 196 143
[0.01, 0.008543833898558083, 12, 5, 120, 1, 0.24192430476458623]:5115 0 338 0
[0.01, 0.008543833898558083, 12, 5, 120, 1, 0.24192430476458623]:5114 0 339 0
[0.01, 0.008543833898558083, 12, 5, 120, 1, 0.24192430476458623]:5114 0 339 0
[0.01, 0.008543833898558083, 12, 5, 120, 1, 0.24192430476458623]:5114 0 339 0
[0.01, 0.008543833898558083, 12, 5, 120, 1, 0.24192430476458623]:5114 0 339 0
[0.01, 0.008543833898558083, 12, 5, 120, 1, 0.24192430476458623]:5114 0 339 0
[0.01, 0.008543833898558083, 12, 5, 120, 1, 0.24192430476458623]:5114 0 339 0
[0.01, 0.008543833898558083, 12, 5, 120, 1, 0.24192430476458623]:5115 0 338 0
[0.01, 0.008543833898558083, 12, 5, 120, 1, 0.24192430476458623]:5114 0 338 0
[0.01, 0.008543833898558083, 12, 5, 120, 1, 0.24192430476458623]:5114 0 339 0
[0.99, 0.3497015184376298, 11, 7, 81, 55, 0.01653579740448978]:1695 3419 80 259
[0.99, 0.3497015184376298, 11, 7, 81, 55, 0.01653579740448978]:2210 2904 123 216
[0.99, 0.3497015184376298, 11, 7, 81, 55, 0.01653579740448978]:1831 3283 106 233
[0.99, 0.3497015184376298, 11, 7, 81, 55, 0.01653579740448978]:1694 3421 108 230
[0.99, 0.3497015184376298, 11, 7, 81, 55, 0.01653579740448978]:1931 3183 119 220
[0.99, 0.3497015184376298, 11, 7, 81, 55, 0.01653579740448978]:1456 3658 91 248
[0.99, 0.3497015184376298, 11, 7, 81, 55, 0.01653579740448978]:1626 3488 97 241
[0.99, 0.3497015184376298, 11, 7, 81, 55, 0.01653579740448978]:1918 3197 111 227
[0.99, 0.3497015184376298, 11, 7, 81, 55, 0.01653579740448978]:1621 3493 93 246
[0.99, 0.3497015184376298, 11, 7, 81, 55, 0.01653579740448978]:2196 2918 119 220
[0.4449264044400821, 0.43150561745393484, 7, 6, 188, 70, 0.6842345356358268]:2233 2881 115 224
[0.4449264044400821, 0.43150561745393484, 7, 6, 188, 70, 0.6842345356358268]:2151 2963 114 225
[0.4449264044400821, 0.43150561745393484, 7, 6, 188, 70, 0.6842345356358268]:2133 2981 111 228
[0.4449264044400821, 0.43150561745393484, 7, 6, 188, 70, 0.6842345356358268]:2256 2858 103 236
[0.4449264044400821, 0.43150561745393484, 7, 6, 188, 70, 0.6842345356358268]:2207 2907 112 227
[0.4449264044400821, 0.43150561745393484, 7, 6, 188, 70, 0.6842345356358268]:2306 2808 128 210
[0.4449264044400821, 0.43150561745393484, 7, 6, 188, 70, 0.6842345356358268]:2201 2913 118 221
[0.4449264044400821, 0.43150561745393484, 7, 6, 188, 70, 0.6842345356358268]:2201 2913 95 244
[0.4449264044400821, 0.43150561745393484, 7, 6, 188, 70, 0.6842345356358268]:2172 2943 107 231
[0.4449264044400821, 0.43150561745393484, 7, 6, 188, 70, 0.6842345356358268]:2257 2858 119 219
[0.6884223028162754, 0.19474884911159368, 11, 10, 76, 100, 0.022553652353861316]:2074 3040 114 225
[0.6884223028162754, 0.19474884911159368, 11, 10, 76, 100, 0.022553652353861316]:1908 3206 85 254
[0.6884223028162754, 0.19474884911159368, 11, 10, 76, 100, 0.022553652353861316]:2017 3097 105 234
[0.6884223028162754, 0.19474884911159368, 11, 10, 76, 100, 0.022553652353861316]:2198 2916 116 223
[0.6884223028162754, 0.19474884911159368, 11, 10, 76, 100, 0.022553652353861316]:2236 2878 111 228
[0.6884223028162754, 0.19474884911159368, 11, 10, 76, 100, 0.022553652353861316]:2113 3002 119 219
[0.6884223028162754, 0.19474884911159368, 11, 10, 76, 100, 0.022553652353861316]:2306 2809 111 227
[0.6884223028162754, 0.19474884911159368, 11, 10, 76, 100, 0.022553652353861316]:2136 2978 121 218
[0.6884223028162754, 0.19474884911159368, 11, 10, 76, 100, 0.022553652353861316]:2088 3026 104 235
[0.6884223028162754, 0.19474884911159368, 11, 10, 76, 100, 0.022553652353861316]:2172 2942 112 226
[0.7489048279685492, 0.0058973692309067915, 11, 10, 215, 22, 0.010987027820984565]:4466 648 235 104
[0.7489048279685492, 0.0058973692309067915, 11, 10, 215, 22, 0.010987027820984565]:4440 674 253 86
[0.7489048279685492, 0.0058973692309067915, 11, 10, 215, 22, 0.010987027820984565]:4378 736 232 107
[0.32717470895338885, 0.2026414225667556, 8, 10, 385, 12, 0.05161566869881109]:3757 1357 198 141
[0.7489048279685492, 0.0058973692309067915, 11, 10, 215, 22, 0.010987027820984565]:4539 575 263 76
[0.32717470895338885, 0.2026414225667556, 8, 10, 385, 12, 0.05161566869881109]:3686 1428 221 118
[0.7489048279685492, 0.0058973692309067915, 11, 10, 215, 22, 0.010987027820984565]:4360 755 229 109
[0.7489048279685492, 0.0058973692309067915, 11, 10, 215, 22, 0.010987027820984565]:4436 678 233 106
[0.32717470895338885, 0.2026414225667556, 8, 10, 385, 12, 0.05161566869881109]:3808 1306 209 130
[0.7489048279685492, 0.0058973692309067915, 11, 10, 215, 22, 0.010987027820984565]:4268 846 231 108
[0.32717470895338885, 0.2026414225667556, 8, 10, 385, 12, 0.05161566869881109]:3715 1399 201 138
[0.32717470895338885, 0.2026414225667556, 8, 10, 385, 12, 0.05161566869881109]:3732 1382 196 143
[0.32717470895338885, 0.2026414225667556, 8, 10, 385, 12, 0.05161566869881109]:3749 1365 204 135
[0.32717470895338885, 0.2026414225667556, 8, 10, 385, 12, 0.05161566869881109]:3685 1429 214 124
[0.32717470895338885, 0.2026414225667556, 8, 10, 385, 12, 0.05161566869881109]:3697 1418 202 136
[0.7489048279685492, 0.0058973692309067915, 11, 10, 215, 22, 0.010987027820984565]:4596 518 270 68
[0.7489048279685492, 0.0058973692309067915, 11, 10, 215, 22, 0.010987027820984565]:4409 706 234 104
[0.32717470895338885, 0.2026414225667556, 8, 10, 385, 12, 0.05161566869881109]:3731 1383 206 133
[0.7489048279685492, 0.0058973692309067915, 11, 10, 215, 22, 0.010987027820984565]:4384 730 231 108
[0.32717470895338885, 0.2026414225667556, 8, 10, 385, 12, 0.05161566869881109]:3640 1475 200 138
[0.01398818393141294, 0.07417019426044077, 4, 5, 160, 24, 0.19383675058413155]:467 4647 15 324
[0.01398818393141294, 0.07417019426044077, 4, 5, 160, 24, 0.19383675058413155]:499 4615 11 328
[0.01398818393141294, 0.07417019426044077, 4, 5, 160, 24, 0.19383675058413155]:520 4594 14 325
[0.01398818393141294, 0.07417019426044077, 4, 5, 160, 24, 0.19383675058413155]:960 4154 38 300
[0.01398818393141294, 0.07417019426044077, 4, 5, 160, 24, 0.19383675058413155]:462 4652 16 323
[0.01398818393141294, 0.07417019426044077, 4, 5, 160, 24, 0.19383675058413155]:449 4665 10 329
[0.01398818393141294, 0.07417019426044077, 4, 5, 160, 24, 0.19383675058413155]:496 4619 9 329
[0.01398818393141294, 0.07417019426044077, 4, 5, 160, 24, 0.19383675058413155]:416 4698 6 333
[0.01398818393141294, 0.07417019426044077, 4, 5, 160, 24, 0.19383675058413155]:484 4631 12 326
[0.01398818393141294, 0.07417019426044077, 4, 5, 160, 24, 0.19383675058413155]:573 4541 15 324
[0.01846154952830283, 0.1134023810914384, 15, 10, 422, 75, 0.017415030022575655]:250 4864 3 336
[0.01846154952830283, 0.1134023810914384, 15, 10, 422, 75, 0.017415030022575655]:325 4789 8 331
[0.01846154952830283, 0.1134023810914384, 15, 10, 422, 75, 0.017415030022575655]:270 4845 3 335
[0.01846154952830283, 0.1134023810914384, 15, 10, 422, 75, 0.017415030022575655]:387 4727 8 331
[0.01846154952830283, 0.1134023810914384, 15, 10, 422, 75, 0.017415030022575655]:263 4851 10 329
[0.01846154952830283, 0.1134023810914384, 15, 10, 422, 75, 0.017415030022575655]:225 4889 3 336
[0.010466590589844215, 0.33330965307544114, 3, 5, 492, 61, 0.8077593864138379]:199 4915 6 333
[0.01846154952830283, 0.1134023810914384, 15, 10, 422, 75, 0.017415030022575655]:518 4596 22 316
[0.010466590589844215, 0.33330965307544114, 3, 5, 492, 61, 0.8077593864138379]:214 4900 7 332
[0.010466590589844215, 0.33330965307544114, 3, 5, 492, 61, 0.8077593864138379]:218 4897 6 332
[0.010466590589844215, 0.33330965307544114, 3, 5, 492, 61, 0.8077593864138379]:217 4897 5 334
[0.010466590589844215, 0.33330965307544114, 3, 5, 492, 61, 0.8077593864138379]:205 4909 3 336
[0.01846154952830283, 0.1134023810914384, 15, 10, 422, 75, 0.017415030022575655]:328 4787 12 326
[0.010466590589844215, 0.33330965307544114, 3, 5, 492, 61, 0.8077593864138379]:192 4923 8 330
[0.01846154952830283, 0.1134023810914384, 15, 10, 422, 75, 0.017415030022575655]:345 4769 8 331
[0.010466590589844215, 0.33330965307544114, 3, 5, 492, 61, 0.8077593864138379]:224 4890 9 329
[0.010466590589844215, 0.33330965307544114, 3, 5, 492, 61, 0.8077593864138379]:213 4901 8 331
[0.01846154952830283, 0.1134023810914384, 15, 10, 422, 75, 0.017415030022575655]:346 4768 19 320
[0.010466590589844215, 0.33330965307544114, 3, 5, 492, 61, 0.8077593864138379]:226 4888 7 332
[0.010466590589844215, 0.33330965307544114, 3, 5, 492, 61, 0.8077593864138379]:214 4900 6 333
[0.01, 0.30151131373216705, 15, 10, 50, 17, 0.01]:2578 2536 140 199
[0.01, 0.30151131373216705, 15, 10, 50, 17, 0.01]:2806 2308 153 186
[0.01, 0.30151131373216705, 15, 10, 50, 17, 0.01]:2424 2690 122 217
[0.01, 0.30151131373216705, 15, 10, 50, 17, 0.01]:2411 2703 114 225
[0.01, 0.30151131373216705, 15, 10, 50, 17, 0.01]:2702 2412 153 186
[0.01, 0.30151131373216705, 15, 10, 50, 17, 0.01]:2071 3043 111 228
[0.01, 0.30151131373216705, 15, 10, 50, 17, 0.01]:2327 2788 122 216
[0.01, 0.30151131373216705, 15, 10, 50, 17, 0.01]:2478 2637 130 208
[0.01, 0.30151131373216705, 15, 10, 50, 17, 0.01]:3056 2058 148 191
[0.01, 0.30151131373216705, 15, 10, 50, 17, 0.01]:2790 2324 146 192
[0.6682530527049039, 0.01089686437371033, 13, 10, 82, 42, 0.99]:1321 3793 44 295
[0.6682530527049039, 0.01089686437371033, 13, 10, 82, 42, 0.99]:1245 3869 52 287
[0.6682530527049039, 0.01089686437371033, 13, 10, 82, 42, 0.99]:1272 3842 55 284
[0.6682530527049039, 0.01089686437371033, 13, 10, 82, 42, 0.99]:1188 3926 45 294
[0.6682530527049039, 0.01089686437371033, 13, 10, 82, 42, 0.99]:1247 3867 56 283
[0.6682530527049039, 0.01089686437371033, 13, 10, 82, 42, 0.99]:1238 3876 51 288
[0.6682530527049039, 0.01089686437371033, 13, 10, 82, 42, 0.99]:1197 3917 43 296
[0.6682530527049039, 0.01089686437371033, 13, 10, 82, 42, 0.99]:1260 3855 39 299
[0.6682530527049039, 0.01089686437371033, 13, 10, 82, 42, 0.99]:1141 3973 40 298
[0.6682530527049039, 0.01089686437371033, 13, 10, 82, 42, 0.99]:1229 3886 49 289
[0.99, 0.005080419838335189, 8, 10, 495, 16, 0.01]:4703 411 276 63
[0.99, 0.005080419838335189, 8, 10, 495, 16, 0.01]:4763 351 271 68
[0.99, 0.005080419838335189, 8, 10, 495, 16, 0.01]:4722 393 279 59
[0.99, 0.005080419838335189, 8, 10, 495, 16, 0.01]:4777 337 283 55
[0.99, 0.005080419838335189, 8, 10, 495, 16, 0.01]:4715 399 267 72
[0.99, 0.005080419838335189, 8, 10, 495, 16, 0.01]:4768 347 264 74
[0.99, 0.005080419838335189, 8, 10, 495, 16, 0.01]:4692 422 269 70
[0.99, 0.005080419838335189, 8, 10, 495, 16, 0.01]:4731 383 284 55
[0.99, 0.005080419838335189, 8, 10, 495, 16, 0.01]:4750 364 279 60
[0.99, 0.005080419838335189, 8, 10, 495, 16, 0.01]:4784 330 282 57
[0.05625156882049345, 0.08388238407375029, 5, 6, 119, 31, 0.013190587082169134]:235 4879 10 329
[0.05625156882049345, 0.08388238407375029, 5, 6, 119, 31, 0.013190587082169134]:179 4935 4 335
[0.05625156882049345, 0.08388238407375029, 5, 6, 119, 31, 0.013190587082169134]:325 4789 11 328
[0.05625156882049345, 0.08388238407375029, 5, 6, 119, 31, 0.013190587082169134]:181 4934 7 331
[0.05625156882049345, 0.08388238407375029, 5, 6, 119, 31, 0.013190587082169134]:455 4659 12 327
[0.05625156882049345, 0.08388238407375029, 5, 6, 119, 31, 0.013190587082169134]:84 5030 0 339
[0.05625156882049345, 0.08388238407375029, 5, 6, 119, 31, 0.013190587082169134]:910 4204 43 295
[0.05625156882049345, 0.08388238407375029, 5, 6, 119, 31, 0.013190587082169134]:315 4799 7 332
[0.05625156882049345, 0.08388238407375029, 5, 6, 119, 31, 0.013190587082169134]:181 4934 4 334
[0.05625156882049345, 0.08388238407375029, 5, 6, 119, 31, 0.013190587082169134]:335 4779 11 328
[0.40102686426697376, 0.025872567900779863, 4, 6, 500, 21, 0.3016931736838859]:2244 2871 74 264
[0.99, 0.20062463794648505, 3, 5, 482, 14, 0.38079348137232044]:3577 1538 172 166
[0.99, 0.20062463794648505, 3, 5, 482, 14, 0.38079348137232044]:3597 1517 186 153
[0.40102686426697376, 0.025872567900779863, 4, 6, 500, 21, 0.3016931736838859]:2119 2995 81 258
[0.40102686426697376, 0.025872567900779863, 4, 6, 500, 21, 0.3016931736838859]:2204 2911 79 259
[0.40102686426697376, 0.025872567900779863, 4, 6, 500, 21, 0.3016931736838859]:2202 2912 87 251
[0.40102686426697376, 0.025872567900779863, 4, 6, 500, 21, 0.3016931736838859]:2197 2917 86 253
[0.40102686426697376, 0.025872567900779863, 4, 6, 500, 21, 0.3016931736838859]:2281 2833 76 263
[0.99, 0.20062463794648505, 3, 5, 482, 14, 0.38079348137232044]:3603 1511 170 169
[0.99, 0.20062463794648505, 3, 5, 482, 14, 0.38079348137232044]:3599 1516 167 171
[0.40102686426697376, 0.025872567900779863, 4, 6, 500, 21, 0.3016931736838859]:2281 2833 74 265
[0.99, 0.20062463794648505, 3, 5, 482, 14, 0.38079348137232044]:3608 1506 184 155
[0.99, 0.20062463794648505, 3, 5, 482, 14, 0.38079348137232044]:3627 1487 174 164
[0.40102686426697376, 0.025872567900779863, 4, 6, 500, 21, 0.3016931736838859]:2210 2904 83 256
[0.40102686426697376, 0.025872567900779863, 4, 6, 500, 21, 0.3016931736838859]:2186 2928 97 242
[0.99, 0.20062463794648505, 3, 5, 482, 14, 0.38079348137232044]:3647 1467 181 158
[0.99, 0.20062463794648505, 3, 5, 482, 14, 0.38079348137232044]:3595 1519 177 162
[0.99, 0.20062463794648505, 3, 5, 482, 14, 0.38079348137232044]:3647 1467 184 155
[0.40102686426697376, 0.025872567900779863, 4, 6, 500, 21, 0.3016931736838859]:2166 2948 74 265
[0.99, 0.20062463794648505, 3, 5, 482, 14, 0.38079348137232044]:3673 1441 188 151
[0.99, 0.005146277801673402, 4, 10, 50, 24, 0.18425141519919153]:1439 3675 37 302
[0.99, 0.005146277801673402, 4, 10, 50, 24, 0.18425141519919153]:1452 3662 48 291
[0.99, 0.005146277801673402, 4, 10, 50, 24, 0.18425141519919153]:1490 3624 44 295
[0.99, 0.005146277801673402, 4, 10, 50, 24, 0.18425141519919153]:1504 3611 46 292
[0.99, 0.005146277801673402, 4, 10, 50, 24, 0.18425141519919153]:1554 3560 55 284
[0.99, 0.005146277801673402, 4, 10, 50, 24, 0.18425141519919153]:1492 3622 46 293
[0.99, 0.005146277801673402, 4, 10, 50, 24, 0.18425141519919153]:1499 3616 43 295
[0.99, 0.005146277801673402, 4, 10, 50, 24, 0.18425141519919153]:1580 3534 48 291
[0.99, 0.005146277801673402, 4, 10, 50, 24, 0.18425141519919153]:1478 3636 43 296
[0.99, 0.005146277801673402, 4, 10, 50, 24, 0.18425141519919153]:1350 3764 52 286
[0.99, 0.014698742529998511, 7, 8, 50, 17, 0.28533323836369057]:3274 1840 145 194
[0.99, 0.014698742529998511, 7, 8, 50, 17, 0.28533323836369057]:3147 1967 133 206
[0.99, 0.014698742529998511, 7, 8, 50, 17, 0.28533323836369057]:3309 1805 144 195
[0.99, 0.014698742529998511, 7, 8, 50, 17, 0.28533323836369057]:3287 1828 138 200
[0.99, 0.014698742529998511, 7, 8, 50, 17, 0.28533323836369057]:3334 1781 148 190
[0.99, 0.014698742529998511, 7, 8, 50, 17, 0.28533323836369057]:3246 1868 152 187
[0.99, 0.014698742529998511, 7, 8, 50, 17, 0.28533323836369057]:3174 1940 131 208
[0.99, 0.014698742529998511, 7, 8, 50, 17, 0.28533323836369057]:3187 1927 150 189
[0.99, 0.014698742529998511, 7, 8, 50, 17, 0.28533323836369057]:3179 1935 134 205
[0.99, 0.014698742529998511, 7, 8, 50, 17, 0.28533323836369057]:3126 1988 150 188
[0.99, 0.008794890156977066, 13, 7, 326, 24, 0.028065126586586445]:4640 474 263 76
[0.99, 0.008794890156977066, 13, 7, 326, 24, 0.028065126586586445]:4639 475 257 82
[0.99, 0.008794890156977066, 13, 7, 326, 24, 0.028065126586586445]:4651 463 254 85
[0.99, 0.008794890156977066, 13, 7, 326, 24, 0.028065126586586445]:4638 476 261 78
[0.99, 0.008794890156977066, 13, 7, 326, 24, 0.028065126586586445]:4679 435 267 71
[0.99, 0.008794890156977066, 13, 7, 326, 24, 0.028065126586586445]:4618 497 252 86
[0.99, 0.008794890156977066, 13, 7, 326, 24, 0.028065126586586445]:4638 476 265 74
[0.99, 0.008794890156977066, 13, 7, 326, 24, 0.028065126586586445]:4636 479 260 78
[0.99, 0.008794890156977066, 13, 7, 326, 24, 0.028065126586586445]:4585 529 256 83
[0.99, 0.008794890156977066, 13, 7, 326, 24, 0.028065126586586445]:4618 496 265 74
[0.01, 0.3269706169452997, 3, 7, 417, 100, 0.99]:50 5064 1 338
[0.01, 0.02017038660882629, 15, 8, 347, 100, 0.99]:0 5115 0 338
[0.01, 0.02017038660882629, 15, 8, 347, 100, 0.99]:0 5114 0 339
[0.01, 0.3269706169452997, 3, 7, 417, 100, 0.99]:46 5068 0 339
[0.01, 0.02017038660882629, 15, 8, 347, 100, 0.99]:0 5114 0 339
[0.01, 0.02017038660882629, 15, 8, 347, 100, 0.99]:0 5114 0 339
[0.01, 0.3269706169452997, 3, 7, 417, 100, 0.99]:83 5031 2 337
[0.01, 0.02017038660882629, 15, 8, 347, 100, 0.99]:0 5114 0 339
[0.01, 0.3269706169452997, 3, 7, 417, 100, 0.99]:66 5048 1 338
[0.01, 0.02017038660882629, 15, 8, 347, 100, 0.99]:0 5114 0 339
[0.01, 0.3269706169452997, 3, 7, 417, 100, 0.99]:75 5039 2 337
[0.01, 0.3269706169452997, 3, 7, 417, 100, 0.99]:101 5013 5 333
[0.01, 0.02017038660882629, 15, 8, 347, 100, 0.99]:0 5115 0 338
[0.01, 0.3269706169452997, 3, 7, 417, 100, 0.99]:83 5031 5 334
[0.01, 0.3269706169452997, 3, 7, 417, 100, 0.99]:52 5063 1 337
[0.01, 0.02017038660882629, 15, 8, 347, 100, 0.99]:0 5114 0 339
[0.01, 0.3269706169452997, 3, 7, 417, 100, 0.99]:57 5057 0 339
[0.01, 0.02017038660882629, 15, 8, 347, 100, 0.99]:0 5114 0 339
[0.01, 0.3269706169452997, 3, 7, 417, 100, 0.99]:45 5070 2 336
[0.01, 0.02017038660882629, 15, 8, 347, 100, 0.99]:2 5112 0 338
[0.99, 0.05786922143237449, 15, 5, 500, 24, 0.01]:3995 1120 223 115
[0.99, 0.05786922143237449, 15, 5, 500, 24, 0.01]:3996 1118 236 103
[0.99, 0.05786922143237449, 15, 5, 500, 24, 0.01]:3942 1172 230 109
[0.99, 0.05786922143237449, 15, 5, 500, 24, 0.01]:3961 1153 222 117
[0.99, 0.05786922143237449, 15, 5, 500, 24, 0.01]:3928 1186 238 101
[0.99, 0.05786922143237449, 15, 5, 500, 24, 0.01]:3994 1120 224 115
[0.99, 0.05786922143237449, 15, 5, 500, 24, 0.01]:4029 1085 243 96
[0.99, 0.05786922143237449, 15, 5, 500, 24, 0.01]:3995 1119 239 100
[0.99, 0.05786922143237449, 15, 5, 500, 24, 0.01]:3950 1165 230 108
[0.99, 0.05786922143237449, 15, 5, 500, 24, 0.01]:3818 1296 231 107
[0.14210569113115715, 0.014015347001857288, 15, 10, 258, 16, 0.01]:3590 1525 167 171
[0.14210569113115715, 0.014015347001857288, 15, 10, 258, 16, 0.01]:3574 1540 187 152
[0.14210569113115715, 0.014015347001857288, 15, 10, 258, 16, 0.01]:3701 1413 184 155
[0.14210569113115715, 0.014015347001857288, 15, 10, 258, 16, 0.01]:3600 1514 178 161
[0.14210569113115715, 0.014015347001857288, 15, 10, 258, 16, 0.01]:3987 1127 201 138
[0.14210569113115715, 0.014015347001857288, 15, 10, 258, 16, 0.01]:3827 1287 200 139
[0.14210569113115715, 0.014015347001857288, 15, 10, 258, 16, 0.01]:3366 1748 160 179
[0.14210569113115715, 0.014015347001857288, 15, 10, 258, 16, 0.01]:3682 1432 185 153
[0.14210569113115715, 0.014015347001857288, 15, 10, 258, 16, 0.01]:3722 1393 183 155
[0.14210569113115715, 0.014015347001857288, 15, 10, 258, 16, 0.01]:3355 1759 150 189
[0.08190444238480928, 0.005, 14, 10, 486, 20, 0.025409025755525526]:210 4904 4 335
[0.08190444238480928, 0.005, 14, 10, 486, 20, 0.025409025755525526]:116 4998 0 339
[0.08190444238480928, 0.005, 14, 10, 486, 20, 0.025409025755525526]:192 4922 4 334
[0.08190444238480928, 0.005, 14, 10, 486, 20, 0.025409025755525526]:104 5010 5 334
[0.08190444238480928, 0.005, 14, 10, 486, 20, 0.025409025755525526]:80 5034 1 338
[0.08190444238480928, 0.005, 14, 10, 486, 20, 0.025409025755525526]:166 4948 5 334
[0.08190444238480928, 0.005, 14, 10, 486, 20, 0.025409025755525526]:58 5056 0 339
[0.08190444238480928, 0.005, 14, 10, 486, 20, 0.025409025755525526]:90 5025 2 336
[0.08190444238480928, 0.005, 14, 10, 486, 20, 0.025409025755525526]:101 5014 1 337
[0.99, 0.005, 5, 8, 311, 21, 0.6509943095267617]:1912 3202 64 275
[0.99, 0.005, 5, 8, 311, 21, 0.6509943095267617]:1960 3154 64 275
[0.99, 0.005, 5, 8, 311, 21, 0.6509943095267617]:1887 3228 58 280
[0.08190444238480928, 0.005, 14, 10, 486, 20, 0.025409025755525526]:106 5008 2 337
[0.99, 0.005, 5, 8, 311, 21, 0.6509943095267617]:1905 3209 78 261
[0.99, 0.005, 5, 8, 311, 21, 0.6509943095267617]:1902 3213 58 280
[0.99, 0.005, 5, 8, 311, 21, 0.6509943095267617]:1871 3243 72 266
[0.99, 0.005, 5, 8, 311, 21, 0.6509943095267617]:1861 3253 52 287
[0.99, 0.005, 5, 8, 311, 21, 0.6509943095267617]:2016 3098 74 265
[0.99, 0.005, 5, 8, 311, 21, 0.6509943095267617]:1900 3214 76 263
[0.99, 0.005, 5, 8, 311, 21, 0.6509943095267617]:1885 3229 67 272
[0.99, 0.17291732558105327, 7, 8, 50, 18, 0.015950977982253995]:3862 1252 224 115
[0.99, 0.17291732558105327, 7, 8, 50, 18, 0.015950977982253995]:3611 1503 213 125
[0.99, 0.17291732558105327, 7, 8, 50, 18, 0.015950977982253995]:3526 1589 205 133
[0.99, 0.17291732558105327, 7, 8, 50, 18, 0.015950977982253995]:3812 1302 196 143
[0.99, 0.17291732558105327, 7, 8, 50, 18, 0.015950977982253995]:3832 1282 210 129
[0.99, 0.17291732558105327, 7, 8, 50, 18, 0.015950977982253995]:3763 1351 207 132
[0.99, 0.17291732558105327, 7, 8, 50, 18, 0.015950977982253995]:3644 1470 199 140
[0.99, 0.17291732558105327, 7, 8, 50, 18, 0.015950977982253995]:3662 1453 201 137
[0.99, 0.17291732558105327, 7, 8, 50, 18, 0.015950977982253995]:3635 1479 220 119
[0.99, 0.17291732558105327, 7, 8, 50, 18, 0.015950977982253995]:3574 1540 197 142
[0.99, 0.0062666245730804435, 12, 9, 130, 15, 0.06456827922779862]:4712 402 263 76
[0.99, 0.0062666245730804435, 12, 9, 130, 15, 0.06456827922779862]:4700 414 262 77
[0.99, 0.0062666245730804435, 12, 9, 130, 15, 0.06456827922779862]:4705 409 274 65
[0.99, 0.0062666245730804435, 12, 9, 130, 15, 0.06456827922779862]:4653 461 266 73
[0.99, 0.0062666245730804435, 12, 9, 130, 15, 0.06456827922779862]:4724 390 271 68
[0.99, 0.0062666245730804435, 12, 9, 130, 15, 0.06456827922779862]:4731 384 262 76
[0.99, 0.0062666245730804435, 12, 9, 130, 15, 0.06456827922779862]:4710 404 263 75
[0.99, 0.0062666245730804435, 12, 9, 130, 15, 0.06456827922779862]:4722 392 269 70
[0.99, 0.0062666245730804435, 12, 9, 130, 15, 0.06456827922779862]:4690 425 267 71
[0.99, 0.0062666245730804435, 12, 9, 130, 15, 0.06456827922779862]:4710 404 256 83
[0.99, 0.027631854955867338, 11, 8, 404, 23, 0.034594839477481994]:4200 914 237 101
[0.99, 0.027631854955867338, 11, 8, 404, 23, 0.034594839477481994]:4253 861 236 103
[0.99, 0.027631854955867338, 11, 8, 404, 23, 0.034594839477481994]:4226 888 232 107
[0.99, 0.027631854955867338, 11, 8, 404, 23, 0.034594839477481994]:4195 919 233 106
[0.99, 0.027631854955867338, 11, 8, 404, 23, 0.034594839477481994]:4165 950 225 113
[0.99, 0.027631854955867338, 11, 8, 404, 23, 0.034594839477481994]:4253 861 230 109
[0.99, 0.027631854955867338, 11, 8, 404, 23, 0.034594839477481994]:4209 905 235 104
[0.99, 0.027631854955867338, 11, 8, 404, 23, 0.034594839477481994]:4199 915 229 110
[0.99, 0.027631854955867338, 11, 8, 404, 23, 0.034594839477481994]:4138 976 215 124
[0.99, 0.027631854955867338, 11, 8, 404, 23, 0.034594839477481994]:4255 860 221 117
[0.99, 0.0446670861386683, 4, 7, 134, 15, 0.01791968412783585]:4079 1035 204 135
[0.027570529105588933, 0.007753353560728736, 9, 9, 214, 15, 0.03439167597953707]:3933 1181 204 135
[0.027570529105588933, 0.007753353560728736, 9, 9, 214, 15, 0.03439167597953707]:3838 1277 184 154
[0.99, 0.0446670861386683, 4, 7, 134, 15, 0.01791968412783585]:3779 1335 195 144
[0.99, 0.0446670861386683, 4, 7, 134, 15, 0.01791968412783585]:4025 1089 205 134
[0.99, 0.0446670861386683, 4, 7, 134, 15, 0.01791968412783585]:3933 1181 196 142
[0.99, 0.0446670861386683, 4, 7, 134, 15, 0.01791968412783585]:4079 1036 198 140
[0.99, 0.0446670861386683, 4, 7, 134, 15, 0.01791968412783585]:3841 1273 189 150
[0.99, 0.0446670861386683, 4, 7, 134, 15, 0.01791968412783585]:3915 1199 203 136
[0.99, 0.0446670861386683, 4, 7, 134, 15, 0.01791968412783585]:4012 1102 208 131
[0.99, 0.0446670861386683, 4, 7, 134, 15, 0.01791968412783585]:3956 1159 182 156
[0.027570529105588933, 0.007753353560728736, 9, 9, 214, 15, 0.03439167597953707]:3635 1479 183 156
[0.99, 0.0446670861386683, 4, 7, 134, 15, 0.01791968412783585]:3873 1241 184 155
[0.027570529105588933, 0.007753353560728736, 9, 9, 214, 15, 0.03439167597953707]:3940 1174 211 128
[0.027570529105588933, 0.007753353560728736, 9, 9, 214, 15, 0.03439167597953707]:4289 826 231 107
[0.027570529105588933, 0.007753353560728736, 9, 9, 214, 15, 0.03439167597953707]:3734 1380 184 155
[0.027570529105588933, 0.007753353560728736, 9, 9, 214, 15, 0.03439167597953707]:3560 1554 199 140
[0.027570529105588933, 0.007753353560728736, 9, 9, 214, 15, 0.03439167597953707]:3886 1228 194 145
[0.027570529105588933, 0.007753353560728736, 9, 9, 214, 15, 0.03439167597953707]:3931 1183 202 137
[0.027570529105588933, 0.007753353560728736, 9, 9, 214, 15, 0.03439167597953707]:4250 864 229 109
[0.99, 0.11633970114932168, 12, 5, 414, 16, 0.07289762305903309]:4264 850 259 80
[0.99, 0.11633970114932168, 12, 5, 414, 16, 0.07289762305903309]:4293 821 265 74
[0.99, 0.11633970114932168, 12, 5, 414, 16, 0.07289762305903309]:4204 910 274 64
[0.99, 0.11633970114932168, 12, 5, 414, 16, 0.07289762305903309]:4194 920 252 87
[0.99, 0.11633970114932168, 12, 5, 414, 16, 0.07289762305903309]:4277 837 279 60
[0.99, 0.11633970114932168, 12, 5, 414, 16, 0.07289762305903309]:4322 792 264 75
[0.99, 0.11633970114932168, 12, 5, 414, 16, 0.07289762305903309]:4296 819 244 94
[0.99, 0.11633970114932168, 12, 5, 414, 16, 0.07289762305903309]:4348 766 251 88
[0.99, 0.11633970114932168, 12, 5, 414, 16, 0.07289762305903309]:4318 796 265 74
[0.99, 0.11633970114932168, 12, 5, 414, 16, 0.07289762305903309]:4374 741 271 67
[0.99, 0.005, 14, 10, 50, 12, 0.01]:4977 137 311 28
[0.99, 0.005, 14, 10, 50, 12, 0.01]:4884 231 293 45
[0.99, 0.005, 14, 10, 50, 12, 0.01]:4923 191 302 37
[0.99, 0.005, 14, 10, 50, 12, 0.01]:4959 155 316 23
[0.99, 0.005, 14, 10, 50, 12, 0.01]:4988 126 310 29
[0.99, 0.005, 14, 10, 50, 12, 0.01]:4935 180 301 37
[0.99, 0.005, 14, 10, 50, 12, 0.01]:4951 163 312 27
[0.99, 0.005, 14, 10, 50, 12, 0.01]:4954 160 301 38
[0.99, 0.3551574491968968, 11, 6, 50, 24, 0.018484586078162137]:2716 2399 149 189
[0.99, 0.3551574491968968, 11, 6, 50, 24, 0.018484586078162137]:3029 2085 164 175
[0.99, 0.3551574491968968, 11, 6, 50, 24, 0.018484586078162137]:2660 2454 146 192
[0.99, 0.3551574491968968, 11, 6, 50, 24, 0.018484586078162137]:2743 2371 145 194
[0.99, 0.3551574491968968, 11, 6, 50, 24, 0.018484586078162137]:2731 2384 156 182
[0.99, 0.3551574491968968, 11, 6, 50, 24, 0.018484586078162137]:2762 2352 151 188
[0.99, 0.3551574491968968, 11, 6, 50, 24, 0.018484586078162137]:2807 2307 164 175
[0.99, 0.3551574491968968, 11, 6, 50, 24, 0.018484586078162137]:2838 2276 154 185
[0.99, 0.005, 14, 10, 50, 12, 0.01]:5004 110 313 26
[0.99, 0.3551574491968968, 11, 6, 50, 24, 0.018484586078162137]:2826 2288 163 176
[0.99, 0.005, 14, 10, 50, 12, 0.01]:4925 189 304 34
[0.99, 0.3551574491968968, 11, 6, 50, 24, 0.018484586078162137]:2793 2321 162 177
[0.99, 0.008008656155743827, 11, 10, 50, 13, 0.3304571603577353]:4318 796 228 110
[0.99, 0.008008656155743827, 11, 10, 50, 13, 0.3304571603577353]:4334 781 227 111
[0.99, 0.008008656155743827, 11, 10, 50, 13, 0.3304571603577353]:4371 743 240 99
[0.99, 0.008008656155743827, 11, 10, 50, 13, 0.3304571603577353]:4394 720 223 116
[0.99, 0.008008656155743827, 11, 10, 50, 13, 0.3304571603577353]:4384 730 242 97
[0.99, 0.008008656155743827, 11, 10, 50, 13, 0.3304571603577353]:4316 798 234 105
[0.99, 0.008008656155743827, 11, 10, 50, 13, 0.3304571603577353]:4344 771 225 113
[0.99, 0.008008656155743827, 11, 10, 50, 13, 0.3304571603577353]:4292 822 230 109
[0.99, 0.008008656155743827, 11, 10, 50, 13, 0.3304571603577353]:4381 733 239 100
[0.99, 0.008008656155743827, 11, 10, 50, 13, 0.3304571603577353]:4398 716 234 105
[0.9702675676897277, 0.005, 3, 9, 50, 54, 0.03303276379621937]:64 5050 2 337
[0.9702675676897277, 0.005, 3, 9, 50, 54, 0.03303276379621937]:114 5000 1 338
[0.9702675676897277, 0.005, 3, 9, 50, 54, 0.03303276379621937]:150 4964 6 332
[0.9702675676897277, 0.005, 3, 9, 50, 54, 0.03303276379621937]:249 4865 9 330
[0.9702675676897277, 0.005, 3, 9, 50, 54, 0.03303276379621937]:144 4970 4 335
[0.9702675676897277, 0.005, 3, 9, 50, 54, 0.03303276379621937]:134 4980 6 333
[0.9702675676897277, 0.005, 3, 9, 50, 54, 0.03303276379621937]:188 4926 4 335
[0.9702675676897277, 0.005, 3, 9, 50, 54, 0.03303276379621937]:232 4882 6 333
[0.9702675676897277, 0.005, 3, 9, 50, 54, 0.03303276379621937]:203 4912 6 332
[0.9702675676897277, 0.005, 3, 9, 50, 54, 0.03303276379621937]:260 4855 5 333
[0.99, 0.2853232326148275, 15, 6, 50, 1, 0.4365439511228415]:5103 12 337 1
[0.99, 0.2853232326148275, 15, 6, 50, 1, 0.4365439511228415]:5103 11 338 1
[0.99, 0.005, 3, 7, 201, 1, 0.023263945424741517]:5114 0 339 0
[0.99, 0.2853232326148275, 15, 6, 50, 1, 0.4365439511228415]:5108 7 333 5
[0.99, 0.2853232326148275, 15, 6, 50, 1, 0.4365439511228415]:5106 8 338 1
[0.99, 0.005, 3, 7, 201, 1, 0.023263945424741517]:5115 0 338 0
[0.99, 0.2853232326148275, 15, 6, 50, 1, 0.4365439511228415]:5106 8 337 2
[0.99, 0.005, 3, 7, 201, 1, 0.023263945424741517]:5114 0 338 0
[0.99, 0.005, 3, 7, 201, 1, 0.023263945424741517]:5114 0 339 0
[0.99, 0.005, 3, 7, 201, 1, 0.023263945424741517]:5114 0 339 0
[0.99, 0.005, 3, 7, 201, 1, 0.023263945424741517]:5114 0 339 0
[0.99, 0.2853232326148275, 15, 6, 50, 1, 0.4365439511228415]:5103 11 334 5
[0.99, 0.005, 3, 7, 201, 1, 0.023263945424741517]:5114 0 339 0
[0.99, 0.005, 3, 7, 201, 1, 0.023263945424741517]:5115 0 338 0
[0.99, 0.005, 3, 7, 201, 1, 0.023263945424741517]:5114 0 339 0
[0.99, 0.005, 3, 7, 201, 1, 0.023263945424741517]:5114 0 339 0
[0.99, 0.2853232326148275, 15, 6, 50, 1, 0.4365439511228415]:5105 9 338 1
[0.99, 0.2853232326148275, 15, 6, 50, 1, 0.4365439511228415]:5102 12 335 4
[0.99, 0.2853232326148275, 15, 6, 50, 1, 0.4365439511228415]:5108 6 336 2
[0.99, 0.2853232326148275, 15, 6, 50, 1, 0.4365439511228415]:5104 10 335 4
[0.99, 0.008585122809133235, 6, 9, 62, 14, 0.865396834391876]:3743 1371 186 153
[0.99, 0.008585122809133235, 6, 9, 62, 14, 0.865396834391876]:3709 1405 154 185
[0.99, 0.008585122809133235, 6, 9, 62, 14, 0.865396834391876]:3706 1408 180 158
[0.99, 0.008585122809133235, 6, 9, 62, 14, 0.865396834391876]:3607 1507 169 170
[0.99, 0.008585122809133235, 6, 9, 62, 14, 0.865396834391876]:3723 1391 176 163
[0.99, 0.008585122809133235, 6, 9, 62, 14, 0.865396834391876]:3668 1446 187 152
[0.99, 0.008585122809133235, 6, 9, 62, 14, 0.865396834391876]:3710 1405 174 164
[0.99, 0.008585122809133235, 6, 9, 62, 14, 0.865396834391876]:3737 1377 184 155
[0.99, 0.008585122809133235, 6, 9, 62, 14, 0.865396834391876]:3614 1501 169 169
[0.99, 0.008585122809133235, 6, 9, 62, 14, 0.865396834391876]:3715 1399 164 175
[0.99, 0.03291384791148808, 5, 5, 151, 12, 0.99]:4138 977 202 136
[0.99, 0.03291384791148808, 5, 5, 151, 12, 0.99]:4067 1047 205 133
[0.99, 0.03291384791148808, 5, 5, 151, 12, 0.99]:4102 1012 206 133
[0.99, 0.03291384791148808, 5, 5, 151, 12, 0.99]:4137 977 213 126
[0.99, 0.03291384791148808, 5, 5, 151, 12, 0.99]:4125 989 197 142
[0.99, 0.03291384791148808, 5, 5, 151, 12, 0.99]:4095 1019 205 134
[0.99, 0.03291384791148808, 5, 5, 151, 12, 0.99]:4126 988 206 133
[0.99, 0.03291384791148808, 5, 5, 151, 12, 0.99]:4115 1000 200 138
[0.99, 0.03291384791148808, 5, 5, 151, 12, 0.99]:4129 985 217 122
[0.99, 0.03291384791148808, 5, 5, 151, 12, 0.99]:4144 970 193 146
[0.99, 0.16086297686492912, 10, 10, 293, 25, 0.01]:2889 2225 163 176
[0.99, 0.16086297686492912, 10, 10, 293, 25, 0.01]:2851 2263 146 193
[0.99, 0.16086297686492912, 10, 10, 293, 25, 0.01]:2765 2349 151 188
[0.99, 0.16086297686492912, 10, 10, 293, 25, 0.01]:3029 2085 155 184
[0.99, 0.16086297686492912, 10, 10, 293, 25, 0.01]:3074 2040 174 165
[0.99, 0.16086297686492912, 10, 10, 293, 25, 0.01]:3019 2095 173 166
[0.99, 0.16086297686492912, 10, 10, 293, 25, 0.01]:2980 2135 148 190
[0.99, 0.16086297686492912, 10, 10, 293, 25, 0.01]:3064 2051 166 172
[0.99, 0.16086297686492912, 10, 10, 293, 25, 0.01]:3015 2099 164 175
[0.99, 0.16086297686492912, 10, 10, 293, 25, 0.01]:2993 2121 160 178
[0.99, 0.49999999999999994, 7, 7, 50, 13, 0.99]:4001 1113 202 137
[0.99, 0.49999999999999994, 7, 7, 50, 13, 0.99]:4020 1094 224 115
[0.99, 0.49999999999999994, 7, 7, 50, 13, 0.99]:4011 1104 226 112
[0.99, 0.49999999999999994, 7, 7, 50, 13, 0.99]:4014 1100 222 117
[0.99, 0.49999999999999994, 7, 7, 50, 13, 0.99]:3980 1134 222 117
[0.99, 0.49999999999999994, 7, 7, 50, 13, 0.99]:4042 1073 212 126
[0.99, 0.49999999999999994, 7, 7, 50, 13, 0.99]:3985 1129 217 122
[0.99, 0.49999999999999994, 7, 7, 50, 13, 0.99]:3995 1119 223 116
[0.01, 0.49999999999999994, 15, 5, 169, 13, 0.99]:3939 1176 204 134
[0.99, 0.49999999999999994, 7, 7, 50, 13, 0.99]:3977 1137 211 127
[0.01, 0.49999999999999994, 15, 5, 169, 13, 0.99]:3883 1232 190 148
[0.99, 0.49999999999999994, 7, 7, 50, 13, 0.99]:4054 1060 234 105
[0.01, 0.49999999999999994, 15, 5, 169, 13, 0.99]:3933 1181 220 119
[0.01, 0.49999999999999994, 15, 5, 169, 13, 0.99]:3963 1151 212 127
[0.01, 0.49999999999999994, 15, 5, 169, 13, 0.99]:3945 1169 195 144
[0.01, 0.49999999999999994, 15, 5, 169, 13, 0.99]:3967 1147 204 135
[0.01, 0.49999999999999994, 15, 5, 169, 13, 0.99]:3987 1127 200 139
[0.01, 0.49999999999999994, 15, 5, 169, 13, 0.99]:3927 1187 197 142
[0.01, 0.49999999999999994, 15, 5, 169, 13, 0.99]:3987 1127 219 120
[0.01, 0.49999999999999994, 15, 5, 169, 13, 0.99]:3920 1194 217 121
[0.99, 0.49999999999999994, 9, 5, 269, 12, 0.99]:4623 491 284 55
[0.99, 0.49999999999999994, 9, 5, 269, 12, 0.99]:4611 503 289 50
[0.99, 0.49999999999999994, 9, 5, 269, 12, 0.99]:4617 497 288 51
[0.99, 0.49999999999999994, 9, 5, 269, 12, 0.99]:4644 470 291 48
[0.99, 0.49999999999999994, 9, 5, 269, 12, 0.99]:4598 517 296 42
[0.99, 0.49999999999999994, 9, 5, 269, 12, 0.99]:4611 503 290 49
[0.99, 0.49999999999999994, 9, 5, 269, 12, 0.99]:4675 439 289 50
[0.99, 0.49999999999999994, 9, 5, 269, 12, 0.99]:4634 480 298 40
[0.99, 0.49999999999999994, 9, 5, 269, 12, 0.99]:4675 440 293 45
[0.99, 0.49999999999999994, 9, 5, 269, 12, 0.99]:4639 475 295 44
[0.39953153422869053, 0.005, 12, 6, 119, 12, 0.4577642944810945]:4880 234 286 53
[0.39953153422869053, 0.005, 12, 6, 119, 12, 0.4577642944810945]:4869 246 287 51
[0.39953153422869053, 0.005, 12, 6, 119, 12, 0.4577642944810945]:4865 249 285 54
[0.39953153422869053, 0.005, 12, 6, 119, 12, 0.4577642944810945]:4880 234 295 44
[0.39953153422869053, 0.005, 12, 6, 119, 12, 0.4577642944810945]:4861 254 287 51
[0.39953153422869053, 0.005, 12, 6, 119, 12, 0.4577642944810945]:4855 259 285 54
[0.39953153422869053, 0.005, 12, 6, 119, 12, 0.4577642944810945]:4870 244 284 55
[0.39953153422869053, 0.005, 12, 6, 119, 12, 0.4577642944810945]:4846 268 287 52
[0.39953153422869053, 0.005, 12, 6, 119, 12, 0.4577642944810945]:4850 264 294 45
[0.39953153422869053, 0.005, 12, 6, 119, 12, 0.4577642944810945]:4823 291 281 57
[0.08961503937549477, 0.005, 10, 9, 500, 12, 0.01]:5106 8 334 5
[0.08961503937549477, 0.005, 10, 9, 500, 12, 0.01]:5086 28 326 13
[0.08961503937549477, 0.005, 10, 9, 500, 12, 0.01]:5107 7 332 7
[0.08961503937549477, 0.005, 10, 9, 500, 12, 0.01]:5104 11 334 4
[0.08961503937549477, 0.005, 10, 9, 500, 12, 0.01]:5094 21 330 8
[0.08961503937549477, 0.005, 10, 9, 500, 12, 0.01]:5102 12 336 3
[0.08961503937549477, 0.005, 10, 9, 500, 12, 0.01]:5092 22 324 15
[0.08961503937549477, 0.005, 10, 9, 500, 12, 0.01]:5089 25 331 8
[0.08961503937549477, 0.005, 10, 9, 500, 12, 0.01]:5099 15 335 3
[0.08961503937549477, 0.005, 10, 9, 500, 12, 0.01]:5092 22 334 5
[0.7489876060758627, 0.005, 5, 7, 442, 26, 0.99]:1377 3737 39 300
[0.7489876060758627, 0.005, 5, 7, 442, 26, 0.99]:1258 3856 34 305
[0.7489876060758627, 0.005, 5, 7, 442, 26, 0.99]:1233 3881 41 298
[0.7489876060758627, 0.005, 5, 7, 442, 26, 0.99]:1324 3791 39 299
[0.7489876060758627, 0.005, 5, 7, 442, 26, 0.99]:1348 3766 51 288
[0.7489876060758627, 0.005, 5, 7, 442, 26, 0.99]:1254 3860 42 297
[0.7489876060758627, 0.005, 5, 7, 442, 26, 0.99]:1346 3768 38 301
[0.7489876060758627, 0.005, 5, 7, 442, 26, 0.99]:1276 3838 35 304
[0.7489876060758627, 0.005, 5, 7, 442, 26, 0.99]:1280 3835 32 306
[0.7489876060758627, 0.005, 5, 7, 442, 26, 0.99]:1223 3891 42 296
[0.99, 0.0083578436969191, 3, 10, 205, 14, 0.25648621872400107]:3671 1443 179 160
[0.99, 0.0083578436969191, 3, 10, 205, 14, 0.25648621872400107]:3608 1506 166 173
[0.99, 0.0083578436969191, 3, 10, 205, 14, 0.25648621872400107]:3630 1484 171 168
[0.99, 0.0083578436969191, 3, 10, 205, 14, 0.25648621872400107]:3581 1533 166 172
[0.99, 0.0083578436969191, 3, 10, 205, 14, 0.25648621872400107]:3640 1474 182 157
[0.99, 0.0083578436969191, 3, 10, 205, 14, 0.25648621872400107]:3644 1470 154 185
[0.99, 0.0083578436969191, 3, 10, 205, 14, 0.25648621872400107]:3629 1485 151 188
[0.99, 0.0083578436969191, 3, 10, 205, 14, 0.25648621872400107]:3733 1381 183 156
[0.99, 0.033412823249576035, 3, 10, 350, 17, 0.01]:3638 1476 183 156
[0.99, 0.033412823249576035, 3, 10, 350, 17, 0.01]:3690 1425 176 162
[0.99, 0.033412823249576035, 3, 10, 350, 17, 0.01]:3698 1416 186 153
[0.99, 0.033412823249576035, 3, 10, 350, 17, 0.01]:3730 1384 188 151
[0.99, 0.033412823249576035, 3, 10, 350, 17, 0.01]:3495 1619 158 181
[0.99, 0.033412823249576035, 3, 10, 350, 17, 0.01]:3747 1367 200 138
[0.99, 0.033412823249576035, 3, 10, 350, 17, 0.01]:3589 1525 175 164
[0.99, 0.033412823249576035, 3, 10, 350, 17, 0.01]:3794 1320 183 156
[0.99, 0.033412823249576035, 3, 10, 350, 17, 0.01]:3710 1405 178 160
[0.99, 0.0083578436969191, 3, 10, 205, 14, 0.25648621872400107]:3678 1437 169 169
[0.99, 0.033412823249576035, 3, 10, 350, 17, 0.01]:3642 1472 180 159
[0.99, 0.0083578436969191, 3, 10, 205, 14, 0.25648621872400107]:3577 1538 151 187
[0.99, 0.015787746079476597, 15, 10, 146, 18, 0.99]:3734 1380 184 155
[0.99, 0.015787746079476597, 15, 10, 146, 18, 0.99]:3709 1405 207 132
[0.99, 0.015787746079476597, 15, 10, 146, 18, 0.99]:3668 1447 186 152
[0.99, 0.015787746079476597, 15, 10, 146, 18, 0.99]:3693 1421 181 158
[0.99, 0.015787746079476597, 15, 10, 146, 18, 0.99]:3654 1460 201 137
[0.99, 0.015787746079476597, 15, 10, 146, 18, 0.99]:3712 1402 201 138
[0.99, 0.015787746079476597, 15, 10, 146, 18, 0.99]:3706 1408 203 136
[0.99, 0.015787746079476597, 15, 10, 146, 18, 0.99]:3702 1412 191 148
[0.99, 0.015787746079476597, 15, 10, 146, 18, 0.99]:3672 1443 186 152
[0.99, 0.015787746079476597, 15, 10, 146, 18, 0.99]:3693 1421 211 128
[0.99, 0.2627004890452905, 3, 8, 206, 19, 0.013213863343982831]:2789 2326 142 196
[0.99, 0.2627004890452905, 3, 8, 206, 19, 0.013213863343982831]:3156 1958 189 150
[0.99, 0.2627004890452905, 3, 8, 206, 19, 0.013213863343982831]:2943 2171 159 180
[0.99, 0.2627004890452905, 3, 8, 206, 19, 0.013213863343982831]:2747 2367 152 187
[0.99, 0.2627004890452905, 3, 8, 206, 19, 0.013213863343982831]:2929 2185 164 175
[0.99, 0.2627004890452905, 3, 8, 206, 19, 0.013213863343982831]:3004 2110 173 166
[0.99, 0.2627004890452905, 3, 8, 206, 19, 0.013213863343982831]:3106 2009 151 187
[0.99, 0.2627004890452905, 3, 8, 206, 19, 0.013213863343982831]:3145 1969 175 163
[0.99, 0.2627004890452905, 3, 8, 206, 19, 0.013213863343982831]:2896 2218 153 186
[0.99, 0.2627004890452905, 3, 8, 206, 19, 0.013213863343982831]:2950 2164 143 196
[0.99, 0.023568316603029753, 8, 5, 147, 14, 0.5505933603746327]:3882 1232 198 141
[0.99, 0.023568316603029753, 8, 5, 147, 14, 0.5505933603746327]:3911 1203 196 143
[0.99, 0.023568316603029753, 8, 5, 147, 14, 0.5505933603746327]:3868 1246 197 142
[0.99, 0.023568316603029753, 8, 5, 147, 14, 0.5505933603746327]:3891 1224 184 154
[0.99, 0.023568316603029753, 8, 5, 147, 14, 0.5505933603746327]:3860 1254 181 158
[0.99, 0.023568316603029753, 8, 5, 147, 14, 0.5505933603746327]:3832 1282 202 137
[0.99, 0.023568316603029753, 8, 5, 147, 14, 0.5505933603746327]:3858 1256 176 163
[0.99, 0.023568316603029753, 8, 5, 147, 14, 0.5505933603746327]:3853 1261 199 140
[0.99, 0.023568316603029753, 8, 5, 147, 14, 0.5505933603746327]:3840 1274 199 139
[0.99, 0.023568316603029753, 8, 5, 147, 14, 0.5505933603746327]:3891 1224 190 148
[0.7734103796838231, 0.02545221231456535, 3, 6, 500, 41, 0.5473868583749253]:611 4503 14 325
[0.7734103796838231, 0.02545221231456535, 3, 6, 500, 41, 0.5473868583749253]:532 4582 14 325
[0.7734103796838231, 0.02545221231456535, 3, 6, 500, 41, 0.5473868583749253]:546 4568 17 321
[0.7734103796838231, 0.02545221231456535, 3, 6, 500, 41, 0.5473868583749253]:571 4543 13 326
[0.7734103796838231, 0.02545221231456535, 3, 6, 500, 41, 0.5473868583749253]:615 4499 12 327
[0.7734103796838231, 0.02545221231456535, 3, 6, 500, 41, 0.5473868583749253]:535 4580 13 325
[0.7734103796838231, 0.02545221231456535, 3, 6, 500, 41, 0.5473868583749253]:600 4514 15 324
[0.7734103796838231, 0.02545221231456535, 3, 6, 500, 41, 0.5473868583749253]:542 4573 10 328
[0.7734103796838231, 0.02545221231456535, 3, 6, 500, 41, 0.5473868583749253]:538 4576 9 330
[0.7734103796838231, 0.02545221231456535, 3, 6, 500, 41, 0.5473868583749253]:553 4561 17 322
[0.052763042933919674, 0.08909913891076017, 11, 9, 50, 13, 0.0659658623341759]:4439 675 256 83
[0.052763042933919674, 0.08909913891076017, 11, 9, 50, 13, 0.0659658623341759]:4465 649 249 90
[0.08876211514109952, 0.311745429236453, 9, 8, 50, 15, 0.99]:3451 1663 179 160
[0.052763042933919674, 0.08909913891076017, 11, 9, 50, 13, 0.0659658623341759]:4356 758 248 91
[0.08876211514109952, 0.311745429236453, 9, 8, 50, 15, 0.99]:3478 1636 172 167
[0.052763042933919674, 0.08909913891076017, 11, 9, 50, 13, 0.0659658623341759]:4240 874 245 93
[0.08876211514109952, 0.311745429236453, 9, 8, 50, 15, 0.99]:3324 1790 166 172
[0.052763042933919674, 0.08909913891076017, 11, 9, 50, 13, 0.0659658623341759]:4351 763 254 85
[0.052763042933919674, 0.08909913891076017, 11, 9, 50, 13, 0.0659658623341759]:4453 661 254 85
[0.08876211514109952, 0.311745429236453, 9, 8, 50, 15, 0.99]:3541 1573 155 184
[0.08876211514109952, 0.311745429236453, 9, 8, 50, 15, 0.99]:3493 1622 164 174
[0.08876211514109952, 0.311745429236453, 9, 8, 50, 15, 0.99]:3427 1687 174 165
[0.08876211514109952, 0.311745429236453, 9, 8, 50, 15, 0.99]:3427 1688 148 190
[0.5748101014827501, 0.13660687401819202, 3, 10, 50, 15, 0.10532939245433845]:3198 1916 140 199
[0.08876211514109952, 0.311745429236453, 9, 8, 50, 15, 0.99]:3417 1697 150 189
[0.052763042933919674, 0.08909913891076017, 11, 9, 50, 13, 0.0659658623341759]:4426 688 252 87
[0.5748101014827501, 0.13660687401819202, 3, 10, 50, 15, 0.10532939245433845]:3233 1881 148 191
[0.5748101014827501, 0.13660687401819202, 3, 10, 50, 15, 0.10532939245433845]:3239 1875 129 210
[0.5748101014827501, 0.13660687401819202, 3, 10, 50, 15, 0.10532939245433845]:3307 1807 138 201
[0.08876211514109952, 0.311745429236453, 9, 8, 50, 15, 0.99]:3485 1629 150 189
[0.5748101014827501, 0.13660687401819202, 3, 10, 50, 15, 0.10532939245433845]:3398 1716 155 184
[0.5748101014827501, 0.13660687401819202, 3, 10, 50, 15, 0.10532939245433845]:3330 1784 171 168
[0.5748101014827501, 0.13660687401819202, 3, 10, 50, 15, 0.10532939245433845]:3286 1829 146 192
[0.052763042933919674, 0.08909913891076017, 11, 9, 50, 13, 0.0659658623341759]:4374 740 261 78
[0.5748101014827501, 0.13660687401819202, 3, 10, 50, 15, 0.10532939245433845]:3199 1916 146 192
[0.5748101014827501, 0.13660687401819202, 3, 10, 50, 15, 0.10532939245433845]:3267 1847 144 194
[0.08876211514109952, 0.311745429236453, 9, 8, 50, 15, 0.99]:3482 1632 162 177
[0.5748101014827501, 0.13660687401819202, 3, 10, 50, 15, 0.10532939245433845]:3379 1735 150 189
[0.052763042933919674, 0.08909913891076017, 11, 9, 50, 13, 0.0659658623341759]:4484 631 263 75
[0.052763042933919674, 0.08909913891076017, 11, 9, 50, 13, 0.0659658623341759]:4482 633 248 90
[0.99, 0.005786659008349, 3, 6, 50, 16, 0.02186541881538226]:3749 1365 184 155
[0.99, 0.005786659008349, 3, 6, 50, 16, 0.02186541881538226]:3685 1429 165 174
[0.99, 0.005786659008349, 3, 6, 50, 16, 0.02186541881538226]:3828 1286 163 176
[0.99, 0.005786659008349, 3, 6, 50, 16, 0.02186541881538226]:3571 1544 173 165
[0.07754738152845442, 0.2927515391561586, 3, 5, 79, 16, 0.05477890083692463]:3021 2093 136 203
[0.99, 0.005786659008349, 3, 6, 50, 16, 0.02186541881538226]:3793 1321 189 150
[0.07754738152845442, 0.2927515391561586, 3, 5, 79, 16, 0.05477890083692463]:3003 2112 135 203
[0.07754738152845442, 0.2927515391561586, 3, 5, 79, 16, 0.05477890083692463]:2968 2146 123 216
[0.99, 0.005786659008349, 3, 6, 50, 16, 0.02186541881538226]:3666 1449 170 168
[0.07754738152845442, 0.2927515391561586, 3, 5, 79, 16, 0.05477890083692463]:2942 2172 143 196
[0.99, 0.005786659008349, 3, 6, 50, 16, 0.02186541881538226]:3851 1263 198 141
[0.99, 0.005786659008349, 3, 6, 50, 16, 0.02186541881538226]:3744 1370 190 148
[0.07754738152845442, 0.2927515391561586, 3, 5, 79, 16, 0.05477890083692463]:2862 2252 117 222
[0.99, 0.005786659008349, 3, 6, 50, 16, 0.02186541881538226]:3726 1388 174 165
[0.99, 0.005786659008349, 3, 6, 50, 16, 0.02186541881538226]:3723 1391 196 143
[0.07754738152845442, 0.2927515391561586, 3, 5, 79, 16, 0.05477890083692463]:2773 2341 129 210
[0.07754738152845442, 0.2927515391561586, 3, 5, 79, 16, 0.05477890083692463]:3097 2017 146 193
[0.07754738152845442, 0.2927515391561586, 3, 5, 79, 16, 0.05477890083692463]:3310 1805 164 174
[0.07754738152845442, 0.2927515391561586, 3, 5, 79, 16, 0.05477890083692463]:3189 1925 153 185
[0.07754738152845442, 0.2927515391561586, 3, 5, 79, 16, 0.05477890083692463]:3045 2069 132 207
[0.050260836371268075, 0.01985591243532691, 4, 10, 117, 13, 0.99]:4967 147 300 39
[0.050260836371268075, 0.01985591243532691, 4, 10, 117, 13, 0.99]:4947 168 302 36
[0.050260836371268075, 0.01985591243532691, 4, 10, 117, 13, 0.99]:4785 329 284 54
[0.050260836371268075, 0.01985591243532691, 4, 10, 117, 13, 0.99]:4944 170 310 29
[0.050260836371268075, 0.01985591243532691, 4, 10, 117, 13, 0.99]:4943 171 296 43
[0.050260836371268075, 0.01985591243532691, 4, 10, 117, 13, 0.99]:4965 149 309 30
[0.050260836371268075, 0.01985591243532691, 4, 10, 117, 13, 0.99]:4969 145 304 35
[0.050260836371268075, 0.01985591243532691, 4, 10, 117, 13, 0.99]:4940 174 303 36
[0.050260836371268075, 0.01985591243532691, 4, 10, 117, 13, 0.99]:4982 132 301 38
[0.050260836371268075, 0.01985591243532691, 4, 10, 117, 13, 0.99]:4972 143 300 38
[0.99, 0.005, 6, 10, 50, 15, 0.99]:3378 1736 163 176
[0.99, 0.005, 6, 10, 50, 15, 0.99]:3166 1948 148 190
[0.99, 0.005, 6, 10, 50, 15, 0.99]:3478 1637 163 175
[0.99, 0.005, 6, 10, 50, 15, 0.99]:3541 1573 172 167
[0.99, 0.005, 6, 10, 50, 15, 0.99]:3648 1466 174 165
[0.99, 0.005, 6, 10, 50, 15, 0.99]:3489 1625 143 196
[0.99, 0.005, 6, 10, 50, 15, 0.99]:3340 1774 143 196
[0.99, 0.005, 6, 10, 50, 15, 0.99]:3443 1671 164 175
[0.99, 0.005, 6, 10, 50, 15, 0.99]:3452 1662 158 181
[0.99, 0.005, 6, 10, 50, 15, 0.99]:3262 1853 145 193
[0.99, 0.49999999999999994, 4, 10, 451, 15, 0.99]:4006 1108 216 123
[0.99, 0.49999999999999994, 4, 10, 451, 15, 0.99]:3893 1222 210 128
[0.99, 0.49999999999999994, 4, 10, 451, 15, 0.99]:3870 1244 209 130
[0.99, 0.49999999999999994, 4, 10, 451, 15, 0.99]:3964 1150 211 128
[0.99, 0.49999999999999994, 4, 10, 451, 15, 0.99]:3961 1153 228 111
[0.99, 0.49999999999999994, 4, 10, 451, 15, 0.99]:3931 1183 227 112
[0.99, 0.49999999999999994, 4, 10, 451, 15, 0.99]:3887 1227 221 118
[0.99, 0.038706021450549945, 9, 10, 352, 15, 0.15184692551612636]:3994 1120 215 123
[0.99, 0.038706021450549945, 9, 10, 352, 15, 0.15184692551612636]:4067 1047 219 120
[0.99, 0.038706021450549945, 9, 10, 352, 15, 0.15184692551612636]:4040 1074 227 112
[0.99, 0.49999999999999994, 4, 10, 451, 15, 0.99]:3887 1227 224 115
[0.99, 0.49999999999999994, 4, 10, 451, 15, 0.99]:3879 1236 211 127
[0.99, 0.038706021450549945, 9, 10, 352, 15, 0.15184692551612636]:4052 1062 218 121
[0.99, 0.038706021450549945, 9, 10, 352, 15, 0.15184692551612636]:4000 1115 210 128
[0.99, 0.49999999999999994, 4, 10, 451, 15, 0.99]:3896 1218 195 143
[0.99, 0.038706021450549945, 9, 10, 352, 15, 0.15184692551612636]:4056 1058 215 124
[0.99, 0.038706021450549945, 9, 10, 352, 15, 0.15184692551612636]:4055 1060 212 126
[0.99, 0.038706021450549945, 9, 10, 352, 15, 0.15184692551612636]:4030 1084 203 136
[0.99, 0.038706021450549945, 9, 10, 352, 15, 0.15184692551612636]:4039 1075 210 129
[0.99, 0.038706021450549945, 9, 10, 352, 15, 0.15184692551612636]:3987 1127 218 121
[0.02588831624785254, 0.03256888525198989, 12, 8, 282, 23, 0.4898526816668522]:561 4554 10 328
[0.02588831624785254, 0.03256888525198989, 12, 8, 282, 23, 0.4898526816668522]:624 4490 15 324
[0.02588831624785254, 0.03256888525198989, 12, 8, 282, 23, 0.4898526816668522]:571 4543 12 327
[0.02588831624785254, 0.03256888525198989, 12, 8, 282, 23, 0.4898526816668522]:604 4511 13 325
[0.02588831624785254, 0.03256888525198989, 12, 8, 282, 23, 0.4898526816668522]:550 4564 13 326
[0.02588831624785254, 0.03256888525198989, 12, 8, 282, 23, 0.4898526816668522]:626 4488 14 325
[0.02588831624785254, 0.03256888525198989, 12, 8, 282, 23, 0.4898526816668522]:620 4494 13 326
[0.02588831624785254, 0.03256888525198989, 12, 8, 282, 23, 0.4898526816668522]:621 4493 16 323
[0.02588831624785254, 0.03256888525198989, 12, 8, 282, 23, 0.4898526816668522]:662 4452 16 323
[0.02588831624785254, 0.03256888525198989, 12, 8, 282, 23, 0.4898526816668522]:889 4225 38 300
[0.99, 0.013250656008551085, 7, 9, 283, 23, 0.017167187385475003]:4040 1074 208 131
[0.99, 0.013250656008551085, 7, 9, 283, 23, 0.017167187385475003]:4255 860 214 124
[0.99, 0.013250656008551085, 7, 9, 283, 23, 0.017167187385475003]:4071 1044 197 141
[0.99, 0.013250656008551085, 7, 9, 283, 23, 0.017167187385475003]:4033 1081 204 134
[0.99, 0.013250656008551085, 7, 9, 283, 23, 0.017167187385475003]:4061 1053 194 145
[0.99, 0.013250656008551085, 7, 9, 283, 23, 0.017167187385475003]:4035 1079 205 134
[0.99, 0.013250656008551085, 7, 9, 283, 23, 0.017167187385475003]:4072 1042 204 135
[0.99, 0.013250656008551085, 7, 9, 283, 23, 0.017167187385475003]:4075 1039 217 122
[0.99, 0.013250656008551085, 7, 9, 283, 23, 0.017167187385475003]:4143 971 204 135
[0.99, 0.013250656008551085, 7, 9, 283, 23, 0.017167187385475003]:4085 1029 212 127
[0.99, 0.11700082401078035, 5, 5, 324, 23, 0.7070602200077022]:2764 2350 120 219
[0.99, 0.11700082401078035, 5, 5, 324, 23, 0.7070602200077022]:2780 2335 120 218
[0.99, 0.11700082401078035, 5, 5, 324, 23, 0.7070602200077022]:2791 2323 119 220
[0.99, 0.11700082401078035, 5, 5, 324, 23, 0.7070602200077022]:2790 2324 128 211
[0.99, 0.11700082401078035, 5, 5, 324, 23, 0.7070602200077022]:2826 2288 116 223
[0.99, 0.11700082401078035, 5, 5, 324, 23, 0.7070602200077022]:2819 2295 127 212
[0.99, 0.11700082401078035, 5, 5, 324, 23, 0.7070602200077022]:2776 2339 119 219
[0.99, 0.11700082401078035, 5, 5, 324, 23, 0.7070602200077022]:2799 2315 128 211
[0.99, 0.11700082401078035, 5, 5, 324, 23, 0.7070602200077022]:2718 2396 116 222
[0.99, 0.11700082401078035, 5, 5, 324, 23, 0.7070602200077022]:2746 2368 141 198
[0.01, 0.07477491161150202, 14, 10, 50, 64, 0.01]:0 5114 0 339
[0.01, 0.07477491161150202, 14, 10, 50, 64, 0.01]:0 5115 0 338
[0.01, 0.07477491161150202, 14, 10, 50, 64, 0.01]:0 5114 0 339
[0.01, 0.07477491161150202, 14, 10, 50, 64, 0.01]:0 5114 0 339
[0.01, 0.07477491161150202, 14, 10, 50, 64, 0.01]:0 5114 0 339
[0.01, 0.07477491161150202, 14, 10, 50, 64, 0.01]:0 5115 0 338
[0.01, 0.07477491161150202, 14, 10, 50, 64, 0.01]:0 5114 0 339
[0.01, 0.07477491161150202, 14, 10, 50, 64, 0.01]:0 5114 0 339
[0.01, 0.07477491161150202, 14, 10, 50, 64, 0.01]:0 5114 0 338
[0.01, 0.07477491161150202, 14, 10, 50, 64, 0.01]:0 5114 0 339
[0.99, 0.0224578666725937, 7, 8, 309, 22, 0.01]:4302 813 233 105
[0.99, 0.0224578666725937, 7, 8, 309, 22, 0.01]:4272 842 226 113
[0.99, 0.0224578666725937, 7, 8, 309, 22, 0.01]:4340 774 240 99
[0.99, 0.0224578666725937, 7, 8, 309, 22, 0.01]:4132 982 230 109
[0.99, 0.0224578666725937, 7, 8, 309, 22, 0.01]:4315 799 231 108
[0.99, 0.0224578666725937, 7, 8, 309, 22, 0.01]:4430 684 253 86
[0.99, 0.0224578666725937, 7, 8, 309, 22, 0.01]:4317 797 237 102
[0.99, 0.0224578666725937, 7, 8, 309, 22, 0.01]:4427 687 262 76
[0.99, 0.0224578666725937, 7, 8, 309, 22, 0.01]:4379 736 230 108
[0.99, 0.0224578666725937, 7, 8, 309, 22, 0.01]:4325 789 239 100
[0.99, 0.01585515286139876, 13, 6, 309, 23, 0.01]:4706 408 270 69
[0.99, 0.01585515286139876, 13, 6, 309, 23, 0.01]:4711 403 282 57
[0.99, 0.01585515286139876, 13, 6, 309, 23, 0.01]:4762 352 281 58
[0.99, 0.01585515286139876, 13, 6, 309, 23, 0.01]:4750 364 273 66
[0.99, 0.01585515286139876, 13, 6, 309, 23, 0.01]:4695 419 280 59
[0.99, 0.01585515286139876, 13, 6, 309, 23, 0.01]:4730 384 278 61
[0.99, 0.01585515286139876, 13, 6, 309, 23, 0.01]:4738 376 283 55
[0.99, 0.01585515286139876, 13, 6, 309, 23, 0.01]:4695 419 272 67
[0.99, 0.01585515286139876, 13, 6, 309, 23, 0.01]:4752 363 268 70
[0.99, 0.01585515286139876, 13, 6, 309, 23, 0.01]:4665 450 269 69
[0.01, 0.49999999999999994, 15, 9, 50, 41, 0.01]:1521 3593 69 270
[0.01, 0.49999999999999994, 15, 9, 50, 41, 0.01]:1090 4024 51 288
[0.01, 0.49999999999999994, 15, 9, 50, 41, 0.01]:777 4337 52 287
[0.01, 0.49999999999999994, 15, 9, 50, 41, 0.01]:920 4195 62 276
[0.01, 0.49999999999999994, 15, 9, 50, 41, 0.01]:850 4265 64 274
[0.01, 0.49999999999999994, 15, 9, 50, 41, 0.01]:772 4342 27 312
[0.01, 0.49999999999999994, 15, 9, 50, 41, 0.01]:715 4399 28 311
[0.01, 0.49999999999999994, 15, 9, 50, 41, 0.01]:1150 3964 55 284
[0.01, 0.49999999999999994, 15, 9, 50, 41, 0.01]:1126 3988 53 285
[0.01, 0.49999999999999994, 15, 9, 50, 41, 0.01]:1122 3992 69 270
[0.9723695989404164, 0.49999999999999994, 15, 5, 50, 42, 0.01]:1957 3158 99 239
[0.9723695989404164, 0.49999999999999994, 15, 5, 50, 42, 0.01]:2431 2683 115 224
[0.9723695989404164, 0.49999999999999994, 15, 5, 50, 42, 0.01]:1685 3429 79 260
[0.9723695989404164, 0.49999999999999994, 15, 5, 50, 42, 0.01]:1571 3543 96 242
[0.9723695989404164, 0.49999999999999994, 15, 5, 50, 42, 0.01]:797 4317 63 276
[0.9723695989404164, 0.49999999999999994, 15, 5, 50, 42, 0.01]:1282 3832 79 260
[0.9723695989404164, 0.49999999999999994, 15, 5, 50, 42, 0.01]:1759 3355 102 237
[0.9723695989404164, 0.49999999999999994, 15, 5, 50, 42, 0.01]:1776 3338 80 259
[0.9723695989404164, 0.49999999999999994, 15, 5, 50, 42, 0.01]:737 4378 37 301
[0.9723695989404164, 0.49999999999999994, 15, 5, 50, 42, 0.01]:1788 3326 103 236
