[0.013210855430929322, 0.011421680735256118, 6, 6, 345, 2, 0.19494165394042579]:5113 0 340 0
[0.013210855430929322, 0.011421680735256118, 6, 6, 345, 2, 0.19494165394042579]:5114 0 339 0
[0.013210855430929322, 0.011421680735256118, 6, 6, 345, 2, 0.19494165394042579]:5113 0 340 0
[0.013210855430929322, 0.011421680735256118, 6, 6, 345, 2, 0.19494165394042579]:5113 0 339 0
[0.013210855430929322, 0.011421680735256118, 6, 6, 345, 2, 0.19494165394042579]:5113 0 340 0
[0.013210855430929322, 0.011421680735256118, 6, 6, 345, 2, 0.19494165394042579]:5113 0 340 0
[0.013210855430929322, 0.011421680735256118, 6, 6, 345, 2, 0.19494165394042579]:5113 0 340 0
[0.013210855430929322, 0.011421680735256118, 6, 6, 345, 2, 0.19494165394042579]:5113 0 340 0
[0.013210855430929322, 0.011421680735256118, 6, 6, 345, 2, 0.19494165394042579]:5113 0 340 0
[0.013210855430929322, 0.011421680735256118, 6, 6, 345, 2, 0.19494165394042579]:5113 0 340 0
[0.9341890179279514, 0.010356874247691857, 4, 10, 263, 18, 0.14408921093376234]:2715 2398 102 238
[0.9341890179279514, 0.010356874247691857, 4, 10, 263, 18, 0.14408921093376234]:2747 2366 107 233
[0.9341890179279514, 0.010356874247691857, 4, 10, 263, 18, 0.14408921093376234]:2710 2403 99 241
[0.9341890179279514, 0.010356874247691857, 4, 10, 263, 18, 0.14408921093376234]:2663 2450 101 239
[0.9341890179279514, 0.010356874247691857, 4, 10, 263, 18, 0.14408921093376234]:2657 2457 111 228
[0.9341890179279514, 0.010356874247691857, 4, 10, 263, 18, 0.14408921093376234]:2687 2426 123 217
[0.9341890179279514, 0.010356874247691857, 4, 10, 263, 18, 0.14408921093376234]:2693 2420 118 222
[0.9341890179279514, 0.010356874247691857, 4, 10, 263, 18, 0.14408921093376234]:2760 2353 107 233
[0.9341890179279514, 0.010356874247691857, 4, 10, 263, 18, 0.14408921093376234]:2702 2411 99 241
[0.9341890179279514, 0.010356874247691857, 4, 10, 263, 18, 0.14408921093376234]:2751 2362 118 221
[0.5076983948859056, 0.23207197341485175, 14, 8, 148, 12, 0.4744366561603222]:4305 808 247 93
[0.5076983948859056, 0.23207197341485175, 14, 8, 148, 12, 0.4744366561603222]:4265 848 269 71
[0.5076983948859056, 0.23207197341485175, 14, 8, 148, 12, 0.4744366561603222]:4271 842 248 92
[0.5076983948859056, 0.23207197341485175, 14, 8, 148, 12, 0.4744366561603222]:4284 829 264 76
[0.5076983948859056, 0.23207197341485175, 14, 8, 148, 12, 0.4744366561603222]:4278 835 254 86
[0.5076983948859056, 0.23207197341485175, 14, 8, 148, 12, 0.4744366561603222]:4426 687 269 70
[0.5076983948859056, 0.23207197341485175, 14, 8, 148, 12, 0.4744366561603222]:4303 811 256 83
[0.5076983948859056, 0.23207197341485175, 14, 8, 148, 12, 0.4744366561603222]:4286 827 241 99
[0.5076983948859056, 0.23207197341485175, 14, 8, 148, 12, 0.4744366561603222]:4291 822 268 72
[0.5076983948859056, 0.23207197341485175, 14, 8, 148, 12, 0.4744366561603222]:4323 790 246 94
[0.3197230519565183, 0.02642210180625865, 10, 6, 68, 33, 0.12087547818265931]:163 4950 3 337
[0.3197230519565183, 0.02642210180625865, 10, 6, 68, 33, 0.12087547818265931]:135 4978 6 334
[0.3197230519565183, 0.02642210180625865, 10, 6, 68, 33, 0.12087547818265931]:195 4918 6 334
[0.3197230519565183, 0.02642210180625865, 10, 6, 68, 33, 0.12087547818265931]:132 4982 4 335
[0.3197230519565183, 0.02642210180625865, 10, 6, 68, 33, 0.12087547818265931]:180 4933 1 339
[0.3197230519565183, 0.02642210180625865, 10, 6, 68, 33, 0.12087547818265931]:217 4896 4 336
[0.3197230519565183, 0.02642210180625865, 10, 6, 68, 33, 0.12087547818265931]:192 4921 8 332
[0.3197230519565183, 0.02642210180625865, 10, 6, 68, 33, 0.12087547818265931]:119 4994 1 339
[0.3197230519565183, 0.02642210180625865, 10, 6, 68, 33, 0.12087547818265931]:167 4946 3 337
[0.3197230519565183, 0.02642210180625865, 10, 6, 68, 33, 0.12087547818265931]:361 4752 6 333
[0.39239629365367473, 0.033648451989845486, 11, 9, 136, 81, 0.17081758111752504]:150 4963 8 332
[0.39239629365367473, 0.033648451989845486, 11, 9, 136, 81, 0.17081758111752504]:200 4913 3 337
[0.39239629365367473, 0.033648451989845486, 11, 9, 136, 81, 0.17081758111752504]:143 4971 4 335
[0.39239629365367473, 0.033648451989845486, 11, 9, 136, 81, 0.17081758111752504]:120 4993 2 338
[0.39239629365367473, 0.033648451989845486, 11, 9, 136, 81, 0.17081758111752504]:155 4958 0 340
[0.39239629365367473, 0.033648451989845486, 11, 9, 136, 81, 0.17081758111752504]:172 4941 5 335
[0.07816946804271784, 0.023843772012499563, 5, 8, 339, 95, 0.17349630890237305]:0 5113 0 339
[0.07816946804271784, 0.023843772012499563, 5, 8, 339, 95, 0.17349630890237305]:0 5113 0 340
[0.39239629365367473, 0.033648451989845486, 11, 9, 136, 81, 0.17081758111752504]:277 4836 3 336
[0.07816946804271784, 0.023843772012499563, 5, 8, 339, 95, 0.17349630890237305]:0 5113 0 340
[0.39239629365367473, 0.033648451989845486, 11, 9, 136, 81, 0.17081758111752504]:160 4953 2 338
[0.39239629365367473, 0.033648451989845486, 11, 9, 136, 81, 0.17081758111752504]:143 4970 3 337
[0.07816946804271784, 0.023843772012499563, 5, 8, 339, 95, 0.17349630890237305]:0 5113 0 340
[0.07816946804271784, 0.023843772012499563, 5, 8, 339, 95, 0.17349630890237305]:0 5113 0 340
[0.07816946804271784, 0.023843772012499563, 5, 8, 339, 95, 0.17349630890237305]:0 5113 0 340
[0.07816946804271784, 0.023843772012499563, 5, 8, 339, 95, 0.17349630890237305]:0 5113 0 340
[0.39239629365367473, 0.033648451989845486, 11, 9, 136, 81, 0.17081758111752504]:190 4923 5 335
[0.07816946804271784, 0.023843772012499563, 5, 8, 339, 95, 0.17349630890237305]:0 5113 0 340
[0.07816946804271784, 0.023843772012499563, 5, 8, 339, 95, 0.17349630890237305]:0 5114 0 339
[0.07816946804271784, 0.023843772012499563, 5, 8, 339, 95, 0.17349630890237305]:0 5113 0 340
[0.012639373956960642, 0.011042551407819175, 7, 7, 101, 70, 0.4061175052448938]:0 5113 0 340
[0.012639373956960642, 0.011042551407819175, 7, 7, 101, 70, 0.4061175052448938]:0 5113 0 340
[0.012639373956960642, 0.011042551407819175, 7, 7, 101, 70, 0.4061175052448938]:0 5114 0 339
[0.012639373956960642, 0.011042551407819175, 7, 7, 101, 70, 0.4061175052448938]:0 5113 0 340
[0.012639373956960642, 0.011042551407819175, 7, 7, 101, 70, 0.4061175052448938]:0 5113 0 340
[0.012639373956960642, 0.011042551407819175, 7, 7, 101, 70, 0.4061175052448938]:0 5113 0 340
[0.012639373956960642, 0.011042551407819175, 7, 7, 101, 70, 0.4061175052448938]:0 5113 0 340
[0.012639373956960642, 0.011042551407819175, 7, 7, 101, 70, 0.4061175052448938]:0 5113 0 340
[0.012639373956960642, 0.011042551407819175, 7, 7, 101, 70, 0.4061175052448938]:0 5113 0 340
[0.012639373956960642, 0.011042551407819175, 7, 7, 101, 70, 0.4061175052448938]:0 5113 0 339
[0.0853476687446505, 0.19672454929696367, 11, 9, 250, 38, 0.14585607907488665]:846 4268 26 313
[0.0853476687446505, 0.19672454929696367, 11, 9, 250, 38, 0.14585607907488665]:853 4260 25 315
[0.0853476687446505, 0.19672454929696367, 11, 9, 250, 38, 0.14585607907488665]:912 4201 31 309
[0.0853476687446505, 0.19672454929696367, 11, 9, 250, 38, 0.14585607907488665]:1325 3788 48 291
[0.0853476687446505, 0.19672454929696367, 11, 9, 250, 38, 0.14585607907488665]:792 4321 22 318
[0.0853476687446505, 0.19672454929696367, 11, 9, 250, 38, 0.14585607907488665]:882 4231 34 306
[0.0853476687446505, 0.19672454929696367, 11, 9, 250, 38, 0.14585607907488665]:995 4118 42 298
[0.0853476687446505, 0.19672454929696367, 11, 9, 250, 38, 0.14585607907488665]:814 4299 33 307
[0.0853476687446505, 0.19672454929696367, 11, 9, 250, 38, 0.14585607907488665]:932 4181 36 304
[0.0853476687446505, 0.19672454929696367, 11, 9, 250, 38, 0.14585607907488665]:841 4272 24 316
[0.32621512587151086, 0.15711353889130383, 8, 5, 492, 69, 0.014541751416323983]:1884 3229 91 249
[0.32621512587151086, 0.15711353889130383, 8, 5, 492, 69, 0.014541751416323983]:1797 3316 95 245
[0.32621512587151086, 0.15711353889130383, 8, 5, 492, 69, 0.014541751416323983]:1526 3587 82 258
[0.32621512587151086, 0.15711353889130383, 8, 5, 492, 69, 0.014541751416323983]:1792 3321 83 257
[0.32621512587151086, 0.15711353889130383, 8, 5, 492, 69, 0.014541751416323983]:1506 3607 88 251
[0.32621512587151086, 0.15711353889130383, 8, 5, 492, 69, 0.014541751416323983]:1594 3519 83 257
[0.32621512587151086, 0.15711353889130383, 8, 5, 492, 69, 0.014541751416323983]:1567 3546 75 265
[0.32621512587151086, 0.15711353889130383, 8, 5, 492, 69, 0.014541751416323983]:1722 3391 84 256
[0.32621512587151086, 0.15711353889130383, 8, 5, 492, 69, 0.014541751416323983]:1723 3391 96 243
[0.32621512587151086, 0.15711353889130383, 8, 5, 492, 69, 0.014541751416323983]:1425 3688 76 264
[0.7837494062232129, 0.007274149050791102, 13, 6, 101, 54, 0.0196370773516526]:3947 1167 205 134
[0.7837494062232129, 0.007274149050791102, 13, 6, 101, 54, 0.0196370773516526]:4220 893 231 109
[0.7837494062232129, 0.007274149050791102, 13, 6, 101, 54, 0.0196370773516526]:4105 1008 209 131
[0.7837494062232129, 0.007274149050791102, 13, 6, 101, 54, 0.0196370773516526]:4200 913 222 117
[0.7837494062232129, 0.007274149050791102, 13, 6, 101, 54, 0.0196370773516526]:4228 885 210 130
[0.7837494062232129, 0.007274149050791102, 13, 6, 101, 54, 0.0196370773516526]:4146 967 211 129
[0.7837494062232129, 0.007274149050791102, 13, 6, 101, 54, 0.0196370773516526]:4288 825 230 110
[0.7837494062232129, 0.007274149050791102, 13, 6, 101, 54, 0.0196370773516526]:4141 972 239 101
[0.7837494062232129, 0.007274149050791102, 13, 6, 101, 54, 0.0196370773516526]:4181 932 211 129
[0.7837494062232129, 0.007274149050791102, 13, 6, 101, 54, 0.0196370773516526]:3994 1119 195 145
[0.01, 0.49999999999999994, 10, 7, 500, 100, 0.01]:774 4339 60 280
[0.01, 0.49999999999999994, 10, 7, 500, 100, 0.01]:803 4310 40 300
[0.01, 0.49999999999999994, 10, 7, 500, 100, 0.01]:1529 3584 77 263
[0.01, 0.49999999999999994, 10, 7, 500, 100, 0.01]:1532 3581 79 261
[0.01, 0.49999999999999994, 10, 7, 500, 100, 0.01]:723 4390 45 294
[0.01, 0.49999999999999994, 10, 7, 500, 100, 0.01]:1324 3790 74 265
[0.01, 0.49999999999999994, 10, 7, 500, 100, 0.01]:999 4114 42 298
[0.01, 0.49999999999999994, 10, 7, 500, 100, 0.01]:981 4132 39 301
[0.01, 0.49999999999999994, 10, 7, 500, 100, 0.01]:808 4305 38 302
[0.01, 0.49999999999999994, 10, 7, 500, 100, 0.01]:696 4417 33 307
[0.99, 0.08150291591143846, 3, 5, 500, 100, 0.01]:1511 3602 73 267
[0.99, 0.08150291591143846, 3, 5, 500, 100, 0.01]:1577 3536 61 279
[0.99, 0.08150291591143846, 3, 5, 500, 100, 0.01]:1535 3578 82 258
[0.99, 0.08150291591143846, 3, 5, 500, 100, 0.01]:1569 3544 84 256
[0.99, 0.08150291591143846, 3, 5, 500, 100, 0.01]:1498 3615 67 273
[0.99, 0.08150291591143846, 3, 5, 500, 100, 0.01]:1713 3401 83 256
[0.99, 0.08150291591143846, 3, 5, 500, 100, 0.01]:1759 3354 62 278
[0.99, 0.08150291591143846, 3, 5, 500, 100, 0.01]:1634 3479 70 270
[0.99, 0.08150291591143846, 3, 5, 500, 100, 0.01]:1443 3670 61 279
[0.99, 0.08150291591143846, 3, 5, 500, 100, 0.01]:1452 3661 77 262
[0.011448634705204701, 0.39583400854437245, 13, 10, 424, 2, 0.1251803473505891]:5094 19 335 5
[0.011448634705204701, 0.39583400854437245, 13, 10, 424, 2, 0.1251803473505891]:5100 13 338 2
[0.013191270438421328, 0.1790542946852394, 13, 5, 411, 4, 0.24734716595466247]:5026 87 327 13
[0.011448634705204701, 0.39583400854437245, 13, 10, 424, 2, 0.1251803473505891]:5102 11 333 7
[0.011448634705204701, 0.39583400854437245, 13, 10, 424, 2, 0.1251803473505891]:5097 16 334 6
[0.013191270438421328, 0.1790542946852394, 13, 5, 411, 4, 0.24734716595466247]:5035 78 314 26
[0.011448634705204701, 0.39583400854437245, 13, 10, 424, 2, 0.1251803473505891]:5086 27 335 5
[0.013191270438421328, 0.1790542946852394, 13, 5, 411, 4, 0.24734716595466247]:5021 92 318 22
[0.011448634705204701, 0.39583400854437245, 13, 10, 424, 2, 0.1251803473505891]:5083 31 337 2
[0.013191270438421328, 0.1790542946852394, 13, 5, 411, 4, 0.24734716595466247]:5019 94 315 25
[0.011448634705204701, 0.39583400854437245, 13, 10, 424, 2, 0.1251803473505891]:5086 27 339 1
[0.013191270438421328, 0.1790542946852394, 13, 5, 411, 4, 0.24734716595466247]:5034 79 321 19
[0.011448634705204701, 0.39583400854437245, 13, 10, 424, 2, 0.1251803473505891]:5101 12 335 5
[0.013191270438421328, 0.1790542946852394, 13, 5, 411, 4, 0.24734716595466247]:5034 79 321 19
[0.011448634705204701, 0.39583400854437245, 13, 10, 424, 2, 0.1251803473505891]:5094 19 332 8
[0.011448634705204701, 0.39583400854437245, 13, 10, 424, 2, 0.1251803473505891]:5104 9 337 2
[0.013191270438421328, 0.1790542946852394, 13, 5, 411, 4, 0.24734716595466247]:5026 87 317 23
[0.013191270438421328, 0.1790542946852394, 13, 5, 411, 4, 0.24734716595466247]:5045 68 327 13
[0.013191270438421328, 0.1790542946852394, 13, 5, 411, 4, 0.24734716595466247]:4992 121 322 17
[0.013191270438421328, 0.1790542946852394, 13, 5, 411, 4, 0.24734716595466247]:5005 109 323 16
[0.7698212115592491, 0.16339371593219035, 12, 6, 496, 1, 0.036331961226011934]:5107 6 338 2
[0.7698212115592491, 0.16339371593219035, 12, 6, 496, 1, 0.036331961226011934]:5111 2 339 1
[0.7698212115592491, 0.16339371593219035, 12, 6, 496, 1, 0.036331961226011934]:5108 5 337 3
[0.7698212115592491, 0.16339371593219035, 12, 6, 496, 1, 0.036331961226011934]:5110 3 339 1
[0.7698212115592491, 0.16339371593219035, 12, 6, 496, 1, 0.036331961226011934]:5109 4 338 2
[0.7698212115592491, 0.16339371593219035, 12, 6, 496, 1, 0.036331961226011934]:5105 9 337 2
[0.7698212115592491, 0.16339371593219035, 12, 6, 496, 1, 0.036331961226011934]:5109 4 339 1
[0.7698212115592491, 0.16339371593219035, 12, 6, 496, 1, 0.036331961226011934]:5106 7 340 0
[0.7698212115592491, 0.16339371593219035, 12, 6, 496, 1, 0.036331961226011934]:5107 6 340 0
[0.7698212115592491, 0.16339371593219035, 12, 6, 496, 1, 0.036331961226011934]:5113 0 338 1
[0.012947228094825762, 0.49999999999999994, 15, 5, 240, 52, 0.026857106597746743]:1519 3594 88 252
[0.012947228094825762, 0.49999999999999994, 15, 5, 240, 52, 0.026857106597746743]:1215 3898 62 278
[0.012947228094825762, 0.49999999999999994, 15, 5, 240, 52, 0.026857106597746743]:1495 3618 68 272
[0.012947228094825762, 0.49999999999999994, 15, 5, 240, 52, 0.026857106597746743]:1731 3382 78 262
[0.012947228094825762, 0.49999999999999994, 15, 5, 240, 52, 0.026857106597746743]:1781 3333 99 240
[0.012947228094825762, 0.49999999999999994, 15, 5, 240, 52, 0.026857106597746743]:1721 3392 80 260
[0.012947228094825762, 0.49999999999999994, 15, 5, 240, 52, 0.026857106597746743]:1644 3469 74 266
[0.012947228094825762, 0.49999999999999994, 15, 5, 240, 52, 0.026857106597746743]:1616 3497 76 264
[0.012947228094825762, 0.49999999999999994, 15, 5, 240, 52, 0.026857106597746743]:1342 3771 91 248
[0.012947228094825762, 0.49999999999999994, 15, 5, 240, 52, 0.026857106597746743]:1690 3423 92 248
[0.021717447436537016, 0.03784323188325372, 14, 10, 382, 55, 0.030254287270631765]:31 5082 3 337
[0.021717447436537016, 0.03784323188325372, 14, 10, 382, 55, 0.030254287270631765]:88 5025 2 338
[0.021717447436537016, 0.03784323188325372, 14, 10, 382, 55, 0.030254287270631765]:35 5078 0 340
[0.021717447436537016, 0.03784323188325372, 14, 10, 382, 55, 0.030254287270631765]:25 5088 0 340
[0.021717447436537016, 0.03784323188325372, 14, 10, 382, 55, 0.030254287270631765]:60 5053 1 339
[0.021717447436537016, 0.03784323188325372, 14, 10, 382, 55, 0.030254287270631765]:36 5077 0 340
[0.021717447436537016, 0.03784323188325372, 14, 10, 382, 55, 0.030254287270631765]:35 5078 2 337
[0.021717447436537016, 0.03784323188325372, 14, 10, 382, 55, 0.030254287270631765]:36 5078 1 338
[0.021717447436537016, 0.03784323188325372, 14, 10, 382, 55, 0.030254287270631765]:36 5077 0 340
[0.03935196642824308, 0.09147171906902653, 3, 10, 391, 50, 0.5144679424216503]:54 5059 3 337
[0.021717447436537016, 0.03784323188325372, 14, 10, 382, 55, 0.030254287270631765]:37 5076 0 340
[0.03935196642824308, 0.09147171906902653, 3, 10, 391, 50, 0.5144679424216503]:58 5055 3 337
[0.03935196642824308, 0.09147171906902653, 3, 10, 391, 50, 0.5144679424216503]:57 5056 1 339
[0.03935196642824308, 0.09147171906902653, 3, 10, 391, 50, 0.5144679424216503]:69 5045 4 335
[0.03935196642824308, 0.09147171906902653, 3, 10, 391, 50, 0.5144679424216503]:69 5044 1 339
[0.03935196642824308, 0.09147171906902653, 3, 10, 391, 50, 0.5144679424216503]:78 5035 0 340
[0.03935196642824308, 0.09147171906902653, 3, 10, 391, 50, 0.5144679424216503]:62 5051 1 339
[0.03935196642824308, 0.09147171906902653, 3, 10, 391, 50, 0.5144679424216503]:51 5062 0 340
[0.03935196642824308, 0.09147171906902653, 3, 10, 391, 50, 0.5144679424216503]:65 5048 0 340
[0.03935196642824308, 0.09147171906902653, 3, 10, 391, 50, 0.5144679424216503]:68 5045 0 339
[0.01463755985402236, 0.029681424394923155, 11, 9, 78, 17, 0.07390487685631178]:1455 3658 55 285
[0.01463755985402236, 0.029681424394923155, 11, 9, 78, 17, 0.07390487685631178]:1037 4076 46 294
[0.01463755985402236, 0.029681424394923155, 11, 9, 78, 17, 0.07390487685631178]:1014 4100 47 292
[0.01463755985402236, 0.029681424394923155, 11, 9, 78, 17, 0.07390487685631178]:1379 3734 58 282
[0.01463755985402236, 0.029681424394923155, 11, 9, 78, 17, 0.07390487685631178]:1272 3841 43 297
[0.01463755985402236, 0.029681424394923155, 11, 9, 78, 17, 0.07390487685631178]:1097 4016 43 297
[0.01463755985402236, 0.029681424394923155, 11, 9, 78, 17, 0.07390487685631178]:1881 3232 89 250
[0.01463755985402236, 0.029681424394923155, 11, 9, 78, 17, 0.07390487685631178]:1262 3851 56 284
[0.01463755985402236, 0.029681424394923155, 11, 9, 78, 17, 0.07390487685631178]:1571 3542 70 270
[0.01463755985402236, 0.029681424394923155, 11, 9, 78, 17, 0.07390487685631178]:1439 3674 54 286
[0.9050387396158612, 0.010822885244694892, 9, 10, 202, 16, 0.013621808788937397]:4696 417 258 82
[0.9050387396158612, 0.010822885244694892, 9, 10, 202, 16, 0.013621808788937397]:4674 439 265 75
[0.9050387396158612, 0.010822885244694892, 9, 10, 202, 16, 0.013621808788937397]:4682 431 255 85
[0.9050387396158612, 0.010822885244694892, 9, 10, 202, 16, 0.013621808788937397]:4599 514 274 66
[0.9050387396158612, 0.010822885244694892, 9, 10, 202, 16, 0.013621808788937397]:4732 381 270 70
[0.9050387396158612, 0.010822885244694892, 9, 10, 202, 16, 0.013621808788937397]:4708 405 281 59
[0.9050387396158612, 0.010822885244694892, 9, 10, 202, 16, 0.013621808788937397]:4604 510 270 69
[0.9050387396158612, 0.010822885244694892, 9, 10, 202, 16, 0.013621808788937397]:4636 477 259 81
[0.9050387396158612, 0.010822885244694892, 9, 10, 202, 16, 0.013621808788937397]:4712 401 272 67
[0.9050387396158612, 0.010822885244694892, 9, 10, 202, 16, 0.013621808788937397]:4767 346 266 74
[0.5755461988519943, 0.0683246440601619, 14, 5, 500, 16, 0.49347035929487776]:4459 654 278 62
[0.5755461988519943, 0.0683246440601619, 14, 5, 500, 16, 0.49347035929487776]:4427 686 263 77
[0.5755461988519943, 0.0683246440601619, 14, 5, 500, 16, 0.49347035929487776]:4448 665 276 64
[0.5755461988519943, 0.0683246440601619, 14, 5, 500, 16, 0.49347035929487776]:4438 675 266 74
[0.5755461988519943, 0.0683246440601619, 14, 5, 500, 16, 0.49347035929487776]:4466 647 283 57
[0.5755461988519943, 0.0683246440601619, 14, 5, 500, 16, 0.49347035929487776]:4471 643 270 69
[0.5755461988519943, 0.0683246440601619, 14, 5, 500, 16, 0.49347035929487776]:4475 638 267 73
[0.5755461988519943, 0.0683246440601619, 14, 5, 500, 16, 0.49347035929487776]:4494 619 266 74
[0.5755461988519943, 0.0683246440601619, 14, 5, 500, 16, 0.49347035929487776]:4458 655 284 55
[0.5755461988519943, 0.0683246440601619, 14, 5, 500, 16, 0.49347035929487776]:4469 644 263 77
[0.020194255422612568, 0.005, 13, 5, 50, 56, 0.013558503157104575]:0 5114 0 339
[0.020194255422612568, 0.005, 13, 5, 50, 56, 0.013558503157104575]:0 5113 0 340
[0.020194255422612568, 0.005, 13, 5, 50, 56, 0.013558503157104575]:0 5113 0 340
[0.020194255422612568, 0.005, 13, 5, 50, 56, 0.013558503157104575]:0 5113 0 340
[0.020194255422612568, 0.005, 13, 5, 50, 56, 0.013558503157104575]:0 5113 0 340
[0.020194255422612568, 0.005, 13, 5, 50, 56, 0.013558503157104575]:0 5113 0 340
[0.020194255422612568, 0.005, 13, 5, 50, 56, 0.013558503157104575]:0 5113 0 340
[0.020194255422612568, 0.005, 13, 5, 50, 56, 0.013558503157104575]:0 5113 0 339
[0.020194255422612568, 0.005, 13, 5, 50, 56, 0.013558503157104575]:0 5113 0 340
[0.020194255422612568, 0.005, 13, 5, 50, 56, 0.013558503157104575]:0 5113 0 340
[0.11828255863383486, 0.49999999999999994, 5, 7, 50, 55, 0.18905382322758058]:257 4856 11 329
[0.11828255863383486, 0.49999999999999994, 5, 7, 50, 55, 0.18905382322758058]:263 4851 8 331
[0.11828255863383486, 0.49999999999999994, 5, 7, 50, 55, 0.18905382322758058]:323 4790 14 326
[0.11828255863383486, 0.49999999999999994, 5, 7, 50, 55, 0.18905382322758058]:315 4798 8 332
[0.11828255863383486, 0.49999999999999994, 5, 7, 50, 55, 0.18905382322758058]:385 4728 15 325
[0.11828255863383486, 0.49999999999999994, 5, 7, 50, 55, 0.18905382322758058]:257 4856 12 328
[0.11828255863383486, 0.49999999999999994, 5, 7, 50, 55, 0.18905382322758058]:313 4800 16 324
[0.11828255863383486, 0.49999999999999994, 5, 7, 50, 55, 0.18905382322758058]:301 4812 15 325
[0.11828255863383486, 0.49999999999999994, 5, 7, 50, 55, 0.18905382322758058]:203 4910 9 331
[0.11828255863383486, 0.49999999999999994, 5, 7, 50, 55, 0.18905382322758058]:107 5006 3 336
[0.08338137761420929, 0.006893760690540914, 8, 10, 283, 15, 0.07783933901623877]:3480 1633 169 171
[0.08338137761420929, 0.006893760690540914, 8, 10, 283, 15, 0.07783933901623877]:3709 1404 172 168
[0.08338137761420929, 0.006893760690540914, 8, 10, 283, 15, 0.07783933901623877]:3594 1519 170 170
[0.08338137761420929, 0.006893760690540914, 8, 10, 283, 15, 0.07783933901623877]:3752 1361 176 163
[0.08338137761420929, 0.006893760690540914, 8, 10, 283, 15, 0.07783933901623877]:3520 1593 196 144
[0.08338137761420929, 0.006893760690540914, 8, 10, 283, 15, 0.07783933901623877]:3414 1700 176 163
[0.08338137761420929, 0.006893760690540914, 8, 10, 283, 15, 0.07783933901623877]:3512 1601 166 174
[0.08338137761420929, 0.006893760690540914, 8, 10, 283, 15, 0.07783933901623877]:3709 1404 178 162
[0.08338137761420929, 0.006893760690540914, 8, 10, 283, 15, 0.07783933901623877]:3653 1460 183 157
[0.08338137761420929, 0.006893760690540914, 8, 10, 283, 15, 0.07783933901623877]:3434 1679 157 183
[0.99, 0.005, 4, 10, 210, 22, 0.12200250779746769]:1763 3350 58 282
[0.99, 0.005, 4, 10, 210, 22, 0.12200250779746769]:1838 3275 64 276
[0.99, 0.005, 4, 10, 210, 22, 0.12200250779746769]:1800 3313 54 286
[0.99, 0.005, 4, 10, 210, 22, 0.12200250779746769]:1842 3271 60 280
[0.99, 0.005, 4, 10, 210, 22, 0.12200250779746769]:1875 3238 76 264
[0.99, 0.005, 4, 10, 210, 22, 0.12200250779746769]:1877 3236 55 285
[0.99, 0.005, 4, 10, 210, 22, 0.12200250779746769]:1913 3200 74 266
[0.99, 0.005, 4, 10, 210, 22, 0.12200250779746769]:1790 3323 59 281
[0.99, 0.005, 4, 10, 210, 22, 0.12200250779746769]:1818 3296 71 268
[0.99, 0.005, 4, 10, 210, 22, 0.12200250779746769]:1793 3320 61 278
[0.99, 0.005, 4, 5, 324, 53, 0.06095694886958016]:341 4772 6 333
[0.99, 0.30649400518092, 6, 10, 339, 22, 0.028286639633348633]:2919 2194 169 170
[0.99, 0.005, 4, 5, 324, 53, 0.06095694886958016]:364 4749 11 329
[0.99, 0.30649400518092, 6, 10, 339, 22, 0.028286639633348633]:2964 2149 178 162
[0.99, 0.30649400518092, 6, 10, 339, 22, 0.028286639633348633]:2716 2397 142 198
[0.99, 0.30649400518092, 6, 10, 339, 22, 0.028286639633348633]:2785 2328 152 188
[0.99, 0.30649400518092, 6, 10, 339, 22, 0.028286639633348633]:2921 2193 147 192
[0.99, 0.30649400518092, 6, 10, 339, 22, 0.028286639633348633]:2845 2268 161 179
[0.99, 0.005, 4, 5, 324, 53, 0.06095694886958016]:286 4827 13 327
[0.99, 0.005, 4, 5, 324, 53, 0.06095694886958016]:313 4800 8 332
[0.99, 0.005, 4, 5, 324, 53, 0.06095694886958016]:326 4787 8 332
[0.99, 0.005, 4, 5, 324, 53, 0.06095694886958016]:307 4806 7 333
[0.99, 0.30649400518092, 6, 10, 339, 22, 0.028286639633348633]:2924 2189 165 175
[0.99, 0.005, 4, 5, 324, 53, 0.06095694886958016]:280 4833 5 335
[0.99, 0.30649400518092, 6, 10, 339, 22, 0.028286639633348633]:2917 2196 172 168
[0.99, 0.005, 4, 5, 324, 53, 0.06095694886958016]:300 4814 8 331
[0.99, 0.005, 4, 5, 324, 53, 0.06095694886958016]:322 4791 5 335
[0.99, 0.30649400518092, 6, 10, 339, 22, 0.028286639633348633]:2841 2272 144 196
[0.99, 0.30649400518092, 6, 10, 339, 22, 0.028286639633348633]:3119 1994 192 148
[0.99, 0.005, 4, 5, 324, 53, 0.06095694886958016]:281 4832 6 334
[0.010396565413515793, 0.31275054609947045, 6, 6, 50, 48, 0.01]:1013 4100 45 295
[0.010396565413515793, 0.31275054609947045, 6, 6, 50, 48, 0.01]:1161 3952 76 264
[0.010396565413515793, 0.31275054609947045, 6, 6, 50, 48, 0.01]:1005 4108 48 291
[0.010396565413515793, 0.31275054609947045, 6, 6, 50, 48, 0.01]:893 4220 50 290
[0.010396565413515793, 0.31275054609947045, 6, 6, 50, 48, 0.01]:987 4126 45 295
[0.010396565413515793, 0.31275054609947045, 6, 6, 50, 48, 0.01]:1198 3915 59 281
[0.010396565413515793, 0.31275054609947045, 6, 6, 50, 48, 0.01]:826 4287 34 306
[0.010396565413515793, 0.31275054609947045, 6, 6, 50, 48, 0.01]:925 4189 48 291
[0.010396565413515793, 0.31275054609947045, 6, 6, 50, 48, 0.01]:916 4197 36 304
[0.010396565413515793, 0.31275054609947045, 6, 6, 50, 48, 0.01]:656 4457 40 300
[0.6922161198956799, 0.005865198302557732, 10, 10, 50, 16, 0.01]:4744 369 280 59
[0.6922161198956799, 0.005865198302557732, 10, 10, 50, 16, 0.01]:4782 331 290 50
[0.6922161198956799, 0.005865198302557732, 10, 10, 50, 16, 0.01]:4846 267 282 58
[0.6922161198956799, 0.005865198302557732, 10, 10, 50, 16, 0.01]:4863 250 292 48
[0.6922161198956799, 0.005865198302557732, 10, 10, 50, 16, 0.01]:4711 402 270 70
[0.6922161198956799, 0.005865198302557732, 10, 10, 50, 16, 0.01]:4757 356 272 68
[0.6922161198956799, 0.005865198302557732, 10, 10, 50, 16, 0.01]:4824 289 299 41
[0.6922161198956799, 0.005865198302557732, 10, 10, 50, 16, 0.01]:4744 369 276 64
[0.6922161198956799, 0.005865198302557732, 10, 10, 50, 16, 0.01]:4925 188 303 37
[0.6922161198956799, 0.005865198302557732, 10, 10, 50, 16, 0.01]:4861 253 299 40
[0.08453299192557366, 0.12846403326076286, 7, 6, 334, 51, 0.01]:1069 4044 42 298
[0.08453299192557366, 0.12846403326076286, 7, 6, 334, 51, 0.01]:905 4208 33 307
[0.08453299192557366, 0.12846403326076286, 7, 6, 334, 51, 0.01]:852 4262 35 304
[0.08453299192557366, 0.12846403326076286, 7, 6, 334, 51, 0.01]:736 4377 24 316
[0.08453299192557366, 0.12846403326076286, 7, 6, 334, 51, 0.01]:874 4239 47 293
[0.08453299192557366, 0.12846403326076286, 7, 6, 334, 51, 0.01]:731 4382 29 311
[0.08453299192557366, 0.12846403326076286, 7, 6, 334, 51, 0.01]:834 4279 25 315
[0.08453299192557366, 0.12846403326076286, 7, 6, 334, 51, 0.01]:971 4142 40 300
[0.08453299192557366, 0.12846403326076286, 7, 6, 334, 51, 0.01]:960 4153 32 308
[0.08453299192557366, 0.12846403326076286, 7, 6, 334, 51, 0.01]:696 4417 26 313
[0.01, 0.005332993087024514, 3, 7, 68, 13, 0.029433367614730165]:5111 2 340 0
[0.01, 0.005332993087024514, 3, 7, 68, 13, 0.029433367614730165]:5110 3 339 1
[0.01, 0.005332993087024514, 3, 7, 68, 13, 0.029433367614730165]:5111 2 339 1
[0.01, 0.005332993087024514, 3, 7, 68, 13, 0.029433367614730165]:5110 3 340 0
[0.01, 0.005332993087024514, 3, 7, 68, 13, 0.029433367614730165]:5112 1 340 0
[0.01, 0.005332993087024514, 3, 7, 68, 13, 0.029433367614730165]:5108 5 339 1
[0.01, 0.005332993087024514, 3, 7, 68, 13, 0.029433367614730165]:5102 11 335 5
[0.01, 0.005332993087024514, 3, 7, 68, 13, 0.029433367614730165]:5108 5 338 2
[0.01, 0.005332993087024514, 3, 7, 68, 13, 0.029433367614730165]:5105 9 335 4
[0.01, 0.005332993087024514, 3, 7, 68, 13, 0.029433367614730165]:5039 74 326 13
[0.6875937509905261, 0.22916177825236536, 3, 10, 154, 14, 0.19074432728648189]:3547 1566 169 171
[0.6875937509905261, 0.22916177825236536, 3, 10, 154, 14, 0.19074432728648189]:3511 1602 167 173
[0.6875937509905261, 0.22916177825236536, 3, 10, 154, 14, 0.19074432728648189]:3452 1661 164 176
[0.6875937509905261, 0.22916177825236536, 3, 10, 154, 14, 0.19074432728648189]:3562 1551 164 176
[0.6875937509905261, 0.22916177825236536, 3, 10, 154, 14, 0.19074432728648189]:3497 1616 162 178
[0.6875937509905261, 0.22916177825236536, 3, 10, 154, 14, 0.19074432728648189]:3511 1602 171 169
[0.6875937509905261, 0.22916177825236536, 3, 10, 154, 14, 0.19074432728648189]:3403 1711 177 162
[0.6875937509905261, 0.22916177825236536, 3, 10, 154, 14, 0.19074432728648189]:3398 1715 164 176
[0.6875937509905261, 0.22916177825236536, 3, 10, 154, 14, 0.19074432728648189]:3521 1592 172 167
[0.6875937509905261, 0.22916177825236536, 3, 10, 154, 14, 0.19074432728648189]:3477 1636 196 144
[0.99, 0.0053366287407849355, 3, 9, 246, 15, 0.02440348462705115]:3741 1373 185 154
[0.99, 0.0053366287407849355, 3, 9, 246, 15, 0.02440348462705115]:3827 1286 198 142
[0.99, 0.0053366287407849355, 3, 9, 246, 15, 0.02440348462705115]:3878 1235 185 154
[0.99, 0.0053366287407849355, 3, 9, 246, 15, 0.02440348462705115]:3837 1276 187 153
[0.99, 0.0053366287407849355, 3, 9, 246, 15, 0.02440348462705115]:3833 1280 186 154
[0.99, 0.0053366287407849355, 3, 9, 246, 15, 0.02440348462705115]:3910 1203 185 155
[0.99, 0.0053366287407849355, 3, 9, 246, 15, 0.02440348462705115]:3773 1340 168 172
[0.99, 0.0053366287407849355, 3, 9, 246, 15, 0.02440348462705115]:3951 1162 184 156
[0.99, 0.0053366287407849355, 3, 9, 246, 15, 0.02440348462705115]:3764 1349 198 142
[0.99, 0.0053366287407849355, 3, 9, 246, 15, 0.02440348462705115]:3830 1283 180 160
[0.14521296165267844, 0.13715163509557374, 7, 6, 50, 60, 0.24362695320334096]:40 5074 1 338
[0.14521296165267844, 0.13715163509557374, 7, 6, 50, 60, 0.24362695320334096]:34 5079 1 339
[0.14521296165267844, 0.13715163509557374, 7, 6, 50, 60, 0.24362695320334096]:39 5074 1 339
[0.14521296165267844, 0.13715163509557374, 7, 6, 50, 60, 0.24362695320334096]:42 5071 0 340
[0.14521296165267844, 0.13715163509557374, 7, 6, 50, 60, 0.24362695320334096]:47 5066 2 338
[0.14521296165267844, 0.13715163509557374, 7, 6, 50, 60, 0.24362695320334096]:46 5067 3 337
[0.14521296165267844, 0.13715163509557374, 7, 6, 50, 60, 0.24362695320334096]:40 5073 1 339
[0.14521296165267844, 0.13715163509557374, 7, 6, 50, 60, 0.24362695320334096]:13 5100 0 340
[0.14521296165267844, 0.13715163509557374, 7, 6, 50, 60, 0.24362695320334096]:36 5077 1 339
[0.14521296165267844, 0.13715163509557374, 7, 6, 50, 60, 0.24362695320334096]:26 5087 0 339
[0.99, 0.005, 3, 9, 378, 14, 0.01]:4455 658 225 115
[0.99, 0.005, 3, 9, 378, 14, 0.01]:4444 669 239 101
[0.99, 0.005, 3, 9, 378, 14, 0.01]:4427 686 244 96
[0.99, 0.005, 3, 9, 378, 14, 0.01]:4423 690 231 109
[0.99, 0.005, 3, 9, 378, 14, 0.01]:4420 693 235 105
[0.99, 0.005, 3, 9, 378, 14, 0.01]:4346 768 241 98
[0.99, 0.005, 3, 9, 378, 14, 0.01]:4455 658 236 104
[0.99, 0.005, 3, 9, 378, 14, 0.01]:4300 813 247 93
[0.99, 0.005, 3, 9, 378, 14, 0.01]:4394 719 249 91
[0.99, 0.005, 3, 9, 378, 14, 0.01]:4359 754 229 110
[0.82439231218685, 0.046542248627912536, 14, 6, 392, 62, 0.3783425083567692]:3689 1424 201 139
[0.82439231218685, 0.046542248627912536, 14, 6, 392, 62, 0.3783425083567692]:3660 1454 203 136
[0.82439231218685, 0.046542248627912536, 14, 6, 392, 62, 0.3783425083567692]:3742 1371 224 116
[0.82439231218685, 0.046542248627912536, 14, 6, 392, 62, 0.3783425083567692]:3697 1416 196 144
[0.82439231218685, 0.046542248627912536, 14, 6, 392, 62, 0.3783425083567692]:3877 1236 222 118
[0.82439231218685, 0.046542248627912536, 14, 6, 392, 62, 0.3783425083567692]:3783 1330 219 121
[0.82439231218685, 0.046542248627912536, 14, 6, 392, 62, 0.3783425083567692]:3846 1267 221 118
[0.82439231218685, 0.046542248627912536, 14, 6, 392, 62, 0.3783425083567692]:3790 1323 221 119
[0.82439231218685, 0.046542248627912536, 14, 6, 392, 62, 0.3783425083567692]:3728 1385 204 136
[0.82439231218685, 0.046542248627912536, 14, 6, 392, 62, 0.3783425083567692]:3862 1251 205 135
[0.99, 0.006136598932620673, 6, 8, 114, 24, 0.017918744917807934]:3986 1127 213 127
[0.99, 0.006136598932620673, 6, 8, 114, 24, 0.017918744917807934]:3855 1258 216 124
[0.99, 0.006136598932620673, 6, 8, 114, 24, 0.017918744917807934]:3802 1312 188 151
[0.99, 0.006136598932620673, 6, 8, 114, 24, 0.017918744917807934]:3937 1176 185 155
[0.99, 0.006136598932620673, 6, 8, 114, 24, 0.017918744917807934]:3938 1175 202 138
[0.99, 0.006136598932620673, 6, 8, 114, 24, 0.017918744917807934]:3960 1153 180 160
[0.99, 0.006136598932620673, 6, 8, 114, 24, 0.017918744917807934]:3932 1181 202 137
[0.99, 0.006136598932620673, 6, 8, 114, 24, 0.017918744917807934]:4021 1092 195 145
[0.99, 0.006136598932620673, 6, 8, 114, 24, 0.017918744917807934]:3999 1114 194 146
[0.99, 0.006136598932620673, 6, 8, 114, 24, 0.017918744917807934]:3870 1243 183 157
[0.99, 0.007790794789069496, 7, 7, 393, 42, 0.14600481437854274]:1028 4085 32 308
[0.99, 0.007790794789069496, 7, 7, 393, 42, 0.14600481437854274]:982 4131 29 311
[0.99, 0.007790794789069496, 7, 7, 393, 42, 0.14600481437854274]:995 4118 32 308
[0.99, 0.007790794789069496, 7, 7, 393, 42, 0.14600481437854274]:1012 4101 27 313
[0.99, 0.007790794789069496, 7, 7, 393, 42, 0.14600481437854274]:1041 4073 43 296
[0.99, 0.007790794789069496, 7, 7, 393, 42, 0.14600481437854274]:1079 4034 34 306
[0.99, 0.007790794789069496, 7, 7, 393, 42, 0.14600481437854274]:1057 4056 43 297
[0.99, 0.007790794789069496, 7, 7, 393, 42, 0.14600481437854274]:1036 4077 37 303
[0.99, 0.007790794789069496, 7, 7, 393, 42, 0.14600481437854274]:1065 4048 30 310
[0.99, 0.007790794789069496, 7, 7, 393, 42, 0.14600481437854274]:1029 4084 31 308
[0.99, 0.07459323696715754, 13, 9, 500, 19, 0.99]:4257 856 266 74
[0.99, 0.07459323696715754, 13, 9, 500, 19, 0.99]:4337 776 243 97
[0.99, 0.07459323696715754, 13, 9, 500, 19, 0.99]:4297 816 251 89
[0.99, 0.07459323696715754, 13, 9, 500, 19, 0.99]:4248 866 255 84
[0.99, 0.07459323696715754, 13, 9, 500, 19, 0.99]:4258 855 249 91
[0.99, 0.07459323696715754, 13, 9, 500, 19, 0.99]:4289 824 259 81
[0.99, 0.07459323696715754, 13, 9, 500, 19, 0.99]:4253 860 245 95
[0.99, 0.07459323696715754, 13, 9, 500, 19, 0.99]:4298 815 258 82
[0.99, 0.07459323696715754, 13, 9, 500, 19, 0.99]:4316 797 263 76
[0.99, 0.07459323696715754, 13, 9, 500, 19, 0.99]:4224 889 249 91
[0.99, 0.005, 3, 8, 431, 32, 0.4766203848237054]:490 4623 13 327
[0.99, 0.005, 3, 8, 431, 32, 0.4766203848237054]:413 4701 14 325
[0.99, 0.005, 3, 8, 431, 32, 0.4766203848237054]:385 4728 2 338
[0.99, 0.005, 3, 8, 431, 32, 0.4766203848237054]:362 4751 5 335
[0.99, 0.005, 3, 8, 431, 32, 0.4766203848237054]:370 4743 5 334
[0.99, 0.005, 3, 8, 431, 32, 0.4766203848237054]:428 4685 10 330
[0.99, 0.005, 3, 8, 431, 32, 0.4766203848237054]:410 4703 9 331
[0.99, 0.005, 3, 8, 431, 32, 0.4766203848237054]:403 4710 3 337
[0.99, 0.005, 3, 8, 431, 32, 0.4766203848237054]:446 4667 15 325
[0.99, 0.005, 3, 8, 431, 32, 0.4766203848237054]:421 4692 11 329
[0.99, 0.49999999999999994, 5, 8, 472, 31, 0.1680433502661026]:2681 2432 148 192
[0.99, 0.49999999999999994, 5, 8, 472, 31, 0.1680433502661026]:2683 2430 168 172
[0.99, 0.49999999999999994, 5, 8, 472, 31, 0.1680433502661026]:2794 2319 170 169
[0.99, 0.49999999999999994, 5, 8, 472, 31, 0.1680433502661026]:2799 2314 164 176
[0.99, 0.49999999999999994, 5, 8, 472, 31, 0.1680433502661026]:2636 2477 163 177
[0.99, 0.49999999999999994, 5, 8, 472, 31, 0.1680433502661026]:2805 2309 159 180
[0.99, 0.49999999999999994, 5, 8, 472, 31, 0.1680433502661026]:2675 2438 135 205
[0.99, 0.49999999999999994, 5, 8, 472, 31, 0.1680433502661026]:2717 2396 165 175
[0.99, 0.49999999999999994, 5, 8, 472, 31, 0.1680433502661026]:2606 2507 154 186
[0.99, 0.49999999999999994, 5, 8, 472, 31, 0.1680433502661026]:2709 2404 157 183
[0.99, 0.005, 15, 8, 485, 30, 0.9244681053901072]:2977 2136 138 202
[0.99, 0.005, 15, 8, 485, 30, 0.9244681053901072]:2893 2220 138 202
[0.99, 0.005, 15, 8, 485, 30, 0.9244681053901072]:2998 2115 145 195
[0.99, 0.005, 15, 8, 485, 30, 0.9244681053901072]:2997 2116 150 190
[0.99, 0.005, 15, 8, 485, 30, 0.9244681053901072]:2981 2132 158 181
[0.99, 0.005, 15, 8, 485, 30, 0.9244681053901072]:2949 2164 156 184
[0.99, 0.005, 15, 8, 485, 30, 0.9244681053901072]:3021 2092 156 184
[0.99, 0.005, 15, 8, 485, 30, 0.9244681053901072]:2941 2172 179 161
[0.99, 0.005, 15, 8, 485, 30, 0.9244681053901072]:2836 2278 155 184
[0.99, 0.005, 15, 8, 485, 30, 0.9244681053901072]:2940 2173 134 206
[0.99, 0.005, 4, 9, 123, 10, 0.35121893692183476]:4465 649 258 81
[0.99, 0.005, 4, 9, 123, 10, 0.35121893692183476]:4580 533 259 81
[0.99, 0.005, 4, 9, 123, 10, 0.35121893692183476]:4472 641 258 82
[0.99, 0.005, 4, 9, 123, 10, 0.35121893692183476]:4502 611 236 104
[0.99, 0.005, 4, 9, 123, 10, 0.35121893692183476]:4601 512 252 88
[0.99, 0.005, 4, 9, 123, 10, 0.35121893692183476]:4635 478 254 86
[0.99, 0.005, 4, 9, 123, 10, 0.35121893692183476]:4599 514 251 89
[0.99, 0.005, 4, 9, 123, 10, 0.35121893692183476]:4429 684 239 101
[0.99, 0.005, 4, 9, 123, 10, 0.35121893692183476]:4493 620 244 95
[0.19594622072474943, 0.005, 14, 5, 70, 85, 0.3212651101212895]:0 5113 0 340
[0.19594622072474943, 0.005, 14, 5, 70, 85, 0.3212651101212895]:0 5114 0 339
[0.19594622072474943, 0.005, 14, 5, 70, 85, 0.3212651101212895]:0 5113 0 340
[0.19594622072474943, 0.005, 14, 5, 70, 85, 0.3212651101212895]:0 5113 0 340
[0.19594622072474943, 0.005, 14, 5, 70, 85, 0.3212651101212895]:0 5113 0 340
[0.19594622072474943, 0.005, 14, 5, 70, 85, 0.3212651101212895]:0 5113 0 340
[0.19594622072474943, 0.005, 14, 5, 70, 85, 0.3212651101212895]:0 5113 0 340
[0.19594622072474943, 0.005, 14, 5, 70, 85, 0.3212651101212895]:0 5113 0 340
[0.19594622072474943, 0.005, 14, 5, 70, 85, 0.3212651101212895]:0 5113 0 340
[0.99, 0.005, 4, 9, 123, 10, 0.35121893692183476]:4587 526 250 90
[0.19594622072474943, 0.005, 14, 5, 70, 85, 0.3212651101212895]:0 5113 0 339
[0.01, 0.005, 13, 5, 252, 87, 0.6837079371149457]:0 5113 0 340
[0.01, 0.005, 13, 5, 252, 87, 0.6837079371149457]:0 5114 0 339
[0.01, 0.005, 13, 5, 252, 87, 0.6837079371149457]:0 5113 0 340
[0.01, 0.005, 13, 5, 252, 87, 0.6837079371149457]:0 5113 0 340
[0.01, 0.005, 13, 5, 252, 87, 0.6837079371149457]:0 5113 0 340
[0.01, 0.005, 13, 5, 252, 87, 0.6837079371149457]:0 5113 0 340
[0.01, 0.005, 13, 5, 252, 87, 0.6837079371149457]:0 5113 0 340
[0.01, 0.005, 13, 5, 252, 87, 0.6837079371149457]:0 5113 0 340
[0.01, 0.005, 13, 5, 252, 87, 0.6837079371149457]:0 5113 0 339
[0.01, 0.005, 13, 5, 252, 87, 0.6837079371149457]:0 5113 0 340
[0.1147597907500742, 0.49999999999999994, 7, 10, 326, 100, 0.21072474084415502]:502 4611 24 316
[0.1147597907500742, 0.49999999999999994, 7, 10, 326, 100, 0.21072474084415502]:568 4546 22 317
[0.1147597907500742, 0.49999999999999994, 7, 10, 326, 100, 0.21072474084415502]:462 4651 22 318
[0.1147597907500742, 0.49999999999999994, 7, 10, 326, 100, 0.21072474084415502]:571 4542 15 325
[0.1147597907500742, 0.49999999999999994, 7, 10, 326, 100, 0.21072474084415502]:451 4662 22 318
[0.1147597907500742, 0.49999999999999994, 7, 10, 326, 100, 0.21072474084415502]:487 4626 18 322
[0.1147597907500742, 0.49999999999999994, 7, 10, 326, 100, 0.21072474084415502]:536 4577 20 320
[0.1147597907500742, 0.49999999999999994, 7, 10, 326, 100, 0.21072474084415502]:712 4401 28 311
[0.01, 0.36390798054500834, 15, 10, 428, 100, 0.06922208773808115]:846 4267 42 298
[0.1147597907500742, 0.49999999999999994, 7, 10, 326, 100, 0.21072474084415502]:536 4577 16 324
[0.01, 0.36390798054500834, 15, 10, 428, 100, 0.06922208773808115]:1056 4057 51 289
[0.1147597907500742, 0.49999999999999994, 7, 10, 326, 100, 0.21072474084415502]:458 4655 18 322
[0.01, 0.36390798054500834, 15, 10, 428, 100, 0.06922208773808115]:987 4126 31 309
[0.01, 0.36390798054500834, 15, 10, 428, 100, 0.06922208773808115]:976 4137 47 293
[0.01, 0.36390798054500834, 15, 10, 428, 100, 0.06922208773808115]:985 4128 55 285
[0.01, 0.36390798054500834, 15, 10, 428, 100, 0.06922208773808115]:832 4281 40 300
[0.01, 0.36390798054500834, 15, 10, 428, 100, 0.06922208773808115]:1082 4031 47 293
[0.01, 0.36390798054500834, 15, 10, 428, 100, 0.06922208773808115]:883 4230 45 294
[0.01, 0.36390798054500834, 15, 10, 428, 100, 0.06922208773808115]:874 4239 38 302
[0.01, 0.36390798054500834, 15, 10, 428, 100, 0.06922208773808115]:909 4205 47 292
[0.99, 0.007249455032718145, 12, 10, 457, 96, 0.024218889645341617]:3106 2007 133 207
[0.99, 0.007249455032718145, 12, 10, 457, 96, 0.024218889645341617]:3051 2062 125 215
[0.99, 0.007249455032718145, 12, 10, 457, 96, 0.024218889645341617]:3015 2098 134 206
[0.99, 0.007249455032718145, 12, 10, 457, 96, 0.024218889645341617]:3155 1958 140 200
[0.99, 0.007249455032718145, 12, 10, 457, 96, 0.024218889645341617]:2953 2160 149 191
[0.99, 0.007249455032718145, 12, 10, 457, 96, 0.024218889645341617]:3112 2002 148 191
[0.99, 0.007249455032718145, 12, 10, 457, 96, 0.024218889645341617]:3096 2017 129 211
[0.99, 0.007249455032718145, 12, 10, 457, 96, 0.024218889645341617]:3024 2089 132 207
[0.99, 0.007249455032718145, 12, 10, 457, 96, 0.024218889645341617]:3026 2087 128 212
[0.99, 0.007249455032718145, 12, 10, 457, 96, 0.024218889645341617]:3065 2048 123 217
[0.03614129806044313, 0.02801354020915224, 13, 10, 260, 12, 0.11865898363607474]:4663 450 261 79
[0.03614129806044313, 0.02801354020915224, 13, 10, 260, 12, 0.11865898363607474]:4658 455 267 73
[0.03614129806044313, 0.02801354020915224, 13, 10, 260, 12, 0.11865898363607474]:4689 424 260 80
[0.03614129806044313, 0.02801354020915224, 13, 10, 260, 12, 0.11865898363607474]:4643 471 273 66
[0.03614129806044313, 0.02801354020915224, 13, 10, 260, 12, 0.11865898363607474]:4668 445 284 56
[0.03614129806044313, 0.02801354020915224, 13, 10, 260, 12, 0.11865898363607474]:4636 477 256 84
[0.03614129806044313, 0.02801354020915224, 13, 10, 260, 12, 0.11865898363607474]:4625 488 269 71
[0.03614129806044313, 0.02801354020915224, 13, 10, 260, 12, 0.11865898363607474]:4600 513 261 78
[0.03614129806044313, 0.02801354020915224, 13, 10, 260, 12, 0.11865898363607474]:4714 399 267 73
[0.03614129806044313, 0.02801354020915224, 13, 10, 260, 12, 0.11865898363607474]:4681 432 262 78
[0.08408798030304973, 0.026319252986811353, 13, 10, 500, 90, 0.0106639971359838]:0 5113 0 340
[0.08408798030304973, 0.026319252986811353, 13, 10, 500, 90, 0.0106639971359838]:0 5113 0 340
[0.08408798030304973, 0.026319252986811353, 13, 10, 500, 90, 0.0106639971359838]:0 5113 0 339
[0.08408798030304973, 0.026319252986811353, 13, 10, 500, 90, 0.0106639971359838]:0 5113 0 340
[0.08408798030304973, 0.026319252986811353, 13, 10, 500, 90, 0.0106639971359838]:0 5113 0 340
[0.08408798030304973, 0.026319252986811353, 13, 10, 500, 90, 0.0106639971359838]:0 5113 0 340
[0.08408798030304973, 0.026319252986811353, 13, 10, 500, 90, 0.0106639971359838]:0 5114 0 339
[0.08408798030304973, 0.026319252986811353, 13, 10, 500, 90, 0.0106639971359838]:0 5113 0 340
[0.08408798030304973, 0.026319252986811353, 13, 10, 500, 90, 0.0106639971359838]:0 5113 0 340
[0.08408798030304973, 0.026319252986811353, 13, 10, 500, 90, 0.0106639971359838]:0 5113 0 340
[0.99, 0.025461495707817482, 6, 10, 468, 89, 0.10026886872246614]:831 4282 36 304
[0.99, 0.025461495707817482, 6, 10, 468, 89, 0.10026886872246614]:916 4197 36 304
[0.99, 0.025461495707817482, 6, 10, 468, 89, 0.10026886872246614]:812 4301 23 317
[0.99, 0.025461495707817482, 6, 10, 468, 89, 0.10026886872246614]:847 4266 35 305
[0.99, 0.025461495707817482, 6, 10, 468, 89, 0.10026886872246614]:829 4284 25 315
[0.99, 0.025461495707817482, 6, 10, 468, 89, 0.10026886872246614]:923 4190 39 301
[0.99, 0.025461495707817482, 6, 10, 468, 89, 0.10026886872246614]:937 4176 22 318
[0.99, 0.025461495707817482, 6, 10, 468, 89, 0.10026886872246614]:893 4221 34 305
[0.99, 0.025461495707817482, 6, 10, 468, 89, 0.10026886872246614]:893 4220 23 316
[0.99, 0.025461495707817482, 6, 10, 468, 89, 0.10026886872246614]:865 4248 25 315
[0.99, 0.005, 7, 10, 289, 100, 0.5688490786827576]:159 4954 6 334
[0.99, 0.005, 7, 10, 289, 100, 0.5688490786827576]:135 4978 2 338
[0.99, 0.005, 7, 10, 289, 100, 0.5688490786827576]:179 4934 8 332
[0.99, 0.005, 7, 10, 289, 100, 0.5688490786827576]:180 4933 2 338
[0.99, 0.005, 7, 10, 289, 100, 0.5688490786827576]:159 4955 6 333
[0.99, 0.005, 7, 10, 289, 100, 0.5688490786827576]:134 4979 4 335
[0.99, 0.005, 7, 10, 289, 100, 0.5688490786827576]:164 4949 3 337
[0.99, 0.005, 7, 10, 289, 100, 0.5688490786827576]:185 4928 7 333
[0.99, 0.005, 8, 6, 451, 56, 0.11084212458012983]:989 4124 26 314
[0.99, 0.005, 8, 6, 451, 56, 0.11084212458012983]:953 4160 26 314
[0.99, 0.005, 7, 10, 289, 100, 0.5688490786827576]:135 4978 2 338
[0.99, 0.005, 8, 6, 451, 56, 0.11084212458012983]:984 4129 34 306
[0.99, 0.005, 8, 6, 451, 56, 0.11084212458012983]:990 4123 39 301
[0.99, 0.005, 8, 9, 301, 100, 0.9119853344452271]:259 4854 4 336
[0.99, 0.005, 8, 9, 301, 100, 0.9119853344452271]:245 4868 7 333
[0.99, 0.005, 8, 6, 451, 56, 0.11084212458012983]:981 4132 41 299
[0.99, 0.005, 8, 9, 301, 100, 0.9119853344452271]:263 4850 9 330
[0.99, 0.005, 8, 9, 301, 100, 0.9119853344452271]:299 4814 12 328
[0.99, 0.005, 8, 6, 451, 56, 0.11084212458012983]:1024 4089 32 307
[0.99, 0.005, 8, 9, 301, 100, 0.9119853344452271]:279 4834 12 328
[0.99, 0.005, 7, 10, 289, 100, 0.5688490786827576]:149 4964 1 339
[0.99, 0.005, 8, 9, 301, 100, 0.9119853344452271]:286 4828 13 326
[0.99, 0.005, 8, 9, 301, 100, 0.9119853344452271]:323 4790 16 324
[0.99, 0.005, 8, 9, 301, 100, 0.9119853344452271]:291 4822 7 333
[0.99, 0.005, 8, 9, 301, 100, 0.9119853344452271]:254 4859 5 335
[0.99, 0.005, 8, 6, 451, 56, 0.11084212458012983]:1043 4070 38 302
[0.99, 0.005, 8, 6, 451, 56, 0.11084212458012983]:1016 4098 42 297
[0.99, 0.005, 8, 9, 301, 100, 0.9119853344452271]:305 4808 13 327
[0.99, 0.005, 8, 6, 451, 56, 0.11084212458012983]:1025 4088 39 301
[0.99, 0.005, 8, 6, 451, 56, 0.11084212458012983]:961 4152 28 312
[0.22459466405166953, 0.006896803692111976, 3, 9, 208, 12, 0.04820456264447674]:4926 187 296 44
[0.22459466405166953, 0.006896803692111976, 3, 9, 208, 12, 0.04820456264447674]:4980 133 305 35
[0.22459466405166953, 0.006896803692111976, 3, 9, 208, 12, 0.04820456264447674]:4927 186 303 37
[0.22459466405166953, 0.006896803692111976, 3, 9, 208, 12, 0.04820456264447674]:4939 174 297 43
[0.22459466405166953, 0.006896803692111976, 3, 9, 208, 12, 0.04820456264447674]:4894 219 284 56
[0.22459466405166953, 0.006896803692111976, 3, 9, 208, 12, 0.04820456264447674]:4901 212 289 51
[0.22459466405166953, 0.006896803692111976, 3, 9, 208, 12, 0.04820456264447674]:4900 213 295 44
[0.22459466405166953, 0.006896803692111976, 3, 9, 208, 12, 0.04820456264447674]:4914 199 302 38
[0.22459466405166953, 0.006896803692111976, 3, 9, 208, 12, 0.04820456264447674]:4951 163 308 31
[0.22459466405166953, 0.006896803692111976, 3, 9, 208, 12, 0.04820456264447674]:4883 230 302 38
[0.048119447365054475, 0.009663161598906827, 8, 8, 500, 25, 0.30051457084661976]:7 5106 1 339
[0.048119447365054475, 0.009663161598906827, 8, 8, 500, 25, 0.30051457084661976]:14 5099 0 340
[0.048119447365054475, 0.009663161598906827, 8, 8, 500, 25, 0.30051457084661976]:6 5107 0 339
[0.048119447365054475, 0.009663161598906827, 8, 8, 500, 25, 0.30051457084661976]:5 5108 0 340
[0.048119447365054475, 0.009663161598906827, 8, 8, 500, 25, 0.30051457084661976]:13 5100 0 340
[0.048119447365054475, 0.009663161598906827, 8, 8, 500, 25, 0.30051457084661976]:5 5108 0 340
[0.048119447365054475, 0.009663161598906827, 8, 8, 500, 25, 0.30051457084661976]:10 5104 1 338
[0.048119447365054475, 0.009663161598906827, 8, 8, 500, 25, 0.30051457084661976]:8 5105 0 340
[0.048119447365054475, 0.009663161598906827, 8, 8, 500, 25, 0.30051457084661976]:11 5102 0 340
[0.048119447365054475, 0.009663161598906827, 8, 8, 500, 25, 0.30051457084661976]:9 5104 0 340
[0.4926065091593573, 0.027085500523989253, 12, 9, 360, 12, 0.8766275869175445]:4249 865 238 101
[0.4926065091593573, 0.027085500523989253, 12, 9, 360, 12, 0.8766275869175445]:4353 760 228 112
[0.4926065091593573, 0.027085500523989253, 12, 9, 360, 12, 0.8766275869175445]:4365 748 231 109
[0.4926065091593573, 0.027085500523989253, 12, 9, 360, 12, 0.8766275869175445]:4335 778 236 104
[0.4926065091593573, 0.027085500523989253, 12, 9, 360, 12, 0.8766275869175445]:4346 767 247 93
[0.4926065091593573, 0.027085500523989253, 12, 9, 360, 12, 0.8766275869175445]:4276 837 253 87
[0.4926065091593573, 0.027085500523989253, 12, 9, 360, 12, 0.8766275869175445]:4307 806 230 110
[0.4926065091593573, 0.027085500523989253, 12, 9, 360, 12, 0.8766275869175445]:4360 753 243 96
[0.4926065091593573, 0.027085500523989253, 12, 9, 360, 12, 0.8766275869175445]:4351 762 240 100
[0.4926065091593573, 0.027085500523989253, 12, 9, 360, 12, 0.8766275869175445]:4354 759 246 94
[0.8184955598248608, 0.005, 4, 7, 155, 12, 0.08037877927053783]:4400 713 226 114
[0.8184955598248608, 0.005, 4, 7, 155, 12, 0.08037877927053783]:4317 797 232 107
[0.8184955598248608, 0.005, 4, 7, 155, 12, 0.08037877927053783]:4399 714 235 105
[0.8184955598248608, 0.005, 4, 7, 155, 12, 0.08037877927053783]:4429 684 232 108
[0.8184955598248608, 0.005, 4, 7, 155, 12, 0.08037877927053783]:4335 778 210 130
[0.8184955598248608, 0.005, 4, 7, 155, 12, 0.08037877927053783]:4365 748 218 122
[0.8184955598248608, 0.005, 4, 7, 155, 12, 0.08037877927053783]:4417 696 231 109
[0.8184955598248608, 0.005, 4, 7, 155, 12, 0.08037877927053783]:4300 813 245 95
[0.8184955598248608, 0.005, 4, 7, 155, 12, 0.08037877927053783]:4323 790 235 105
[0.8184955598248608, 0.005, 4, 7, 155, 12, 0.08037877927053783]:4327 786 222 117
[0.034014467667314675, 0.03760958071649743, 15, 6, 500, 10, 0.010061612081802167]:4791 322 278 62
[0.034014467667314675, 0.03760958071649743, 15, 6, 500, 10, 0.010061612081802167]:4673 440 266 74
[0.034014467667314675, 0.03760958071649743, 15, 6, 500, 10, 0.010061612081802167]:4514 599 269 71
[0.034014467667314675, 0.03760958071649743, 15, 6, 500, 10, 0.010061612081802167]:4688 425 275 65
[0.034014467667314675, 0.03760958071649743, 15, 6, 500, 10, 0.010061612081802167]:4772 341 269 71
[0.034014467667314675, 0.03760958071649743, 15, 6, 500, 10, 0.010061612081802167]:4675 438 271 69
[0.034014467667314675, 0.03760958071649743, 15, 6, 500, 10, 0.010061612081802167]:4838 275 283 57
[0.034014467667314675, 0.03760958071649743, 15, 6, 500, 10, 0.010061612081802167]:4758 355 279 61
[0.034014467667314675, 0.03760958071649743, 15, 6, 500, 10, 0.010061612081802167]:4682 431 265 74
[0.034014467667314675, 0.03760958071649743, 15, 6, 500, 10, 0.010061612081802167]:4772 342 289 50
[0.8477449734299008, 0.023471589310496654, 14, 6, 500, 11, 0.1041838524414724]:4708 405 278 62
[0.8477449734299008, 0.023471589310496654, 14, 6, 500, 11, 0.1041838524414724]:4733 380 269 71
[0.8477449734299008, 0.023471589310496654, 14, 6, 500, 11, 0.1041838524414724]:4728 385 281 58
[0.8477449734299008, 0.023471589310496654, 14, 6, 500, 11, 0.1041838524414724]:4650 464 279 60
[0.8477449734299008, 0.023471589310496654, 14, 6, 500, 11, 0.1041838524414724]:4694 419 274 66
[0.8477449734299008, 0.023471589310496654, 14, 6, 500, 11, 0.1041838524414724]:4671 442 284 56
[0.8477449734299008, 0.023471589310496654, 14, 6, 500, 11, 0.1041838524414724]:4667 446 276 64
[0.8477449734299008, 0.023471589310496654, 14, 6, 500, 11, 0.1041838524414724]:4690 423 278 62
[0.8477449734299008, 0.023471589310496654, 14, 6, 500, 11, 0.1041838524414724]:4718 395 272 68
[0.8477449734299008, 0.023471589310496654, 14, 6, 500, 11, 0.1041838524414724]:4646 467 288 52
[0.99, 0.49999999999999994, 15, 7, 50, 48, 0.022459528232357688]:1912 3201 105 235
[0.99, 0.49999999999999994, 15, 7, 50, 48, 0.022459528232357688]:2231 2882 137 203
[0.99, 0.49999999999999994, 15, 7, 50, 48, 0.022459528232357688]:1631 3482 91 249
[0.99, 0.49999999999999994, 15, 7, 50, 48, 0.022459528232357688]:1943 3170 115 225
[0.99, 0.49999999999999994, 15, 7, 50, 48, 0.022459528232357688]:1932 3181 110 230
[0.99, 0.49999999999999994, 15, 7, 50, 48, 0.022459528232357688]:1774 3339 92 247
[0.99, 0.49999999999999994, 15, 7, 50, 48, 0.022459528232357688]:1610 3503 81 259
[0.99, 0.49999999999999994, 15, 7, 50, 48, 0.022459528232357688]:1830 3284 99 240
[0.99, 0.49999999999999994, 15, 7, 50, 48, 0.022459528232357688]:2046 3067 133 207
[0.99, 0.49999999999999994, 15, 7, 50, 48, 0.022459528232357688]:1450 3663 77 263
[0.99, 0.005, 6, 8, 299, 13, 0.04932668017117248]:4353 760 245 95
[0.99, 0.005, 6, 8, 299, 13, 0.04932668017117248]:4460 653 238 102
[0.99, 0.005, 15, 6, 177, 50, 0.11772127966197113]:3516 1598 180 159
[0.99, 0.005, 6, 8, 299, 13, 0.04932668017117248]:4433 680 237 102
[0.99, 0.005, 6, 8, 299, 13, 0.04932668017117248]:4456 657 241 99
[0.99, 0.005, 6, 8, 299, 13, 0.04932668017117248]:4435 678 238 102
[0.99, 0.005, 6, 8, 299, 13, 0.04932668017117248]:4412 701 222 118
[0.99, 0.005, 6, 8, 299, 13, 0.04932668017117248]:4449 664 242 98
[0.99, 0.005, 6, 8, 299, 13, 0.04932668017117248]:4392 721 214 126
[0.99, 0.005, 6, 8, 299, 13, 0.04932668017117248]:4497 616 244 96
[0.99, 0.005, 6, 8, 299, 13, 0.04932668017117248]:4351 763 239 100
[0.99, 0.005, 15, 6, 177, 50, 0.11772127966197113]:3527 1586 146 194
[0.99, 0.005, 15, 6, 177, 50, 0.11772127966197113]:3556 1557 171 169
[0.99, 0.005, 15, 6, 177, 50, 0.11772127966197113]:3571 1542 147 193
[0.99, 0.005, 15, 6, 177, 50, 0.11772127966197113]:3500 1613 154 186
[0.99, 0.005, 15, 6, 177, 50, 0.11772127966197113]:3523 1590 169 171
[0.99, 0.005, 15, 6, 177, 50, 0.11772127966197113]:3568 1545 171 169
[0.99, 0.005, 15, 6, 177, 50, 0.11772127966197113]:3522 1591 173 166
[0.99, 0.005, 15, 6, 177, 50, 0.11772127966197113]:3394 1719 178 162
[0.99, 0.005, 15, 6, 177, 50, 0.11772127966197113]:3571 1542 179 161
[0.01, 0.49999999999999994, 3, 7, 231, 81, 0.01917465631474151]:749 4364 41 299
[0.01, 0.49999999999999994, 3, 7, 231, 81, 0.01917465631474151]:568 4545 27 313
[0.01, 0.49999999999999994, 3, 7, 231, 81, 0.01917465631474151]:654 4459 30 310
[0.01, 0.49999999999999994, 3, 7, 231, 81, 0.01917465631474151]:816 4297 43 297
[0.01, 0.49999999999999994, 3, 7, 231, 81, 0.01917465631474151]:983 4130 44 295
[0.01, 0.49999999999999994, 3, 7, 231, 81, 0.01917465631474151]:829 4285 38 301
[0.01, 0.49999999999999994, 3, 7, 231, 81, 0.01917465631474151]:846 4267 32 308
[0.01, 0.49999999999999994, 3, 7, 231, 81, 0.01917465631474151]:1017 4096 33 307
[0.01, 0.49999999999999994, 3, 7, 231, 81, 0.01917465631474151]:582 4531 30 310
[0.99, 0.49999999999999994, 15, 10, 50, 96, 0.25800566206716236]:3184 1929 205 135
[0.01, 0.49999999999999994, 3, 7, 231, 81, 0.01917465631474151]:780 4333 28 312
[0.99, 0.49999999999999994, 15, 10, 50, 96, 0.25800566206716236]:3277 1836 201 139
[0.99, 0.49999999999999994, 15, 10, 50, 96, 0.25800566206716236]:3247 1866 181 159
[0.99, 0.49999999999999994, 15, 10, 50, 96, 0.25800566206716236]:3194 1919 192 148
[0.99, 0.49999999999999994, 15, 10, 50, 96, 0.25800566206716236]:3312 1802 204 135
[0.99, 0.49999999999999994, 15, 10, 50, 96, 0.25800566206716236]:3263 1850 183 157
[0.99, 0.49999999999999994, 15, 10, 50, 96, 0.25800566206716236]:3373 1740 176 163
[0.99, 0.49999999999999994, 15, 10, 50, 96, 0.25800566206716236]:3206 1907 186 154
[0.99, 0.49999999999999994, 15, 10, 50, 96, 0.25800566206716236]:3199 1914 176 164
[0.99, 0.49999999999999994, 15, 10, 50, 96, 0.25800566206716236]:3207 1906 188 152
[0.99, 0.49999999999999994, 15, 9, 316, 98, 0.01]:1145 3968 67 273
[0.99, 0.49999999999999994, 15, 9, 316, 98, 0.01]:551 4562 33 307
[0.99, 0.49999999999999994, 15, 9, 316, 98, 0.01]:1063 4050 55 285
[0.99, 0.49999999999999994, 15, 9, 316, 98, 0.01]:544 4569 24 316
[0.99, 0.49999999999999994, 15, 9, 316, 98, 0.01]:547 4566 38 302
[0.99, 0.49999999999999994, 15, 9, 316, 98, 0.01]:781 4332 54 286
[0.99, 0.49999999999999994, 15, 9, 316, 98, 0.01]:1018 4095 40 299
[0.99, 0.49999999999999994, 15, 9, 316, 98, 0.01]:901 4212 51 289
[0.99, 0.49999999999999994, 15, 9, 316, 98, 0.01]:465 4648 27 313
[0.99, 0.49999999999999994, 15, 9, 316, 98, 0.01]:995 4119 47 292
[0.01, 0.005, 15, 9, 69, 42, 0.04320147822292837]:0 5113 0 340
[0.01, 0.005, 15, 9, 69, 42, 0.04320147822292837]:0 5113 0 340
[0.01, 0.005, 15, 9, 69, 42, 0.04320147822292837]:0 5113 0 340
[0.01, 0.005, 15, 9, 69, 42, 0.04320147822292837]:0 5113 0 340
[0.01, 0.005, 15, 9, 69, 42, 0.04320147822292837]:0 5113 0 340
[0.01, 0.005, 15, 9, 69, 42, 0.04320147822292837]:0 5113 0 340
[0.01, 0.005, 15, 9, 69, 42, 0.04320147822292837]:0 5113 0 340
[0.01, 0.005, 15, 9, 69, 42, 0.04320147822292837]:0 5114 0 339
[0.01, 0.005, 15, 9, 69, 42, 0.04320147822292837]:0 5113 0 340
[0.01, 0.005, 15, 9, 69, 42, 0.04320147822292837]:0 5113 0 339
[0.01, 0.005, 15, 7, 331, 39, 0.011061746731986835]:0 5113 0 340
[0.01, 0.005, 15, 7, 331, 39, 0.011061746731986835]:0 5113 0 340
[0.01, 0.005, 15, 7, 331, 39, 0.011061746731986835]:0 5113 0 340
[0.01, 0.005, 15, 7, 331, 39, 0.011061746731986835]:0 5113 0 340
[0.01, 0.005, 15, 7, 331, 39, 0.011061746731986835]:0 5114 0 339
[0.01, 0.005, 15, 7, 331, 39, 0.011061746731986835]:0 5113 0 339
[0.01, 0.005, 15, 7, 331, 39, 0.011061746731986835]:0 5113 0 340
[0.01, 0.005, 15, 7, 331, 39, 0.011061746731986835]:0 5113 0 340
[0.01, 0.005, 15, 7, 331, 39, 0.011061746731986835]:0 5113 0 340
[0.01, 0.005, 15, 7, 331, 39, 0.011061746731986835]:0 5113 0 340
[0.99, 0.005, 7, 9, 500, 12, 0.016828504357270794]:4866 247 285 55
[0.99, 0.005, 7, 9, 500, 12, 0.016828504357270794]:4928 185 292 48
[0.99, 0.005, 7, 9, 500, 12, 0.016828504357270794]:4843 271 298 41
[0.99, 0.005, 7, 9, 500, 12, 0.016828504357270794]:4834 279 299 41
[0.99, 0.005, 7, 9, 500, 12, 0.016828504357270794]:4834 279 293 47
[0.99, 0.005, 7, 9, 500, 12, 0.016828504357270794]:4900 213 297 42
[0.99, 0.005, 7, 9, 500, 12, 0.016828504357270794]:4882 231 295 45
[0.99, 0.005, 7, 9, 500, 12, 0.016828504357270794]:4861 252 290 50
[0.99, 0.005, 7, 9, 500, 12, 0.016828504357270794]:4896 217 283 57
[0.99, 0.005, 7, 9, 500, 12, 0.016828504357270794]:4910 203 279 61
[0.99, 0.005, 10, 10, 50, 25, 0.01702712549170866]:4333 781 239 100
[0.99, 0.005, 10, 10, 50, 25, 0.01702712549170866]:4271 842 225 115
[0.99, 0.005, 10, 10, 50, 25, 0.01702712549170866]:4331 782 238 102
[0.99, 0.005, 10, 10, 50, 25, 0.01702712549170866]:4267 846 248 92
[0.99, 0.005, 10, 10, 50, 25, 0.01702712549170866]:4309 804 217 123
[0.99, 0.005, 14, 10, 50, 25, 0.03196636573167694]:4390 723 214 126
[0.99, 0.005, 10, 10, 50, 25, 0.01702712549170866]:4450 663 258 82
[0.99, 0.005, 10, 10, 50, 25, 0.01702712549170866]:4411 702 242 98
[0.99, 0.005, 14, 10, 50, 25, 0.03196636573167694]:4264 849 234 105
[0.99, 0.005, 10, 10, 50, 25, 0.01702712549170866]:4326 787 237 103
[0.99, 0.005, 10, 10, 50, 25, 0.01702712549170866]:4387 726 230 110
[0.99, 0.005, 11, 5, 50, 24, 0.054755485844097083]:4702 411 260 80
[0.99, 0.005, 11, 5, 50, 24, 0.054755485844097083]:4563 550 248 92
[0.99, 0.005, 14, 10, 50, 25, 0.03196636573167694]:4390 723 232 108
[0.99, 0.005, 10, 10, 50, 25, 0.01702712549170866]:4307 806 228 111
[0.99, 0.005, 14, 10, 50, 25, 0.03196636573167694]:4391 722 231 109
[0.99, 0.005, 11, 5, 50, 24, 0.054755485844097083]:4540 573 248 92
[0.99, 0.005, 14, 10, 50, 25, 0.03196636573167694]:4262 851 210 130
[0.99, 0.005, 11, 5, 50, 24, 0.054755485844097083]:4616 497 267 73
[0.99, 0.005, 11, 5, 50, 24, 0.054755485844097083]:4701 412 261 79
[0.99, 0.005, 11, 5, 50, 24, 0.054755485844097083]:4566 547 252 87
[0.99, 0.005, 11, 5, 50, 24, 0.054755485844097083]:4613 500 255 85
[0.99, 0.005, 11, 5, 50, 24, 0.054755485844097083]:4530 583 255 85
[0.99, 0.005, 11, 5, 50, 24, 0.054755485844097083]:4446 668 256 83
[0.99, 0.005, 14, 10, 50, 25, 0.03196636573167694]:4313 800 233 107
[0.99, 0.005, 14, 10, 50, 25, 0.03196636573167694]:4290 824 232 107
[0.99, 0.005, 11, 5, 50, 24, 0.054755485844097083]:4493 620 272 68
[0.99, 0.005, 14, 10, 50, 25, 0.03196636573167694]:4358 755 238 102
[0.99, 0.005, 14, 10, 50, 25, 0.03196636573167694]:4291 822 241 99
[0.99, 0.005, 14, 10, 50, 25, 0.03196636573167694]:4362 751 228 112
[0.04517374381763726, 0.005, 15, 8, 50, 24, 0.045760909012588634]:0 5113 0 340
[0.04517374381763726, 0.005, 15, 8, 50, 24, 0.045760909012588634]:0 5113 0 340
[0.04517374381763726, 0.005, 15, 8, 50, 24, 0.045760909012588634]:0 5113 0 340
[0.04517374381763726, 0.005, 15, 8, 50, 24, 0.045760909012588634]:0 5113 0 339
[0.04517374381763726, 0.005, 15, 8, 50, 24, 0.045760909012588634]:0 5113 0 340
[0.04517374381763726, 0.005, 15, 8, 50, 24, 0.045760909012588634]:0 5113 0 340
[0.04517374381763726, 0.005, 15, 8, 50, 24, 0.045760909012588634]:0 5113 0 340
[0.04517374381763726, 0.005, 15, 8, 50, 24, 0.045760909012588634]:0 5113 0 340
[0.19890862125957715, 0.49999999999999994, 15, 10, 50, 24, 0.01]:2260 2854 140 199
[0.04517374381763726, 0.005, 15, 8, 50, 24, 0.045760909012588634]:0 5114 0 339
[0.04517374381763726, 0.005, 15, 8, 50, 24, 0.045760909012588634]:0 5113 0 340
[0.19890862125957715, 0.49999999999999994, 15, 10, 50, 24, 0.01]:2133 2980 114 226
[0.19890862125957715, 0.49999999999999994, 15, 10, 50, 24, 0.01]:2821 2292 155 185
[0.06462127082338466, 0.016522806357356364, 15, 6, 50, 26, 0.3691974765533261]:0 5113 0 340
[0.19890862125957715, 0.49999999999999994, 15, 10, 50, 24, 0.01]:2408 2705 142 198
[0.06462127082338466, 0.016522806357356364, 15, 6, 50, 26, 0.3691974765533261]:0 5113 0 340
[0.19890862125957715, 0.49999999999999994, 15, 10, 50, 24, 0.01]:2077 3036 100 240
[0.06462127082338466, 0.016522806357356364, 15, 6, 50, 26, 0.3691974765533261]:0 5113 0 340
[0.19890862125957715, 0.49999999999999994, 15, 10, 50, 24, 0.01]:2403 2710 132 208
[0.06462127082338466, 0.016522806357356364, 15, 6, 50, 26, 0.3691974765533261]:0 5113 0 340
[0.19890862125957715, 0.49999999999999994, 15, 10, 50, 24, 0.01]:2409 2704 115 225
[0.19890862125957715, 0.49999999999999994, 15, 10, 50, 24, 0.01]:2222 2891 131 209
[0.19890862125957715, 0.49999999999999994, 15, 10, 50, 24, 0.01]:1940 3173 83 257
[0.06462127082338466, 0.016522806357356364, 15, 6, 50, 26, 0.3691974765533261]:0 5114 0 339
[0.06462127082338466, 0.016522806357356364, 15, 6, 50, 26, 0.3691974765533261]:0 5113 0 340
[0.19890862125957715, 0.49999999999999994, 15, 10, 50, 24, 0.01]:2967 2146 180 159
[0.06462127082338466, 0.016522806357356364, 15, 6, 50, 26, 0.3691974765533261]:0 5113 0 340
[0.06462127082338466, 0.016522806357356364, 15, 6, 50, 26, 0.3691974765533261]:0 5113 0 340
[0.06462127082338466, 0.016522806357356364, 15, 6, 50, 26, 0.3691974765533261]:0 5113 0 340
[0.06462127082338466, 0.016522806357356364, 15, 6, 50, 26, 0.3691974765533261]:0 5113 0 339
[0.011684480582311568, 0.005, 15, 10, 491, 15, 0.01564753081138505]:4296 817 226 114
[0.05852424061201369, 0.005, 15, 10, 410, 14, 0.2829426297487404]:4638 475 262 78
[0.011684480582311568, 0.005, 15, 10, 491, 15, 0.01564753081138505]:4325 788 224 116
[0.011684480582311568, 0.005, 15, 10, 491, 15, 0.01564753081138505]:4100 1013 231 109
[0.011684480582311568, 0.005, 15, 10, 491, 15, 0.01564753081138505]:4321 792 238 102
[0.011684480582311568, 0.005, 15, 10, 491, 15, 0.01564753081138505]:4513 600 246 94
[0.011684480582311568, 0.005, 15, 10, 491, 15, 0.01564753081138505]:4499 614 250 90
[0.011684480582311568, 0.005, 15, 10, 491, 15, 0.01564753081138505]:4340 773 237 102
[0.011684480582311568, 0.005, 15, 10, 491, 15, 0.01564753081138505]:4310 804 238 101
[0.011684480582311568, 0.005, 15, 10, 491, 15, 0.01564753081138505]:4484 629 241 99
[0.016478072861638857, 0.49999999999999994, 15, 10, 431, 14, 0.3673057583728457]:3766 1347 213 126
[0.016478072861638857, 0.49999999999999994, 15, 10, 431, 14, 0.3673057583728457]:3751 1362 211 129
[0.05852424061201369, 0.005, 15, 10, 410, 14, 0.2829426297487404]:4636 477 259 81
[0.05852424061201369, 0.005, 15, 10, 410, 14, 0.2829426297487404]:4653 460 261 79
[0.05852424061201369, 0.005, 15, 10, 410, 14, 0.2829426297487404]:4578 535 261 78
[0.05852424061201369, 0.005, 15, 10, 410, 14, 0.2829426297487404]:4615 498 258 82
[0.011684480582311568, 0.005, 15, 10, 491, 15, 0.01564753081138505]:4334 779 239 101
[0.05852424061201369, 0.005, 15, 10, 410, 14, 0.2829426297487404]:4630 483 255 85
[0.05852424061201369, 0.005, 15, 10, 410, 14, 0.2829426297487404]:4624 489 286 54
[0.05852424061201369, 0.005, 15, 10, 410, 14, 0.2829426297487404]:4561 553 261 78
[0.016478072861638857, 0.49999999999999994, 15, 10, 431, 14, 0.3673057583728457]:3713 1400 204 136
[0.05852424061201369, 0.005, 15, 10, 410, 14, 0.2829426297487404]:4640 473 267 73
[0.016478072861638857, 0.49999999999999994, 15, 10, 431, 14, 0.3673057583728457]:3643 1470 204 136
[0.016478072861638857, 0.49999999999999994, 15, 10, 431, 14, 0.3673057583728457]:3762 1351 203 137
[0.016478072861638857, 0.49999999999999994, 15, 10, 431, 14, 0.3673057583728457]:3626 1488 218 121
[0.05852424061201369, 0.005, 15, 10, 410, 14, 0.2829426297487404]:4644 469 246 94
[0.016478072861638857, 0.49999999999999994, 15, 10, 431, 14, 0.3673057583728457]:3674 1439 198 142
[0.016478072861638857, 0.49999999999999994, 15, 10, 431, 14, 0.3673057583728457]:3732 1381 209 131
[0.016478072861638857, 0.49999999999999994, 15, 10, 431, 14, 0.3673057583728457]:3632 1481 191 149
[0.016478072861638857, 0.49999999999999994, 15, 10, 431, 14, 0.3673057583728457]:3651 1462 221 119
[0.01, 0.49999999999999994, 15, 10, 186, 77, 0.9300630520404912]:899 4214 38 302
[0.01, 0.49999999999999994, 15, 10, 186, 77, 0.9300630520404912]:853 4260 42 298
[0.01, 0.49999999999999994, 15, 10, 186, 77, 0.9300630520404912]:668 4445 30 310
[0.01, 0.49999999999999994, 15, 10, 186, 77, 0.9300630520404912]:880 4233 39 301
[0.01, 0.49999999999999994, 15, 10, 186, 77, 0.9300630520404912]:804 4309 35 305
[0.01, 0.49999999999999994, 15, 10, 186, 77, 0.9300630520404912]:762 4352 29 310
[0.01, 0.49999999999999994, 15, 10, 186, 77, 0.9300630520404912]:872 4241 44 296
[0.01, 0.49999999999999994, 15, 10, 186, 77, 0.9300630520404912]:889 4224 41 299
[0.01, 0.49999999999999994, 15, 10, 186, 77, 0.9300630520404912]:855 4258 43 297
[0.01, 0.49999999999999994, 15, 10, 186, 77, 0.9300630520404912]:1152 3961 49 290
[0.01, 0.49999999999999994, 15, 6, 447, 74, 0.08204261852944164]:1329 3784 77 263
[0.01, 0.49999999999999994, 15, 6, 447, 74, 0.08204261852944164]:1609 3504 79 260
[0.01, 0.49999999999999994, 15, 6, 447, 74, 0.08204261852944164]:1587 3526 72 268
[0.01, 0.49999999999999994, 15, 6, 447, 74, 0.08204261852944164]:1442 3671 63 277
[0.01, 0.49999999999999994, 15, 6, 447, 74, 0.08204261852944164]:1331 3782 62 278
[0.01, 0.49999999999999994, 15, 6, 447, 74, 0.08204261852944164]:1507 3606 76 264
[0.01, 0.49999999999999994, 15, 6, 447, 74, 0.08204261852944164]:1464 3649 84 256
[0.01, 0.49999999999999994, 15, 6, 447, 74, 0.08204261852944164]:1510 3604 73 266
[0.01, 0.49999999999999994, 15, 6, 447, 74, 0.08204261852944164]:1318 3795 84 256
[0.01, 0.49999999999999994, 15, 6, 447, 74, 0.08204261852944164]:1582 3531 70 270
