----------------------------------------------------------------------------------------

Results for two way ANOVA between rs10462023_rs139459337&sex and GAD7 are: 

                                       df       sum_sq   mean_sq           F        PR(>F)
C(rs10462023_rs139459337)             8.0     0.547492  0.068436    2.706235  5.613358e-03
C(sex)                                1.0     5.160918  5.160918  204.082016  3.193801e-46
C(rs10462023_rs139459337):C(sex)      8.0     0.223414  0.027927    1.104327  3.564570e-01
Residual                          60570.0  1531.721553  0.025288         NaN           NaN
----------------------------------------------------------------------------------------

Results for follow-up Tukey test between rs10462023_rs139459337 & sex and GAD7 are: 

Main effect for rs10462023_rs139459337:
 group1  group2     Diff     Lower    Upper  q-value  p-value
      0       3 0.001915 -0.006801 0.010631 0.963987 0.900000
      0       2 0.003725 -0.000983 0.008432 3.470864 0.254639
      0       1 0.003075 -0.006517 0.012667 1.406248 0.900000
      0       5 0.000355 -0.006268 0.006978 0.235267 0.900000
      0       8 0.010268 -0.004376 0.024911 3.075830 0.425189
      0       7 0.035875 -0.004289 0.076038 3.918271 0.124593
      0       4 0.002024 -0.047183 0.051232 0.180475 0.900000
      0       6 0.013102 -0.069184 0.095388 0.698470 0.900000
      3       2 0.005640 -0.002930 0.014210 2.886911 0.511957
      3       1 0.004990 -0.006980 0.016961 1.828742 0.900000
      3       5 0.001560 -0.008194 0.011315 0.701632 0.900000
      3       8 0.008352 -0.007949 0.024653 2.247651 0.786241
      3       7 0.037790 -0.003007 0.078587 4.063383 0.095037
      3       4 0.003940 -0.045786 0.053666 0.347563 0.900000
      3       6 0.011187 -0.071411 0.093784 0.594115 0.900000
      2       1 0.000650 -0.008810 0.010109 0.301225 0.900000
      2       5 0.004080 -0.002350 0.010509 2.783547 0.556308
      2       8 0.013992 -0.000565 0.028549 4.216498 0.071131
      2       7 0.032150 -0.007982 0.072282 3.514215 0.238952
      2       4 0.001700 -0.047482 0.050882 0.151641 0.900000
      2       6 0.016827 -0.065444 0.099097 0.897197 0.900000
      1       5 0.003430 -0.007114 0.013975 1.426998 0.900000
      1       8 0.013343 -0.003443 0.030128 3.486898 0.248759
      1       7 0.032800 -0.008193 0.073792 3.509912 0.240477
      1       4 0.001051 -0.048836 0.050937 0.092378 0.900000
      1       6 0.016177 -0.066517 0.098871 0.858144 0.900000
      5       8 0.009912 -0.005372 0.025197 2.844918 0.529975
      5       7 0.036230 -0.004171 0.076631 3.933750 0.121171
      5       4 0.002380 -0.047022 0.051782 0.211305 0.900000
      5       6 0.012747 -0.069656 0.095149 0.678574 0.900000
      8       7 0.046142  0.003682 0.088602 4.767128 0.021416
      8       4 0.012292 -0.038807 0.063391 1.055229 0.900000
      8       6 0.002834 -0.080597 0.086266 0.149032 0.900000
      7       4 0.033850 -0.029473 0.097173 2.344963 0.744486
      7       6 0.048977 -0.042453 0.140406 2.349831 0.742399
      4       6 0.015127 -0.080622 0.110875 0.693018 0.900000

Main effect for sex:
 group1  group2     Diff    Lower    Upper   q-value  p-value
    0.0     1.0 0.033492 0.030944 0.036039 36.441829    0.001

Interaction effect between rs10462023_rs139459337 and sex:
  group1   group2     Diff     Lower    Upper   q-value  p-value
(0, 0.0) (0, 1.0) 0.032543  0.024595 0.040490 20.203070 0.001000
(0, 0.0) (3, 0.0) 0.006020 -0.007232 0.019271  2.241460 0.900000
(0, 0.0) (3, 1.0) 0.035094  0.020753 0.049435 12.074366 0.001000
(0, 0.0) (2, 0.0) 0.004293 -0.002819 0.011405  2.978356 0.783719
(0, 0.0) (2, 1.0) 0.035788  0.028290 0.043286 23.550608 0.001000
(0, 0.0) (1, 0.0) 0.004991 -0.009552 0.019533  1.693297 0.900000
(0, 0.0) (1, 1.0) 0.033072  0.017189 0.048956 10.273797 0.001000
(0, 0.0) (5, 0.0) 0.003982 -0.006022 0.013986  1.964029 0.900000
(0, 0.0) (5, 1.0) 0.036875  0.026018 0.047733 16.757839 0.001000
(0, 0.0) (8, 0.0) 0.008639 -0.013276 0.030555  1.945098 0.900000
(0, 0.0) (8, 1.0) 0.021107 -0.003730 0.045943  4.193220 0.217628
(0, 0.0) (7, 0.0) 0.032872 -0.031845 0.097589  2.506246 0.900000
(0, 0.0) (7, 1.0) 0.067076  0.004029 0.130123  5.249549 0.023479
(0, 0.0) (4, 0.0) 0.001268 -0.072414 0.074949  0.084888 0.900000
(0, 0.0) (4, 1.0) 0.039687 -0.044126 0.123500  2.336437 0.900000
(0, 0.0) (6, 0.0) 0.022189 -0.093624 0.138002  0.945382 0.900000
(0, 0.0) (6, 1.0) 0.043267 -0.110708 0.197242  1.386505 0.900000
(0, 1.0) (3, 0.0) 0.038562  0.025061 0.052064 14.092880 0.001000
(0, 1.0) (3, 1.0) 0.002552 -0.012021 0.017124  0.863989 0.900000
(0, 1.0) (2, 0.0) 0.028250  0.020682 0.035817 18.420200 0.001000
(0, 1.0) (2, 1.0) 0.003246 -0.004686 0.011177  2.019241 0.900000
(0, 1.0) (1, 0.0) 0.027552  0.012782 0.042322  9.203997 0.001000
(0, 1.0) (1, 1.0) 0.000530 -0.015563 0.016622  0.162419 0.900000
(0, 1.0) (5, 0.0) 0.036525  0.026192 0.046857 17.441444 0.001000
(0, 1.0) (5, 1.0) 0.004333 -0.006828 0.015494  1.915427 0.900000
(0, 1.0) (8, 0.0) 0.041182  0.019114 0.063249  9.208119 0.001000
(0, 1.0) (8, 1.0) 0.011436 -0.013535 0.036406  2.259725 0.900000
(0, 1.0) (7, 0.0) 0.000329 -0.064439 0.065098  0.025085 0.900000
(0, 1.0) (7, 1.0) 0.034534 -0.028566 0.097634  2.700427 0.900000
(0, 1.0) (4, 0.0) 0.033810 -0.039917 0.107537  2.262760 0.900000
(0, 1.0) (4, 1.0) 0.007145 -0.076708 0.090998  0.420409 0.900000
(0, 1.0) (6, 0.0) 0.054732 -0.061110 0.170574  2.331273 0.900000
(0, 1.0) (6, 1.0) 0.010724 -0.143273 0.164721  0.343616 0.900000
(3, 0.0) (3, 1.0) 0.041114  0.023092 0.059136 11.256502 0.001000
(3, 0.0) (2, 0.0) 0.010313 -0.002714 0.023340  3.906130 0.338403
(3, 0.0) (2, 1.0) 0.041808  0.028566 0.055050 15.578764 0.001000
(3, 0.0) (1, 0.0) 0.011010 -0.007172 0.029193  2.987910 0.779298
(3, 0.0) (1, 1.0) 0.039092  0.019820 0.058364 10.008720 0.001000
(3, 0.0) (5, 0.0) 0.002038 -0.012768 0.016843  0.679098 0.900000
(3, 0.0) (5, 1.0) 0.042895  0.027500 0.058290 13.748094 0.001000
(3, 0.0) (8, 0.0) 0.002619 -0.021863 0.027102  0.527908 0.900000
(3, 0.0) (8, 1.0) 0.027126 -0.000002 0.054255  4.933791 0.050049
(3, 0.0) (7, 0.0) 0.038892 -0.026739 0.104522  2.923926 0.808905
(3, 0.0) (7, 1.0) 0.073096  0.009111 0.137081  5.636835 0.008423
(3, 0.0) (4, 0.0) 0.004752 -0.069733 0.079238  0.314803 0.900000
(3, 0.0) (4, 1.0) 0.045707 -0.038814 0.130228  2.668304 0.900000
(3, 0.0) (6, 0.0) 0.016170 -0.100156 0.132496  0.685870 0.900000
(3, 0.0) (6, 1.0) 0.049287 -0.105075 0.203648  1.575460 0.900000
(3, 1.0) (2, 0.0) 0.030801  0.016667 0.044935 10.752900 0.001000
(3, 1.0) (2, 1.0) 0.000694 -0.013638 0.015026  0.238969 0.900000
(3, 1.0) (1, 0.0) 0.030104  0.011112 0.049095  7.821341 0.001000
(3, 1.0) (1, 1.0) 0.002022 -0.018015 0.022059  0.497916 0.900000
(3, 1.0) (5, 0.0) 0.039076  0.023288 0.054865 12.212204 0.001000
(3, 1.0) (5, 1.0) 0.001781 -0.014561 0.018123  0.537738 0.900000
(3, 1.0) (8, 0.0) 0.043733  0.018644 0.068823  8.600858 0.001000
(3, 1.0) (8, 1.0) 0.013988 -0.013690 0.041665  2.493634 0.900000
(3, 1.0) (7, 0.0) 0.002222 -0.063637 0.068082  0.166503 0.900000
(3, 1.0) (7, 1.0) 0.031982 -0.032237 0.096201  2.457308 0.900000
(3, 1.0) (4, 0.0) 0.036362 -0.038325 0.111049  2.402245 0.900000
(3, 1.0) (4, 1.0) 0.004593 -0.080106 0.089291  0.267563 0.900000
(3, 1.0) (6, 0.0) 0.057284 -0.059172 0.173739  2.427107 0.900000
(3, 1.0) (6, 1.0) 0.008173 -0.146286 0.162631  0.261075 0.900000
(2, 0.0) (2, 1.0) 0.031495  0.024402 0.038589 21.908278 0.001000
(2, 0.0) (1, 0.0) 0.000698 -0.013640 0.015036  0.240124 0.900000
(2, 0.0) (1, 1.0) 0.028779  0.013083 0.044476  9.046756 0.001000
(2, 0.0) (5, 0.0) 0.008275 -0.001430 0.017979  4.207334 0.212497
(2, 0.0) (5, 1.0) 0.032582  0.022000 0.043165 15.192413 0.001000
(2, 0.0) (8, 0.0) 0.012932 -0.008848 0.034712  2.929687 0.806238
(2, 0.0) (8, 1.0) 0.016814 -0.007903 0.041531  3.356479 0.608748
(2, 0.0) (7, 0.0) 0.028579 -0.036092 0.093250  2.180486 0.900000
(2, 0.0) (7, 1.0) 0.062783 -0.000217 0.125784  4.917237 0.052011
(2, 0.0) (4, 0.0) 0.005560 -0.068081 0.079202  0.372567 0.900000
(2, 0.0) (4, 1.0) 0.035394 -0.048384 0.119172  2.084588 0.900000
(2, 0.0) (6, 0.0) 0.026482 -0.089305 0.142270  1.128526 0.900000
(2, 0.0) (6, 1.0) 0.038974 -0.114982 0.192930  1.249095 0.900000
(2, 1.0) (1, 0.0) 0.030798  0.016264 0.045331 10.456081 0.001000
(2, 1.0) (1, 1.0) 0.002716 -0.013159 0.018591  0.844177 0.900000
(2, 1.0) (5, 0.0) 0.039770  0.029779 0.049762 19.641019 0.001000
(2, 1.0) (5, 1.0) 0.001087 -0.009759 0.011932  0.494490 0.900000
(2, 1.0) (8, 0.0) 0.044428  0.022518 0.066337 10.005481 0.001000
(2, 1.0) (8, 1.0) 0.014682 -0.010150 0.039513  2.917389 0.811930
(2, 1.0) (7, 0.0) 0.002917 -0.061798 0.067631  0.222371 0.900000
(2, 1.0) (7, 1.0) 0.031288 -0.031757 0.094333  2.448754 0.900000
(2, 1.0) (4, 0.0) 0.037056 -0.036624 0.110736  2.481571 0.900000
(2, 1.0) (4, 1.0) 0.003899 -0.079913 0.087710  0.229529 0.900000
(2, 1.0) (6, 0.0) 0.057978 -0.057834 0.173790  2.470165 0.900000
(2, 1.0) (6, 1.0) 0.007478 -0.146496 0.161453  0.239653 0.900000
(1, 0.0) (1, 1.0) 0.028082  0.007900 0.048263  6.865781 0.001000
(1, 0.0) (5, 0.0) 0.008973 -0.006999 0.024944  2.772053 0.879182
(1, 0.0) (5, 1.0) 0.031885  0.015365 0.048404  9.523784 0.001000
(1, 0.0) (8, 0.0) 0.013630 -0.011575 0.038835  2.668230 0.900000
(1, 0.0) (8, 1.0) 0.016116 -0.011666 0.043898  2.862277 0.837432
(1, 0.0) (7, 0.0) 0.027881 -0.038022 0.093785  2.087474 0.900000
(1, 0.0) (7, 1.0) 0.062086 -0.002179 0.126350  4.766924 0.073016
(1, 0.0) (4, 0.0) 0.006258 -0.068468 0.080984  0.413234 0.900000
(1, 0.0) (4, 1.0) 0.034696 -0.050036 0.119429  2.020465 0.900000
(1, 0.0) (6, 0.0) 0.027180 -0.089300 0.143660  1.151372 0.900000
(1, 0.0) (6, 1.0) 0.038276 -0.116201 0.192754  1.222589 0.900000
(1, 1.0) (5, 0.0) 0.037054  0.019853 0.054256 10.628987 0.001000
(1, 1.0) (5, 1.0) 0.003803 -0.013908 0.021514  1.059469 0.900000
(1, 1.0) (8, 0.0) 0.041711  0.015710 0.067713  7.915349 0.001000
(1, 1.0) (8, 1.0) 0.011966 -0.016542 0.040473  2.071083 0.900000
(1, 1.0) (7, 0.0) 0.000200 -0.066012 0.066413  0.014938 0.900000
(1, 1.0) (7, 1.0) 0.034004 -0.030577 0.098585  2.598019 0.900000
(1, 1.0) (4, 0.0) 0.034340 -0.040659 0.109338  2.259245 0.900000
(1, 1.0) (4, 1.0) 0.006615 -0.078358 0.091588  0.384107 0.900000
(1, 1.0) (6, 0.0) 0.055262 -0.061394 0.171917  2.337423 0.900000
(1, 1.0) (6, 1.0) 0.010195 -0.144415 0.164804  0.325349 0.900000
(5, 0.0) (5, 1.0) 0.040857  0.028150 0.053565 15.864219 0.001000
(5, 0.0) (8, 0.0) 0.004657 -0.018231 0.027546  1.003957 0.900000
(5, 0.0) (8, 1.0) 0.025089 -0.000610 0.050788  4.817009 0.065375
(5, 0.0) (7, 0.0) 0.036854 -0.028199 0.101907  2.795343 0.868407
(5, 0.0) (7, 1.0) 0.071058  0.007667 0.134450  5.530948 0.011261
(5, 0.0) (4, 0.0) 0.002714 -0.071262 0.076691  0.181055 0.900000
(5, 0.0) (4, 1.0) 0.043669 -0.040404 0.127742  2.562929 0.900000
(5, 0.0) (6, 0.0) 0.018207 -0.097794 0.134208  0.774467 0.900000
(5, 0.0) (6, 1.0) 0.047249 -0.106868 0.201366  1.512723 0.900000
(5, 1.0) (8, 0.0) 0.045514  0.022240 0.068789  9.649206 0.001000
(5, 1.0) (8, 1.0) 0.015769 -0.010275 0.041812  2.987536 0.779472
(5, 1.0) (7, 0.0) 0.004003 -0.061186 0.069193  0.303020 0.900000
(5, 1.0) (7, 1.0) 0.030201 -0.033331 0.093733  2.345563 0.900000
(5, 1.0) (4, 0.0) 0.038143 -0.035954 0.112240  2.539975 0.900000
(5, 1.0) (4, 1.0) 0.002812 -0.081367 0.086990  0.164818 0.900000
(5, 1.0) (6, 0.0) 0.059065 -0.057013 0.175142  2.510708 0.900000
(5, 1.0) (6, 1.0) 0.006392 -0.147783 0.160566  0.204557 0.900000
(8, 0.0) (8, 1.0) 0.029746 -0.002513 0.062005  4.549795 0.113993
(8, 0.0) (7, 0.0) 0.041511 -0.026401 0.109423  3.016011 0.766293
(8, 0.0) (7, 1.0) 0.075716  0.009393 0.142038  5.632987 0.008516
(8, 0.0) (4, 0.0) 0.007372 -0.069132 0.083875  0.475442 0.900000
(8, 0.0) (4, 1.0) 0.048326 -0.037978 0.134631  2.762917 0.883409
(8, 0.0) (6, 0.0) 0.013550 -0.104078 0.131179  0.568399 0.900000
(8, 0.0) (6, 1.0) 0.051906 -0.103439 0.207251  1.648682 0.900000
(8, 1.0) (7, 0.0) 0.011765 -0.057145 0.080675  0.842422 0.900000
(8, 1.0) (7, 1.0) 0.045970 -0.021375 0.113314  3.368107 0.603368
(8, 1.0) (4, 0.0) 0.022374 -0.055016 0.099765  1.426519 0.900000
(8, 1.0) (4, 1.0) 0.018580 -0.068512 0.105672  1.052674 0.900000
(8, 1.0) (6, 0.0) 0.043296 -0.074911 0.161504  1.807264 0.900000
(8, 1.0) (6, 1.0) 0.022160 -0.133624 0.177944  0.701885 0.900000
(7, 0.0) (7, 1.0) 0.034205 -0.055833 0.124242  1.874472 0.900000
(7, 0.0) (4, 0.0) 0.034139 -0.063640 0.131918  1.722771 0.900000
(7, 0.0) (4, 1.0) 0.006815 -0.098809 0.112439  0.318374 0.900000
(7, 0.0) (6, 0.0) 0.055061 -0.077394 0.187517  2.051134 0.900000
(7, 0.0) (6, 1.0) 0.010395 -0.156459 0.177249  0.307402 0.900000
(7, 1.0) (4, 0.0) 0.068344 -0.028338 0.165026  3.487962 0.547906
(7, 1.0) (4, 1.0) 0.027389 -0.077220 0.131998  1.291898 0.900000
(7, 1.0) (6, 0.0) 0.089266 -0.042382 0.220913  3.345720 0.613727
(7, 1.0) (6, 1.0) 0.023810 -0.142404 0.190023  0.706810 0.900000
(4, 0.0) (4, 1.0) 0.040955 -0.070388 0.152297  1.814932 0.900000
(4, 0.0) (6, 0.0) 0.020922 -0.116137 0.157981  0.753201 0.900000
(4, 0.0) (6, 1.0) 0.044534 -0.125997 0.215065  1.288575 0.900000
(4, 1.0) (6, 0.0) 0.061877 -0.080885 0.204638  2.138615 0.900000
(4, 1.0) (6, 1.0) 0.003580 -0.171567 0.178727  0.100848 0.900000
(6, 0.0) (6, 1.0) 0.065456 -0.127065 0.257978  1.677604 0.900000

----------------------------------------------------------------------------------------

Results for Shapiro-Wilk test to check for normality are: 

w is: 0.7218186855316162/ p-value is: 0.0
----------------------------------------------------------------------------------------

Results for Levene's test to check for equality of variance are: 

              Parameter   Value
    Test statistics (W) 40.1616
Degrees of freedom (Df) 17.0000
                p value  0.0000
----------------------------------------------------------------------------------------

Results for the scheirer Ray Hare Test -- to be used if ANOVA assumptions are violated: 

                               Df        Sum Sq           H   p.value
rs10462023_rs139459337          8  7.486443e+09   28.288213  0.000422
sex                             1  2.190729e+11  827.787098  0.000000
rs10462023_rs139459337:sex      8  1.545808e+09    5.840978  0.665039
Residuals                   60570  1.580600e+13         NaN       NaN
----------------------------------------------------------------------------------------

Results for follow-up Dunn's test between rs10462023_rs139459337 & sex and GAD7 are: 

   Comparison         Z  P.unadj   P.adj
0_0.0 - 0_1.0  15.39277  0.00000 0.00000
0_0.0 - 1_0.0   0.50828  0.61126 1.00000
0_1.0 - 1_0.0  -7.78233  0.00000 0.00000
0_0.0 - 1_1.0   8.02835  0.00000 0.00000
0_1.0 - 1_1.0   0.32186  0.74756 1.00000
1_0.0 - 1_1.0   5.95242  0.00000 0.00000
0_0.0 - 2_0.0   1.44853  0.14747 1.00000
0_1.0 - 2_0.0 -14.80570  0.00000 0.00000
1_0.0 - 2_0.0   0.20297  0.83916 1.00000
1_1.0 - 2_0.0  -7.46769  0.00000 0.00000
0_0.0 - 2_1.0  18.85605  0.00000 0.00000
0_1.0 - 2_1.0   2.40139  0.01633 1.00000
1_0.0 - 2_1.0   9.21978  0.00000 0.00000
1_1.0 - 2_1.0   0.87348  0.38240 1.00000
2_0.0 - 2_1.0  18.47965  0.00000 0.00000
0_0.0 - 3_0.0  -1.77626  0.07569 1.00000
0_1.0 - 3_0.0 -10.80461  0.00000 0.00000
1_0.0 - 3_0.0  -1.70108  0.08893 1.00000
1_1.0 - 3_0.0  -7.83819  0.00000 0.00000
2_0.0 - 3_0.0  -2.59771  0.00938 1.00000
2_1.0 - 3_0.0 -12.45490  0.00000 0.00000
0_0.0 - 3_1.0   8.66157  0.00000 0.00000
0_1.0 - 3_1.0   0.12889  0.89745 1.00000
1_0.0 - 3_1.0   6.15158  0.00000 0.00000
1_1.0 - 3_1.0  -0.16477  0.86913 1.00000
2_0.0 - 3_1.0   8.05980  0.00000 0.00000
2_1.0 - 3_1.0  -1.19788  0.23096 1.00000
3_0.0 - 3_1.0   8.19865  0.00000 0.00000
0_0.0 - 4_0.0  -0.18063  0.85666 1.00000
0_1.0 - 4_0.0  -1.83989  0.06578 1.00000
1_0.0 - 4_0.0  -0.27702  0.78176 1.00000
1_1.0 - 4_0.0  -1.87775  0.06042 1.00000
2_0.0 - 4_0.0  -0.32062  0.74850 1.00000
2_1.0 - 4_0.0  -2.09956  0.03577 1.00000
3_0.0 - 4_0.0   0.13733  0.89077 1.00000
3_1.0 - 4_0.0  -1.84138  0.06557 1.00000
0_0.0 - 4_1.0   1.99180  0.04639 1.00000
0_1.0 - 4_1.0   0.53187  0.59482 1.00000
1_0.0 - 4_1.0   1.88295  0.05971 1.00000
1_1.0 - 4_1.0   0.46390  0.64272 1.00000
2_0.0 - 4_1.0   1.86967  0.06153 1.00000
2_1.0 - 4_1.0   0.30488  0.76046 1.00000
3_0.0 - 4_1.0   2.25361  0.02422 1.00000
3_1.0 - 4_1.0   0.50439  0.61399 1.00000
4_0.0 - 4_1.0   1.61886  0.10548 1.00000
0_0.0 - 5_0.0  -2.00414  0.04506 1.00000
0_1.0 - 5_0.0 -13.78027  0.00000 0.00000
1_0.0 - 5_0.0  -1.71817  0.08576 1.00000
1_1.0 - 5_0.0  -8.57889  0.00000 0.00000
2_0.0 - 5_0.0  -3.12756  0.00176 0.26968
2_1.0 - 5_0.0 -16.15797  0.00000 0.00000
3_0.0 - 5_0.0   0.23562  0.81373 1.00000
3_1.0 - 5_0.0  -9.13761  0.00000 0.00000
4_0.0 - 5_0.0  -0.09112  0.92740 1.00000
4_1.0 - 5_0.0  -2.22413  0.02614 1.00000
0_0.0 - 5_1.0  11.95000  0.00000 0.00000
0_1.0 - 5_1.0   0.66378  0.50683 1.00000
1_0.0 - 5_1.0   7.40694  0.00000 0.00000
1_1.0 - 5_1.0   0.12585  0.89985 1.00000
2_0.0 - 5_1.0  11.28757  0.00000 0.00000
2_1.0 - 5_1.0  -1.07305  0.28325 1.00000
3_0.0 - 5_1.0   9.95686  0.00000 0.00000
3_1.0 - 5_1.0   0.33840  0.73506 1.00000
4_0.0 - 5_1.0   1.93068  0.05352 1.00000
4_1.0 - 5_1.0  -0.44180  0.65863 1.00000
5_0.0 - 5_1.0  11.78794  0.00000 0.00000
0_0.0 - 6_0.0   0.30121  0.76326 1.00000
0_1.0 - 6_0.0  -0.75496  0.45027 1.00000
1_0.0 - 6_0.0   0.23602  0.81341 1.00000
1_1.0 - 6_0.0  -0.79410  0.42714 1.00000
2_0.0 - 6_0.0   0.21230  0.83187 1.00000
2_1.0 - 6_0.0  -0.91962  0.35777 1.00000
3_0.0 - 6_0.0   0.50223  0.61551 1.00000
3_1.0 - 6_0.0  -0.76711  0.44301 1.00000
4_0.0 - 6_0.0   0.35162  0.72512 1.00000
4_1.0 - 6_0.0  -0.92500  0.35496 1.00000
5_0.0 - 6_0.0   0.47356  0.63581 1.00000
5_1.0 - 6_0.0  -0.81725  0.41379 1.00000
0_0.0 - 6_1.0   0.99431  0.32007 1.00000
0_1.0 - 6_1.0   0.19974  0.84168 1.00000
1_0.0 - 6_1.0   0.94323  0.34556 1.00000
1_1.0 - 6_1.0   0.16545  0.86859 1.00000
2_0.0 - 6_1.0   0.92752  0.35366 1.00000
2_1.0 - 6_1.0   0.07607  0.93936 1.00000
3_0.0 - 6_1.0   1.14431  0.25250 1.00000
3_1.0 - 6_1.0   0.18698  0.85167 1.00000
4_0.0 - 6_1.0   0.97582  0.32915 1.00000
4_1.0 - 6_1.0  -0.07902  0.93702 1.00000
5_0.0 - 6_1.0   1.12349  0.26123 1.00000
5_1.0 - 6_1.0   0.15146  0.87962 1.00000
6_0.0 - 6_1.0   0.61404  0.53919 1.00000
0_0.0 - 7_0.0   2.52310  0.01163 1.00000
0_1.0 - 7_0.0   0.63221  0.52725 1.00000
1_0.0 - 7_0.0   2.36552  0.01800 1.00000
1_1.0 - 7_0.0   0.54020  0.58906 1.00000
2_0.0 - 7_0.0   2.36559  0.01800 1.00000
2_1.0 - 7_0.0   0.33842  0.73504 1.00000
3_0.0 - 7_0.0   2.84662  0.00442 0.67605
3_1.0 - 7_0.0   0.59322  0.55303 1.00000
4_0.0 - 7_0.0   1.80608  0.07091 1.00000
4_1.0 - 7_0.0  -0.03457  0.97242 1.00000
5_0.0 - 7_0.0   2.81828  0.00483 0.73871
5_1.0 - 7_0.0   0.51448  0.60692 1.00000
6_0.0 - 7_0.0   0.96941  0.33234 1.00000
6_1.0 - 7_0.0   0.06106  0.95131 1.00000
0_0.0 - 7_1.0   4.20629  0.00003 0.00397
0_1.0 - 7_1.0   2.26393  0.02358 1.00000
1_0.0 - 7_1.0   4.01158  0.00006 0.00923
1_1.0 - 7_1.0   2.13181  0.03302 1.00000
2_0.0 - 7_1.0   4.04590  0.00005 0.00797
2_1.0 - 7_1.0   1.96380  0.04955 1.00000
3_0.0 - 7_1.0   4.51252  0.00001 0.00098
3_1.0 - 7_1.0   2.19523  0.02815 1.00000
4_0.0 - 7_1.0   2.88061  0.00397 0.60727
4_1.0 - 7_1.0   0.93926  0.34760 1.00000
5_0.0 - 7_1.0   4.49969  0.00001 0.00104
5_1.0 - 7_1.0   2.13192  0.03301 1.00000
6_0.0 - 7_1.0   1.74944  0.08021 1.00000
6_1.0 - 7_1.0   0.67440  0.50005 1.00000
7_0.0 - 7_1.0   1.13183  0.25771 1.00000
0_0.0 - 8_0.0  -0.14281  0.88644 1.00000
0_1.0 - 8_0.0  -5.68574  0.00000 0.00000
1_0.0 - 8_0.0  -0.41743  0.67636 1.00000
1_1.0 - 8_0.0  -5.02463  0.00000 0.00008
2_0.0 - 8_0.0  -0.61668  0.53744 1.00000
2_1.0 - 8_0.0  -6.59605  0.00000 0.00000
3_0.0 - 8_0.0   0.83359  0.40451 1.00000
3_1.0 - 8_0.0  -5.07578  0.00000 0.00006
4_0.0 - 8_0.0   0.13306  0.89415 1.00000
4_1.0 - 8_0.0  -1.97057  0.04877 1.00000
5_0.0 - 8_0.0   0.73924  0.45976 1.00000
5_1.0 - 8_0.0  -5.70924  0.00000 0.00000
6_0.0 - 8_0.0  -0.32317  0.74657 1.00000
6_1.0 - 8_0.0  -1.00569  0.31457 1.00000
7_0.0 - 8_0.0  -2.45047  0.01427 1.00000
7_1.0 - 8_0.0  -4.04572  0.00005 0.00798
0_0.0 - 8_1.0   3.83708  0.00012 0.01905
0_1.0 - 8_1.0  -1.08289  0.27886 1.00000
1_0.0 - 8_1.0   3.16419  0.00156 0.23794
1_1.0 - 8_1.0  -1.13024  0.25837 1.00000
2_0.0 - 8_1.0   3.43879  0.00058 0.08940
2_1.0 - 8_1.0  -1.85600  0.06345 1.00000
3_0.0 - 8_1.0   4.38050  0.00001 0.00181
3_1.0 - 8_1.0  -1.04485  0.29609 1.00000
4_0.0 - 8_1.0   1.40338  0.16050 1.00000
4_1.0 - 8_1.0  -0.82257  0.41075 1.00000
5_0.0 - 8_1.0   4.48844  0.00001 0.00110
5_1.0 - 8_1.0  -1.32276  0.18592 1.00000
6_0.0 - 8_1.0   0.51110  0.60928 1.00000
6_1.0 - 8_1.0  -0.37102  0.71062 1.00000
7_0.0 - 8_1.0  -0.98661  0.32383 1.00000
7_1.0 - 8_1.0  -2.52277  0.01164 1.00000
8_0.0 - 8_1.0   3.05120  0.00228 0.34873

----------------------------------------------------------------------------------------

