----------------------------------------------------------------------------------------

Results for one way ANOVA between rs10462023_rs1801260 and GAD7 are: 

                              df       sum_sq   mean_sq         F    PR(>F)
C(rs10462023_rs1801260)      8.0     0.287384  0.035923  1.404867  0.188551
Residual                 60579.0  1549.026875  0.025570       NaN       NaN
----------------------------------------------------------------------------------------

Results for follow-up Tukey test between rs10462023_rs1801260 and GAD7 are: 

    group1  group2      Diff     Lower     Upper   q-value   p-value
0        1       2  0.001343 -0.005240  0.007925  0.894888  0.900000
1        1       0  0.001929 -0.004962  0.008820  1.227873  0.900000
2        1       3  0.002250 -0.004795  0.009295  1.400877  0.900000
3        1       5  0.005487 -0.003362  0.014336  2.719945  0.583597
4        1       8  0.000619 -0.009277  0.010515  0.274486  0.900000
5        1       4  0.000800 -0.012643  0.014243  0.261063  0.900000
6        1       6  0.000966 -0.019618  0.021550  0.205812  0.900000
7        1       7  0.002012 -0.010070  0.014094  0.730589  0.900000
8        2       0  0.003272 -0.002710  0.009253  2.399336  0.721158
9        2       3  0.000907 -0.005252  0.007066  0.646072  0.900000
10       2       5  0.006830 -0.001331  0.014991  3.671082  0.187933
11       2       8  0.001962 -0.007324  0.011248  0.926885  0.900000
12       2       4  0.000543 -0.012457  0.013543  0.183160  0.900000
13       2       6  0.000377 -0.019920  0.020675  0.081493  0.900000
14       2       7  0.000669 -0.010918  0.012257  0.253408  0.900000
15       0       3  0.004179 -0.002309  0.010666  2.825600  0.538262
16       0       5  0.003558 -0.004854  0.011970  1.855520  0.900000
17       0       8  0.001310 -0.008197  0.010816  0.604270  0.900000
18       0       4  0.002729 -0.010430  0.015888  0.909679  0.900000
19       0       6  0.002895 -0.017505  0.023294  0.622435  0.900000
20       0       7  0.003941 -0.007824  0.015706  1.469409  0.900000
21       3       5  0.007737 -0.000802  0.016275  3.974698  0.112411
22       3       8  0.002869 -0.006750  0.012488  1.308381  0.900000
23       3       4  0.001450 -0.011791  0.014690  0.480352  0.900000
24       3       6  0.001284 -0.019168  0.021736  0.275426  0.900000
25       3       7  0.000238 -0.011619  0.012094  0.087944  0.900000
26       5       8  0.004868 -0.006142  0.015877  1.939525  0.900000
27       5       4  0.006287 -0.007995  0.020569  1.930965  0.900000
28       5       6  0.006453 -0.014689  0.027594  1.338851  0.900000
29       5       7  0.007499 -0.005510  0.020508  2.528637  0.665680
30       8       4  0.001419 -0.013534  0.016373  0.416340  0.900000
31       8       6  0.001585 -0.020016  0.023186  0.321875  0.900000
32       8       7  0.002631 -0.011111  0.016374  0.839936  0.900000
33       4       6  0.000166 -0.023273  0.023604  0.031017  0.900000
34       4       7  0.001212 -0.015269  0.017694  0.322626  0.900000
35       6       7  0.001046 -0.021639  0.023732  0.202350  0.900000
----------------------------------------------------------------------------------------

Results for Shapiro-Wilk test to check for normality are: 

w is: 0.6863486170768738/ p-value is: 0.0
----------------------------------------------------------------------------------------

Results for Levene's test to check for equality of variance are: 

              Parameter  Value
    Test statistics (W) 1.1864
Degrees of freedom (Df) 8.0000
                p value 0.3026
----------------------------------------------------------------------------------------

Results for the Kruskal-Wallis Test -- to be used if ANOVA assumptions are violated: 

statistic: 15.550224567207028/ p-value is: 0.049289298765441546
----------------------------------------------------------------------------------------

The p-value is lower than alpha; hence, no follow-up test was conducted for Kruskal test
----------------------------------------------------------------------------------------

