----------------------------------------------------------------------------------------

Results for two way ANOVA between rs1801260_rs139459337&sex and GAD7 are: 

                                      df       sum_sq   mean_sq           F        PR(>F)
C(rs1801260_rs139459337)             8.0     0.169969  0.021246    0.839870  5.672406e-01
C(sex)                               1.0     8.175060  8.175060  323.165024  4.562424e-72
C(rs1801260_rs139459337):C(sex)      8.0     0.040714  0.005089    0.201182  9.907365e-01
Residual                         60570.0  1532.230753  0.025297         NaN           NaN
----------------------------------------------------------------------------------------

Results for follow-up Tukey test between rs1801260_rs139459337 & sex and GAD7 are: 

Main effect for rs1801260_rs139459337:
 group1  group2     Diff     Lower    Upper  q-value  p-value
      2       1 0.003739 -0.004506 0.011983 1.989138 0.897156
      2       0 0.002144 -0.002396 0.006684 2.072042 0.861587
      2       3 0.003243 -0.006214 0.012699 1.504202 0.900000
      2       5 0.001688 -0.007140 0.010516 0.838719 0.900000
      2       7 0.010974 -0.036407 0.058355 1.016030 0.900000
      2       8 0.010334 -0.010236 0.030904 2.203710 0.805095
      2       4 0.019258 -0.020020 0.058536 2.150824 0.827785
      2       6 0.006252 -0.101461 0.113965 0.254610 0.900000
      1       0 0.001594 -0.006444 0.009633 0.869968 0.900000
      1       3 0.000496 -0.011055 0.012047 0.188342 0.900000
      1       5 0.005426 -0.005616 0.016469 2.155709 0.825689
      1       7 0.014713 -0.033130 0.062556 1.349006 0.900000
      1       8 0.006595 -0.015018 0.028208 1.338543 0.900000
      1       4 0.022997 -0.016837 0.062831 2.532499 0.664021
      1       6 0.009990 -0.097927 0.117908 0.406098 0.900000
      0       3 0.001098 -0.008179 0.010375 0.519297 0.900000
      0       5 0.003832 -0.004803 0.012467 1.946785 0.900000
      0       7 0.013119 -0.034227 0.060464 1.215479 0.900000
      0       8 0.008189 -0.012299 0.028677 1.753373 0.900000
      0       4 0.021403 -0.017832 0.060638 2.392929 0.723907
      0       6 0.008396 -0.099301 0.116094 0.341993 0.900000
      3       5 0.004930 -0.007044 0.016905 1.806255 0.900000
      3       7 0.014217 -0.033850 0.062284 1.297468 0.900000
      3       8 0.007091 -0.015013 0.029195 1.407257 0.900000
      3       4 0.022501 -0.017602 0.062604 2.461304 0.694567
      3       6 0.009495 -0.098522 0.117511 0.385583 0.900000
      5       7 0.009286 -0.038661 0.057233 0.849616 0.900000
      5       8 0.012021 -0.009821 0.033864 2.414332 0.714723
      5       4 0.017570 -0.022388 0.057529 1.928882 0.900000
      5       6 0.004564 -0.103399 0.112527 0.185442 0.900000
      7       8 0.021308 -0.030113 0.072729 1.817759 0.900000
      7       4 0.008284 -0.053065 0.069633 0.592339 0.900000
      7       6 0.004722 -0.112849 0.122294 0.176195 0.900000
      8       4 0.029592 -0.014475 0.073659 2.945740 0.486086
      8       6 0.016585 -0.092965 0.126136 0.664125 0.900000
      4       6 0.013006 -0.101540 0.127553 0.498096 0.900000

Main effect for sex:
 group1  group2     Diff    Lower   Upper   q-value  p-value
    0.0     1.0 0.033492 0.030944 0.03604 36.435773    0.001

Interaction effect between rs1801260_rs139459337 and sex:
  group1   group2     Diff     Lower    Upper   q-value  p-value
(2, 0.0) (2, 1.0) 0.032292  0.024467 0.040117 20.362205 0.001000
(2, 0.0) (1, 0.0) 0.004813 -0.007674 0.017299  1.901831 0.900000
(2, 0.0) (1, 1.0) 0.030169  0.016535 0.043804 10.917889 0.001000
(2, 0.0) (0, 0.0) 0.002705 -0.004166 0.009576  1.942659 0.900000
(2, 0.0) (0, 1.0) 0.031567  0.024332 0.038802 21.527725 0.001000
(2, 0.0) (3, 0.0) 0.004216 -0.010154 0.018586  1.447688 0.900000
(2, 0.0) (3, 1.0) 0.030199  0.014566 0.045831  9.531977 0.001000
(2, 0.0) (5, 0.0) 0.002857 -0.010385 0.016099  1.064627 0.900000
(2, 0.0) (5, 1.0) 0.033692  0.018880 0.048504 11.223401 0.001000
(2, 0.0) (7, 0.0) 0.005583 -0.069428 0.080594  0.367269 0.900000
(2, 0.0) (7, 1.0) 0.045907 -0.029792 0.121606  2.992324 0.777255
(2, 0.0) (8, 0.0) 0.010263 -0.020872 0.041398  1.626501 0.900000
(2, 0.0) (8, 1.0) 0.022164 -0.012328 0.056656  3.170656 0.694737
(2, 0.0) (4, 0.0) 0.010453 -0.048935 0.069842  0.868505 0.900000
(2, 0.0) (4, 1.0) 0.062836 -0.003231 0.128903  4.692869 0.085414
(2, 0.0) (6, 0.0) 0.018570 -0.148829 0.185970  0.547372 0.900000
(2, 0.0) (6, 1.0) 0.023332 -0.152230 0.198894  0.655757 0.900000
(2, 1.0) (1, 0.0) 0.037105  0.024384 0.049826 14.391938 0.001000
(2, 1.0) (1, 1.0) 0.002123 -0.011727 0.015973  0.756349 0.900000
(2, 1.0) (0, 0.0) 0.034997  0.027709 0.042286 23.691297 0.001000
(2, 1.0) (0, 1.0) 0.000725 -0.006908 0.008358  0.468753 0.900000
(2, 1.0) (3, 0.0) 0.036508  0.021934 0.051082 12.360256 0.001000
(2, 1.0) (3, 1.0) 0.002094 -0.013727 0.017914  0.652969 0.900000
(2, 1.0) (5, 0.0) 0.029435  0.015971 0.042899 10.787478 0.001000
(2, 1.0) (5, 1.0) 0.001400 -0.013611 0.016411  0.460192 0.900000
(2, 1.0) (7, 0.0) 0.026709 -0.048341 0.101759  1.755985 0.900000
(2, 1.0) (7, 1.0) 0.013615 -0.062123 0.089353  0.886994 0.900000
(2, 1.0) (8, 0.0) 0.042555  0.011326 0.073785  6.723629 0.001000
(2, 1.0) (8, 1.0) 0.010128 -0.024450 0.044706  1.445251 0.900000
(2, 1.0) (4, 0.0) 0.021839 -0.037600 0.081277  1.812916 0.900000
(2, 1.0) (4, 1.0) 0.030544 -0.035568 0.096656  2.279597 0.900000
(2, 1.0) (6, 0.0) 0.013722 -0.153695 0.181139  0.404419 0.900000
(2, 1.0) (6, 1.0) 0.008960 -0.166619 0.184539  0.251798 0.900000
(1, 0.0) (1, 1.0) 0.034982  0.018056 0.051908 10.197624 0.001000
(1, 0.0) (0, 0.0) 0.002108 -0.010050 0.014265  0.855345 0.900000
(1, 0.0) (0, 1.0) 0.036380  0.024013 0.048747 14.514678 0.001000
(1, 0.0) (3, 0.0) 0.000597 -0.016927 0.018121  0.168031 0.900000
(1, 0.0) (3, 1.0) 0.035011  0.016438 0.053585  9.301202 0.001000
(1, 0.0) (5, 0.0) 0.007670 -0.008942 0.024282  2.278216 0.900000
(1, 0.0) (5, 1.0) 0.038505  0.020616 0.056394 10.620813 0.001000
(1, 0.0) (7, 0.0) 0.010396 -0.065282 0.086075  0.677822 0.900000
(1, 0.0) (7, 1.0) 0.050720 -0.025640 0.127080  3.277389 0.645344
(1, 0.0) (8, 0.0) 0.005450 -0.027260 0.038161  0.822169 0.900000
(1, 0.0) (8, 1.0) 0.026977 -0.008944 0.062898  3.705650 0.443445
(1, 0.0) (4, 0.0) 0.015266 -0.044963 0.075496  1.250658 0.900000
(1, 0.0) (4, 1.0) 0.067649  0.000824 0.134473  4.995077 0.043554
(1, 0.0) (6, 0.0) 0.023383 -0.144316 0.191083  0.687999 0.900000
(1, 0.0) (6, 1.0) 0.028145 -0.147703 0.203993  0.789734 0.900000
(1, 1.0) (0, 0.0) 0.032874  0.019540 0.046209 12.164977 0.001000
(1, 1.0) (0, 1.0) 0.001398 -0.012128 0.014923  0.509951 0.900000
(1, 1.0) (3, 0.0) 0.034385  0.016026 0.052745  9.241171 0.001000
(1, 1.0) (3, 1.0) 0.000029 -0.019334 0.019393  0.007495 0.900000
(1, 1.0) (5, 0.0) 0.027312  0.009821 0.044803  7.704664 0.001000
(1, 1.0) (5, 1.0) 0.003523 -0.015185 0.022231  0.929179 0.900000
(1, 1.0) (7, 0.0) 0.024586 -0.051290 0.100462  1.598810 0.900000
(1, 1.0) (7, 1.0) 0.015738 -0.060819 0.092295  1.014341 0.900000
(1, 1.0) (8, 0.0) 0.040432  0.007267 0.073598  6.015298 0.002813
(1, 1.0) (8, 1.0) 0.008005 -0.028331 0.044341  1.087033 0.900000
(1, 1.0) (4, 0.0) 0.019716 -0.040762 0.080194  1.608543 0.900000
(1, 1.0) (4, 1.0) 0.032667 -0.034382 0.099715  2.404001 0.900000
(1, 1.0) (6, 0.0) 0.011599 -0.156190 0.179388  0.341091 0.900000
(1, 1.0) (6, 1.0) 0.006837 -0.169097 0.182771  0.191749 0.900000
(0, 0.0) (0, 1.0) 0.034272  0.027621 0.040924 25.423022 0.001000
(0, 0.0) (3, 0.0) 0.001511 -0.012574 0.015596  0.529257 0.900000
(0, 0.0) (3, 1.0) 0.032904  0.017533 0.048275 10.562478 0.001000
(0, 0.0) (5, 0.0) 0.005562 -0.007370 0.018495  2.122263 0.900000
(0, 0.0) (5, 1.0) 0.036397  0.021861 0.050934 12.354868 0.001000
(0, 0.0) (7, 0.0) 0.008289 -0.066668 0.083245  0.545613 0.900000
(0, 0.0) (7, 1.0) 0.048612 -0.027033 0.124258  3.170900 0.694623
(0, 0.0) (8, 0.0) 0.007558 -0.023447 0.038562  1.202815 0.900000
(0, 0.0) (8, 1.0) 0.024869 -0.009505 0.059244  3.569828 0.510023
(0, 0.0) (4, 0.0) 0.013159 -0.046162 0.072479  1.094524 0.900000
(0, 0.0) (4, 1.0) 0.065541 -0.000465 0.131547  4.899460 0.054197
(0, 0.0) (6, 0.0) 0.021276 -0.146100 0.188651  0.627202 0.900000
(0, 0.0) (6, 1.0) 0.026037 -0.149501 0.201576  0.731885 0.900000
(0, 1.0) (3, 0.0) 0.035783  0.021517 0.050049 12.376324 0.001000
(0, 1.0) (3, 1.0) 0.001368 -0.014169 0.016905  0.434583 0.900000
(0, 1.0) (5, 0.0) 0.028710  0.015580 0.041839 10.789421 0.001000
(0, 1.0) (5, 1.0) 0.002125 -0.012587 0.016837  0.712751 0.900000
(0, 1.0) (7, 0.0) 0.025984 -0.049007 0.100975  1.709658 0.900000
(0, 1.0) (7, 1.0) 0.014340 -0.061339 0.090019  0.934961 0.900000
(0, 1.0) (8, 0.0) 0.041830  0.010743 0.072917  6.639363 0.001000
(0, 1.0) (8, 1.0) 0.009403 -0.025046 0.043852  1.346785 0.900000
(0, 1.0) (4, 0.0) 0.021114 -0.038250 0.080477  1.754926 0.900000
(0, 1.0) (4, 1.0) 0.031269 -0.034776 0.097314  2.336094 0.900000
(0, 1.0) (6, 0.0) 0.012997 -0.154394 0.180387  0.383108 0.900000
(0, 1.0) (6, 1.0) 0.008235 -0.167319 0.183788  0.231453 0.900000
(3, 0.0) (3, 1.0) 0.034415  0.014527 0.054303  8.538202 0.001000
(3, 0.0) (5, 0.0) 0.007073 -0.010997 0.025143  1.931418 0.900000
(3, 0.0) (5, 1.0) 0.037908  0.018658 0.057159  9.716564 0.001000
(3, 0.0) (7, 0.0) 0.009799 -0.066213 0.085811  0.636111 0.900000
(3, 0.0) (7, 1.0) 0.050123 -0.026568 0.126814  3.224873 0.669645
(3, 0.0) (8, 0.0) 0.006047 -0.027427 0.039522  0.891365 0.900000
(3, 0.0) (8, 1.0) 0.026380 -0.010238 0.062998  3.554684 0.517031
(3, 0.0) (4, 0.0) 0.014669 -0.045979 0.075318  1.193479 0.900000
(3, 0.0) (4, 1.0) 0.067052 -0.000150 0.134254  4.923214 0.051294
(3, 0.0) (6, 0.0) 0.022786 -0.145064 0.190637  0.669838 0.900000
(3, 0.0) (6, 1.0) 0.027548 -0.148444 0.203540  0.772358 0.900000
(3, 1.0) (5, 0.0) 0.027341  0.008252 0.046431  7.067197 0.001000
(3, 1.0) (5, 1.0) 0.003494 -0.016717 0.023704  0.852932 0.900000
(3, 1.0) (7, 0.0) 0.024615 -0.051645 0.100876  1.592657 0.900000
(3, 1.0) (7, 1.0) 0.015709 -0.061229 0.092646  1.007433 0.900000
(3, 1.0) (8, 0.0) 0.040462  0.006426 0.074498  5.865805 0.004387
(3, 1.0) (8, 1.0) 0.008034 -0.029097 0.045166  1.067645 0.900000
(3, 1.0) (4, 0.0) 0.019745 -0.041214 0.080705  1.598220 0.900000
(3, 1.0) (4, 1.0) 0.032637 -0.034846 0.100120  2.386369 0.900000
(3, 1.0) (6, 0.0) 0.011628 -0.156335 0.179591  0.341601 0.900000
(3, 1.0) (6, 1.0) 0.006866 -0.169233 0.182966  0.192392 0.900000
(5, 0.0) (5, 1.0) 0.030835  0.012411 0.049259  8.258089 0.001000
(5, 0.0) (7, 0.0) 0.002726 -0.073081 0.078533  0.177442 0.900000
(5, 0.0) (7, 1.0) 0.043050 -0.033438 0.119538  2.777150 0.876824
(5, 0.0) (8, 0.0) 0.013120 -0.019886 0.046127  1.961405 0.900000
(5, 0.0) (8, 1.0) 0.019307 -0.016883 0.055497  2.632324 0.900000
(5, 0.0) (4, 0.0) 0.007596 -0.052795 0.067987  0.620649 0.900000
(5, 0.0) (4, 1.0) 0.059979 -0.006991 0.126948  4.419131 0.145629
(5, 0.0) (6, 0.0) 0.015713 -0.152044 0.183471  0.462167 0.900000
(5, 0.0) (6, 1.0) 0.020475 -0.155429 0.196379  0.574338 0.900000
(5, 1.0) (7, 0.0) 0.028109 -0.047988 0.104206  1.822613 0.900000
(5, 1.0) (7, 1.0) 0.012215 -0.064560 0.088990  0.785038 0.900000
(5, 1.0) (8, 0.0) 0.043955  0.010288 0.077622  6.442061 0.001000
(5, 1.0) (8, 1.0) 0.011528 -0.025266 0.048322  1.545943 0.900000
(5, 1.0) (4, 0.0) 0.023239 -0.037516 0.083993  1.887347 0.900000
(5, 1.0) (4, 1.0) 0.029144 -0.038154 0.096441  2.136792 0.900000
(5, 1.0) (6, 0.0) 0.015122 -0.152767 0.183011  0.444428 0.900000
(5, 1.0) (6, 1.0) 0.010360 -0.165669 0.186389  0.290397 0.900000
(7, 0.0) (7, 1.0) 0.040324 -0.065985 0.146633  1.871582 0.900000
(7, 0.0) (8, 0.0) 0.015847 -0.065028 0.096721  0.966807 0.900000
(7, 0.0) (8, 1.0) 0.016581 -0.065645 0.098806  0.994991 0.900000
(7, 0.0) (4, 0.0) 0.004870 -0.090515 0.100255  0.251928 0.900000
(7, 0.0) (4, 1.0) 0.057253 -0.042428 0.156933  2.834015 0.850509
(7, 0.0) (6, 0.0) 0.012987 -0.170299 0.196273  0.349620 0.900000
(7, 0.0) (6, 1.0) 0.017749 -0.173021 0.208519  0.459069 0.900000
(7, 1.0) (8, 0.0) 0.056170 -0.025343 0.137684  3.400146 0.588540
(7, 1.0) (8, 1.0) 0.023743 -0.059111 0.106597  1.413973 0.900000
(7, 1.0) (4, 0.0) 0.035454 -0.060473 0.131381  1.823635 0.900000
(7, 1.0) (4, 1.0) 0.016929 -0.083271 0.117128  0.833637 0.900000
(7, 1.0) (6, 0.0) 0.027337 -0.156232 0.210906  0.734796 0.900000
(7, 1.0) (6, 1.0) 0.022575 -0.168467 0.213617  0.583063 0.900000
(8, 0.0) (8, 1.0) 0.032427 -0.013439 0.078294  3.488433 0.547690
(8, 0.0) (4, 0.0) 0.020717 -0.045925 0.087358  1.533885 0.900000
(8, 0.0) (4, 1.0) 0.073099  0.000443 0.145756  4.964271 0.046733
(8, 0.0) (6, 0.0) 0.028834 -0.141274 0.198941  0.836357 0.900000
(8, 0.0) (6, 1.0) 0.033595 -0.144551 0.211742  0.930510 0.900000
(8, 1.0) (4, 0.0) 0.011711 -0.056564 0.079985  0.846339 0.900000
(8, 1.0) (4, 1.0) 0.040672 -0.033485 0.114829  2.706179 0.900000
(8, 1.0) (6, 0.0) 0.003594 -0.167160 0.174348  0.103851 0.900000
(8, 1.0) (6, 1.0) 0.001168 -0.177596 0.179932  0.032239 0.900000
(4, 0.0) (4, 1.0) 0.052382 -0.036142 0.140907  2.919710 0.810858
(4, 0.0) (6, 0.0) 0.008117 -0.169349 0.185583  0.225679 0.900000
(4, 0.0) (6, 1.0) 0.012879 -0.172307 0.198064  0.343151 0.900000
(4, 1.0) (6, 0.0) 0.044266 -0.135546 0.224077  1.214693 0.900000
(4, 1.0) (6, 1.0) 0.039504 -0.147931 0.226938  1.039935 0.900000
(6, 0.0) (6, 1.0) 0.004762 -0.237703 0.247227  0.096906 0.900000

----------------------------------------------------------------------------------------

Results for Shapiro-Wilk test to check for normality are: 

w is: 0.7187848091125488/ p-value is: 0.0
----------------------------------------------------------------------------------------

Results for Levene's test to check for equality of variance are: 

              Parameter   Value
    Test statistics (W) 39.0958
Degrees of freedom (Df) 17.0000
                p value  0.0000
----------------------------------------------------------------------------------------

Results for the scheirer Ray Hare Test -- to be used if ANOVA assumptions are violated: 

                              Df        Sum Sq           H   p.value
rs1801260_rs139459337          8  3.852383e+09   14.556584  0.068363
sex                            1  2.192146e+11  828.322372  0.000000
rs1801260_rs139459337:sex      8  4.288828e+08    1.620573  0.990520
Residuals                  60570  1.581075e+13         NaN       NaN
----------------------------------------------------------------------------------------

Results for follow-up Dunn's test between rs1801260_rs139459337 & sex and GAD7 are: 

   Comparison         Z  P.unadj   P.adj
0_0.0 - 0_1.0  19.59446  0.00000 0.00000
0_0.0 - 1_0.0  -0.90883  0.36344 1.00000
0_1.0 - 1_0.0 -11.43235  0.00000 0.00000
0_0.0 - 1_1.0   9.21751  0.00000 0.00000
0_1.0 - 1_1.0  -0.54929  0.58281 1.00000
1_0.0 - 1_1.0   7.91410  0.00000 0.00000
0_0.0 - 2_0.0   0.62115  0.53450 1.00000
0_1.0 - 2_0.0 -17.42425  0.00000 0.00000
1_0.0 - 2_0.0   1.22670  0.21993 1.00000
1_1.0 - 2_0.0  -8.70135  0.00000 0.00000
0_0.0 - 2_1.0  18.30882  0.00000 0.00000
0_1.0 - 2_1.0   0.40813  0.68318 1.00000
1_0.0 - 2_1.0  11.35903  0.00000 0.00000
1_1.0 - 2_1.0   0.76135  0.44645 1.00000
2_0.0 - 2_1.0  16.50892  0.00000 0.00000
0_0.0 - 3_0.0  -0.01939  0.98453 1.00000
0_1.0 - 3_0.0  -9.15529  0.00000 0.00000
1_0.0 - 3_0.0   0.61495  0.53859 1.00000
1_1.0 - 3_0.0  -6.70934  0.00000 0.00000
2_0.0 - 3_0.0  -0.31602  0.75199 1.00000
2_1.0 - 3_0.0  -9.17555  0.00000 0.00000
0_0.0 - 3_1.0   8.02986  0.00000 0.00000
0_1.0 - 3_1.0  -0.44479  0.65647 1.00000
1_0.0 - 3_1.0   7.24027  0.00000 0.00000
1_1.0 - 3_1.0   0.02678  0.97864 1.00000
2_0.0 - 3_1.0   7.62257  0.00000 0.00000
2_1.0 - 3_1.0  -0.63375  0.52625 1.00000
3_0.0 - 3_1.0   6.21974  0.00000 0.00000
0_0.0 - 4_0.0   1.10679  0.26839 1.00000
0_1.0 - 4_0.0  -1.08958  0.27590 1.00000
1_0.0 - 4_0.0   1.27353  0.20283 1.00000
1_1.0 - 4_0.0  -0.94666  0.34381 1.00000
2_0.0 - 4_0.0   1.03365  0.30130 1.00000
2_1.0 - 4_0.0  -1.14062  0.25403 1.00000
3_0.0 - 4_0.0   1.08706  0.27701 1.00000
3_1.0 - 4_0.0  -0.94769  0.34329 1.00000
0_0.0 - 4_1.0   3.92609  0.00009 0.01321
0_1.0 - 4_1.0   1.95032  0.05114 1.00000
1_0.0 - 4_1.0   4.04336  0.00005 0.00806
1_1.0 - 4_1.0   2.03194  0.04216 1.00000
2_0.0 - 4_1.0   3.85784  0.00011 0.01750
2_1.0 - 4_1.0   1.90122  0.05727 1.00000
3_0.0 - 4_1.0   3.86030  0.00011 0.01733
3_1.0 - 4_1.0   2.01117  0.04431 1.00000
4_0.0 - 4_1.0   2.18573  0.02884 1.00000
0_0.0 - 5_0.0   1.11499  0.26485 1.00000
0_1.0 - 5_0.0  -8.82871  0.00000 0.00000
1_0.0 - 5_0.0   1.53318  0.12523 1.00000
1_1.0 - 5_0.0  -6.20245  0.00000 0.00000
2_0.0 - 5_0.0   0.76662  0.44331 1.00000
2_1.0 - 5_0.0  -8.84104  0.00000 0.00000
3_0.0 - 5_0.0   0.81310  0.41616 1.00000
3_1.0 - 5_0.0  -5.71032  0.00000 0.00000
4_0.0 - 5_0.0  -0.84840  0.39622 1.00000
4_1.0 - 5_0.0  -3.65428  0.00026 0.03946
0_0.0 - 5_1.0  10.60540  0.00000 0.00000
0_1.0 - 5_1.0   1.61946  0.10535 1.00000
1_0.0 - 5_1.0   9.23555  0.00000 0.00000
1_1.0 - 5_1.0   1.67064  0.09479 1.00000
2_0.0 - 5_1.0  10.11956  0.00000 0.00000
2_1.0 - 5_1.0   1.37967  0.16769 1.00000
3_0.0 - 5_1.0   8.02246  0.00000 0.00000
3_1.0 - 5_1.0   1.52081  0.12831 1.00000
4_0.0 - 5_1.0   1.45679  0.14517 1.00000
4_1.0 - 5_1.0  -1.55999  0.11876 1.00000
5_0.0 - 5_1.0   7.58483  0.00000 0.00000
0_0.0 - 6_0.0   0.47647  0.63374 1.00000
0_1.0 - 6_0.0  -0.30221  0.76249 1.00000
1_0.0 - 6_0.0   0.54144  0.58821 1.00000
1_1.0 - 6_0.0  -0.25722  0.79701 1.00000
2_0.0 - 6_0.0   0.45091  0.65206 1.00000
2_1.0 - 6_0.0  -0.32077  0.74838 1.00000
3_0.0 - 6_0.0   0.47675  0.63354 1.00000
3_1.0 - 6_0.0  -0.26004  0.79484 1.00000
4_0.0 - 6_0.0   0.07942  0.93670 1.00000
4_1.0 - 6_0.0  -0.99769  0.31843 1.00000
5_0.0 - 6_0.0   0.38943  0.69696 1.00000
5_1.0 - 6_0.0  -0.44323  0.65760 1.00000
0_0.0 - 6_1.0   0.09497  0.92434 1.00000
0_1.0 - 6_1.0  -0.64747  0.51733 1.00000
1_0.0 - 6_1.0   0.15763  0.87475 1.00000
1_1.0 - 6_1.0  -0.60385  0.54595 1.00000
2_0.0 - 6_1.0   0.07064  0.94368 1.00000
2_1.0 - 6_1.0  -0.66512  0.50597 1.00000
3_0.0 - 6_1.0   0.09627  0.92330 1.00000
3_1.0 - 6_1.0  -0.60622  0.54437 1.00000
4_0.0 - 6_1.0  -0.26452  0.79138 1.00000
4_1.0 - 6_1.0  -1.29365  0.19578 1.00000
5_0.0 - 6_1.0   0.01280  0.98979 1.00000
5_1.0 - 6_1.0  -0.78107  0.43476 1.00000
6_0.0 - 6_1.0  -0.26016  0.79474 1.00000
0_0.0 - 7_0.0   1.35555  0.17524 1.00000
0_1.0 - 7_0.0  -0.38310  0.70165 1.00000
1_0.0 - 7_0.0   1.48863  0.13659 1.00000
1_1.0 - 7_0.0  -0.28072  0.77893 1.00000
2_0.0 - 7_0.0   1.29767  0.19440 1.00000
2_1.0 - 7_0.0  -0.42431  0.67134 1.00000
3_0.0 - 7_0.0   1.34033  0.18014 1.00000
3_1.0 - 7_0.0  -0.28610  0.77480 1.00000
4_0.0 - 7_0.0   0.37692  0.70623 1.00000
4_1.0 - 7_0.0  -1.58043  0.11401 1.00000
5_0.0 - 7_0.0   1.15014  0.25009 1.00000
5_1.0 - 7_0.0  -0.69062  0.48980 1.00000
6_0.0 - 7_0.0   0.11926  0.90507 1.00000
6_1.0 - 7_0.0   0.44523  0.65615 1.00000
0_0.0 - 7_1.0   2.82995  0.00466 0.71230
0_1.0 - 7_1.0   1.10646  0.26853 1.00000
1_0.0 - 7_1.0   2.94815  0.00320 0.48912
1_1.0 - 7_1.0   1.19082  0.23372 1.00000
2_0.0 - 7_1.0   2.77157  0.00558 0.85354
2_1.0 - 7_1.0   1.06447  0.28712 1.00000
3_0.0 - 7_1.0   2.79493  0.00519 0.79424
3_1.0 - 7_1.0   1.17819  0.23872 1.00000
4_0.0 - 7_1.0   1.54719  0.12182 1.00000
4_1.0 - 7_1.0  -0.44983  0.65283 1.00000
5_0.0 - 7_1.0   2.61026  0.00905 1.00000
5_1.0 - 7_1.0   0.78034  0.43519 1.00000
6_0.0 - 7_1.0   0.73173  0.46433 1.00000
6_1.0 - 7_1.0   1.03329  0.30147 1.00000
7_0.0 - 7_1.0   1.05790  0.29010 1.00000
0_0.0 - 8_0.0  -0.84701  0.39699 1.00000
0_1.0 - 8_0.0  -5.03737  0.00000 0.00007
1_0.0 - 8_0.0  -0.46504  0.64190 1.00000
1_1.0 - 8_0.0  -4.49766  0.00001 0.00105
2_0.0 - 8_0.0  -0.98054  0.32682 1.00000
2_1.0 - 8_0.0  -5.11413  0.00000 0.00005
3_0.0 - 8_0.0  -0.77635  0.43754 1.00000
3_1.0 - 8_0.0  -4.39793  0.00001 0.00167
4_0.0 - 8_0.0  -1.37926  0.16781 1.00000
4_1.0 - 8_0.0  -3.92817  0.00009 0.01310
5_0.0 - 8_0.0  -1.23251  0.21776 1.00000
5_1.0 - 8_0.0  -5.35904  0.00000 0.00001
6_0.0 - 8_0.0  -0.62320  0.53316 1.00000
6_1.0 - 8_0.0  -0.24099  0.80956 1.00000
7_0.0 - 8_0.0  -1.58107  0.11386 1.00000
7_1.0 - 8_0.0  -2.94840  0.00319 0.48871
0_0.0 - 8_1.0   3.15894  0.00158 0.24227
0_1.0 - 8_1.0  -0.63136  0.52781 1.00000
1_0.0 - 8_1.0   3.33055  0.00087 0.13261
1_1.0 - 8_1.0  -0.39411  0.69350 1.00000
2_0.0 - 8_1.0   3.02442  0.00249 0.38113
2_1.0 - 8_1.0  -0.71911  0.47208 1.00000
3_0.0 - 8_1.0   2.97285  0.00295 0.45142
3_1.0 - 8_1.0  -0.39963  0.68943 1.00000
4_0.0 - 8_1.0   0.62881  0.52947 1.00000
4_1.0 - 8_1.0  -2.03026  0.04233 1.00000
5_0.0 - 8_1.0   2.60200  0.00927 1.00000
5_1.0 - 8_1.0  -1.23865  0.21547 1.00000
6_0.0 - 8_1.0   0.16888  0.86589 1.00000
6_1.0 - 8_1.0   0.51418  0.60713 1.00000
7_0.0 - 8_1.0   0.08488  0.93236 1.00000
7_1.0 - 8_1.0  -1.27316  0.20296 1.00000
8_0.0 - 8_1.0   2.93998  0.00328 0.50219

----------------------------------------------------------------------------------------

