----------------------------------------------------------------------------------------

Results for two way ANOVA between rs228697_rs17031614&sex and GAD7 are: 

                                    df       sum_sq   mean_sq           F        PR(>F)
C(rs228697_rs17031614)             8.0     0.103954  0.012994    0.513643  8.471380e-01
C(sex)                             1.0     6.001095  6.001095  237.214742  2.011325e-53
C(rs228697_rs17031614):C(sex)      8.0     0.153331  0.019166    0.757618  6.404057e-01
Residual                       60570.0  1532.309168  0.025298         NaN           NaN
----------------------------------------------------------------------------------------

Results for follow-up Tukey test between rs228697_rs17031614 & sex and GAD7 are: 

Main effect for rs228697_rs17031614:
 group1  group2     Diff     Lower    Upper  q-value  p-value
      2       4 0.000191 -0.006995 0.007376 0.116412 0.900000
      2       0 0.000826 -0.004842 0.006494 0.639380 0.900000
      2       7 0.001015 -0.008142 0.010172 0.486262 0.900000
      2       5 0.001233 -0.012920 0.015386 0.382266 0.900000
      2       6 0.004927 -0.017949 0.027803 0.944780 0.900000
      2       1 0.000331 -0.006850 0.007512 0.202053 0.900000
      2       3 0.000555 -0.008476 0.009586 0.269478 0.900000
      2       8 0.009585 -0.013807 0.032977 1.797498 0.900000
      4       0 0.001017 -0.005373 0.007407 0.698006 0.900000
      4       7 0.001206 -0.008415 0.010826 0.549766 0.900000
      4       5 0.001424 -0.013033 0.015881 0.432076 0.900000
      4       6 0.004736 -0.018330 0.027802 0.900748 0.900000
      4       1 0.000140 -0.007624 0.007904 0.079141 0.900000
      4       3 0.000364 -0.009137 0.009865 0.168105 0.900000
      4       8 0.009776 -0.013801 0.033353 1.818839 0.900000
      0       7 0.000189 -0.008357 0.008735 0.096965 0.900000
      0       5 0.000407 -0.013359 0.014173 0.129769 0.900000
      0       6 0.005753 -0.016886 0.028392 1.114752 0.900000
      0       1 0.001157 -0.005228 0.007542 0.794817 0.900000
      0       3 0.001381 -0.007031 0.009793 0.720111 0.900000
      0       8 0.008759 -0.014401 0.031919 1.659040 0.900000
      7       5 0.000218 -0.015313 0.015750 0.061663 0.900000
      7       6 0.005942 -0.017812 0.029696 1.097321 0.900000
      7       1 0.001346 -0.008271 0.010963 0.613858 0.900000
      7       3 0.001570 -0.009497 0.012637 0.622223 0.900000
      7       8 0.008570 -0.015681 0.032821 1.550237 0.900000
      5       6 0.006160 -0.019930 0.032251 1.035757 0.900000
      5       1 0.001564 -0.012891 0.016019 0.474653 0.900000
      5       3 0.001788 -0.013670 0.017246 0.507440 0.900000
      5       8 0.008352 -0.018192 0.034895 1.380245 0.900000
      6       1 0.004596 -0.018468 0.027661 0.874164 0.900000
      6       3 0.004372 -0.019334 0.028078 0.809059 0.900000
      6       8 0.014512 -0.017544 0.046568 1.985901 0.898549
      1       3 0.000224 -0.009274 0.009722 0.103473 0.900000
      1       8 0.009916 -0.013660 0.033492 1.845011 0.900000
      3       8 0.010140 -0.014064 0.034343 1.837761 0.900000

Main effect for sex:
 group1  group2     Diff    Lower   Upper  q-value  p-value
    0.0     1.0 0.033492 0.030944 0.03604 36.43484    0.001

Interaction effect between rs228697_rs17031614 and sex:
  group1   group2     Diff     Lower    Upper   q-value  p-value
(2, 0.0) (2, 1.0) 0.035083  0.024597 0.045569 16.508369 0.001000
(2, 0.0) (4, 0.0) 0.001541 -0.009261 0.012343  0.703941 0.900000
(2, 0.0) (4, 1.0) 0.037287  0.025611 0.048963 15.757359 0.001000
(2, 0.0) (0, 0.0) 0.001853 -0.006709 0.010415  1.068005 0.900000
(2, 0.0) (0, 1.0) 0.034459  0.025567 0.043352 19.120452 0.001000
(2, 0.0) (7, 0.0) 0.001750 -0.012100 0.015599  0.623321 0.900000
(2, 0.0) (7, 1.0) 0.034967  0.019960 0.049973 11.497269 0.001000
(2, 0.0) (5, 0.0) 0.005233 -0.016626 0.027093  1.181335 0.900000
(2, 0.0) (5, 1.0) 0.029800  0.006825 0.052775  6.399941 0.001000
(2, 0.0) (6, 0.0) 0.001476 -0.032892 0.035843  0.211877 0.900000
(2, 0.0) (6, 1.0) 0.026202 -0.012460 0.064864  3.343998 0.614524
(2, 0.0) (1, 0.0) 0.000065 -0.010773 0.010903  0.029668 0.900000
(2, 0.0) (1, 1.0) 0.034302  0.022698 0.045906 14.585877 0.001000
(2, 0.0) (3, 0.0) 0.003126 -0.010562 0.016815  1.126944 0.900000
(2, 0.0) (3, 1.0) 0.029576  0.014826 0.044326  9.893847 0.001000
(2, 0.0) (8, 0.0) 0.011954 -0.024183 0.048091  1.632202 0.900000
(2, 0.0) (8, 1.0) 0.040069  0.001838 0.078299  5.171472 0.028524
(2, 1.0) (4, 0.0) 0.036624  0.025274 0.047974 15.922093 0.001000
(2, 1.0) (4, 1.0) 0.002204 -0.009980 0.014388  0.892569 0.900000
(2, 1.0) (0, 0.0) 0.033230  0.023986 0.042473 17.738643 0.001000
(2, 1.0) (0, 1.0) 0.000624 -0.008926 0.010174  0.322358 0.900000
(2, 1.0) (7, 0.0) 0.033333  0.019052 0.047614 11.516957 0.001000
(2, 1.0) (7, 1.0) 0.000116 -0.015289 0.015522  0.037248 0.900000
(2, 1.0) (5, 0.0) 0.029849  0.007715 0.051984  6.653895 0.001000
(2, 1.0) (5, 1.0) 0.005283 -0.017955 0.028521  1.121777 0.900000
(2, 1.0) (6, 0.0) 0.036559  0.002015 0.071102  5.222077 0.025136
(2, 1.0) (6, 1.0) 0.008881 -0.029937 0.047700  1.128894 0.900000
(2, 1.0) (1, 0.0) 0.035018  0.023634 0.046401 15.178527 0.001000
(2, 1.0) (1, 1.0) 0.000781 -0.011334 0.012896  0.318190 0.900000
(2, 1.0) (3, 0.0) 0.031957  0.017832 0.046081 11.163250 0.001000
(2, 1.0) (3, 1.0) 0.005507 -0.009649 0.020662  1.792805 0.900000
(2, 1.0) (8, 0.0) 0.023129 -0.013175 0.059434  3.143506 0.707299
(2, 1.0) (8, 1.0) 0.004986 -0.033403 0.043375  0.640848 0.900000
(4, 0.0) (4, 1.0) 0.038828  0.026371 0.051286 15.379295 0.001000
(4, 0.0) (0, 0.0) 0.003394 -0.006206 0.012995  1.744549 0.900000
(4, 0.0) (0, 1.0) 0.036000  0.026104 0.045896 17.949481 0.001000
(4, 0.0) (7, 0.0) 0.003291 -0.011224 0.017805  1.118654 0.900000
(4, 0.0) (7, 1.0) 0.036508  0.020886 0.052130 11.530858 0.001000
(4, 0.0) (5, 0.0) 0.006775 -0.015512 0.029061  1.499887 0.900000
(4, 0.0) (5, 1.0) 0.031341  0.007959 0.054723  6.613799 0.001000
(4, 0.0) (6, 0.0) 0.000065 -0.034575 0.034706  0.009307 0.900000
(4, 0.0) (6, 1.0) 0.027743 -0.011162 0.066648  3.518552 0.533752
(4, 0.0) (1, 0.0) 0.001606 -0.010069 0.013282  0.678829 0.900000
(4, 0.0) (1, 1.0) 0.035843  0.023453 0.048233 14.274283 0.001000
(4, 0.0) (3, 0.0) 0.004668 -0.009694 0.019029  1.603671 0.900000
(4, 0.0) (3, 1.0) 0.031117  0.015741 0.046493  9.985576 0.001000
(4, 0.0) (8, 0.0) 0.013495 -0.022902 0.049892  1.829462 0.900000
(4, 0.0) (8, 1.0) 0.041610  0.003134 0.080086  5.336056 0.018860
(4, 1.0) (0, 0.0) 0.035434  0.024860 0.046008 16.534728 0.001000
(4, 1.0) (0, 1.0) 0.002828 -0.008015 0.013671  1.286869 0.900000
(4, 1.0) (7, 0.0) 0.035537  0.020361 0.050714 11.554173 0.001000
(4, 1.0) (7, 1.0) 0.002320 -0.013918 0.018559  0.705054 0.900000
(4, 1.0) (5, 0.0) 0.032054  0.009331 0.054776  6.960351 0.001000
(4, 1.0) (5, 1.0) 0.007487 -0.016311 0.031285  1.552328 0.900000
(4, 1.0) (6, 0.0) 0.038763  0.003840 0.073686  5.476718 0.013035
(4, 1.0) (6, 1.0) 0.011085 -0.028071 0.050242  1.396882 0.900000
(4, 1.0) (1, 0.0) 0.037222  0.024734 0.049710 14.706673 0.001000
(4, 1.0) (1, 1.0) 0.002985 -0.010173 0.016144  1.119437 0.900000
(4, 1.0) (3, 0.0) 0.034161  0.019131 0.049190 11.214991 0.001000
(4, 1.0) (3, 1.0) 0.007711 -0.008291 0.023713  2.377598 0.900000
(4, 1.0) (8, 0.0) 0.025333 -0.011333 0.061999  3.409127 0.584384
(4, 1.0) (8, 1.0) 0.002782 -0.035949 0.041513  0.354397 0.900000
(0, 0.0) (0, 1.0) 0.032606  0.025220 0.039992 21.781402 0.001000
(0, 0.0) (7, 0.0) 0.000104 -0.012831 0.013038  0.039537 0.900000
(0, 0.0) (7, 1.0) 0.033113  0.018947 0.047279 11.533901 0.001000
(0, 0.0) (5, 0.0) 0.003380 -0.017911 0.024671  0.783372 0.900000
(0, 0.0) (5, 1.0) 0.027947  0.005512 0.050382  6.146378 0.001884
(0, 0.0) (6, 0.0) 0.003329 -0.030680 0.037338  0.482991 0.900000
(0, 0.0) (6, 1.0) 0.024349 -0.013995 0.062692  3.133282 0.712028
(0, 0.0) (1, 0.0) 0.001788 -0.007852 0.011428  0.915189 0.900000
(0, 0.0) (1, 1.0) 0.032448  0.021954 0.042943 15.256659 0.001000
(0, 0.0) (3, 0.0) 0.001273 -0.011489 0.014035  0.492268 0.900000
(0, 0.0) (3, 1.0) 0.027723  0.013829 0.041617  9.845236 0.001000
(0, 0.0) (8, 0.0) 0.010101 -0.025696 0.045897  1.392290 0.900000
(0, 0.0) (8, 1.0) 0.038216  0.000307 0.076124  4.974183 0.045694
(0, 1.0) (7, 0.0) 0.032709  0.019554 0.045865 12.268267 0.001000
(0, 1.0) (7, 1.0) 0.000508 -0.013860 0.014876  0.174327 0.900000
(0, 1.0) (5, 0.0) 0.029226  0.007800 0.050652  6.730359 0.001000
(0, 1.0) (5, 1.0) 0.004659 -0.017904 0.027222  1.018856 0.900000
(0, 1.0) (6, 0.0) 0.035935  0.001841 0.070028  5.200690 0.026522
(0, 1.0) (6, 1.0) 0.008257 -0.030161 0.046676  1.060509 0.900000
(0, 1.0) (1, 0.0) 0.034394  0.024459 0.044329 17.081653 0.001000
(0, 1.0) (1, 1.0) 0.000157 -0.010608 0.010923  0.072116 0.900000
(0, 1.0) (3, 0.0) 0.031333  0.018347 0.044318 11.905339 0.001000
(0, 1.0) (3, 1.0) 0.004883 -0.009217 0.018983  1.708677 0.900000
(0, 1.0) (8, 0.0) 0.022505 -0.013372 0.058382  3.095182 0.729657
(0, 1.0) (8, 1.0) 0.005610 -0.032375 0.043594  0.728717 0.900000
(7, 0.0) (7, 1.0) 0.033217  0.015351 0.051083  9.173993 0.001000
(7, 0.0) (5, 0.0) 0.003484 -0.020429 0.027397  0.718872 0.900000
(7, 0.0) (5, 1.0) 0.028050  0.003114 0.052987  5.550276 0.010685
(7, 0.0) (6, 0.0) 0.003225 -0.032483 0.038934  0.445677 0.900000
(7, 0.0) (6, 1.0) 0.024452 -0.015407 0.064311  3.026985 0.761218
(7, 0.0) (1, 0.0) 0.001684 -0.012857 0.016226  0.571573 0.900000
(7, 0.0) (1, 1.0) 0.032552  0.017431 0.047673 10.622355 0.001000
(7, 0.0) (3, 0.0) 0.001377 -0.015397 0.018151  0.405005 0.900000
(7, 0.0) (3, 1.0) 0.027827  0.010176 0.045478  7.778748 0.001000
(7, 0.0) (8, 0.0) 0.010204 -0.027211 0.047619  1.345721 0.900000
(7, 0.0) (8, 1.0) 0.038319 -0.001121 0.077760  4.793918 0.068821
(7, 1.0) (5, 0.0) 0.029733  0.005133 0.054334  5.963653 0.003286
(7, 1.0) (5, 1.0) 0.005167 -0.020431 0.030764  0.995947 0.900000
(7, 1.0) (6, 0.0) 0.036442  0.000269 0.072615  4.970964 0.046030
(7, 1.0) (6, 1.0) 0.008765 -0.031510 0.049040  1.073809 0.900000
(7, 1.0) (1, 0.0) 0.034902  0.019255 0.050548 11.006195 0.001000
(7, 1.0) (1, 1.0) 0.000665 -0.015522 0.016852  0.202703 0.900000
(7, 1.0) (3, 0.0) 0.031840  0.014099 0.049581  8.855449 0.001000
(7, 1.0) (3, 1.0) 0.005390 -0.013182 0.023963  1.432098 0.900000
(7, 1.0) (8, 0.0) 0.023013 -0.014846 0.060871  2.999330 0.774012
(7, 1.0) (8, 1.0) 0.005102 -0.034759 0.044964  0.631567 0.900000
(5, 0.0) (5, 1.0) 0.024566 -0.005564 0.054697  4.023023 0.285413
(5, 0.0) (6, 0.0) 0.006709 -0.032802 0.046220  0.837862 0.900000
(5, 0.0) (6, 1.0) 0.020968 -0.022330 0.064266  2.389519 0.900000
(5, 0.0) (1, 0.0) 0.005168 -0.017135 0.027472  1.143378 0.900000
(5, 0.0) (1, 1.0) 0.029068  0.006382 0.051754  6.322383 0.001085
(5, 0.0) (3, 0.0) 0.002107 -0.021713 0.025927  0.436465 0.900000
(5, 0.0) (3, 1.0) 0.024343 -0.000102 0.048788  4.913545 0.052458
(5, 0.0) (8, 0.0) 0.006720 -0.034339 0.047780  0.807606 0.900000
(5, 0.0) (8, 1.0) 0.034835 -0.008078 0.077749  4.005378 0.293099
(5, 1.0) (6, 0.0) 0.031276 -0.008863 0.071415  3.844655 0.369951
(5, 1.0) (6, 1.0) 0.003598 -0.040274 0.047470  0.404685 0.900000
(5, 1.0) (1, 0.0) 0.029735  0.006336 0.053133  6.270426 0.001278
(5, 1.0) (1, 1.0) 0.004502 -0.019261 0.028265  0.934752 0.900000
(5, 1.0) (3, 0.0) 0.026674  0.001826 0.051521  5.296758 0.020851
(5, 1.0) (3, 1.0) 0.000224 -0.025224 0.025672  0.043377 0.900000
(5, 1.0) (8, 0.0) 0.017846 -0.023818 0.059510  2.113466 0.900000
(5, 1.0) (8, 1.0) 0.010269 -0.033224 0.053761  1.164999 0.900000
(6, 0.0) (6, 1.0) 0.027678 -0.023097 0.078452  2.689682 0.900000
(6, 0.0) (1, 0.0) 0.001541 -0.033111 0.036193  0.219417 0.900000
(6, 0.0) (1, 1.0) 0.035777  0.000878 0.070676  5.058410 0.037548
(6, 0.0) (3, 0.0) 0.004602 -0.031044 0.040249  0.637039 0.900000
(6, 0.0) (3, 1.0) 0.031052 -0.005015 0.067119  4.248078 0.198089
(6, 0.0) (8, 0.0) 0.013430 -0.035450 0.062309  1.355682 0.900000
(6, 0.0) (8, 1.0) 0.041545 -0.008902 0.091991  4.063496 0.268104
(6, 1.0) (1, 0.0) 0.026137 -0.012778 0.065051  3.313993 0.628408
(6, 1.0) (1, 1.0) 0.008100 -0.031035 0.047235  1.021253 0.900000
(6, 1.0) (3, 0.0) 0.023075 -0.016728 0.062878  2.860536 0.838238
(6, 1.0) (3, 1.0) 0.003375 -0.036806 0.043555  0.414394 0.900000
(6, 1.0) (8, 0.0) 0.014248 -0.037741 0.066236  1.352259 0.900000
(6, 1.0) (8, 1.0) 0.013867 -0.039598 0.067332  1.279781 0.900000
(1, 0.0) (1, 1.0) 0.034237  0.021816 0.046657 13.600560 0.001000
(1, 0.0) (3, 0.0) 0.003061 -0.011327 0.017449  1.049839 0.900000
(1, 0.0) (3, 1.0) 0.029511  0.014110 0.044912  9.454759 0.001000
(1, 0.0) (8, 0.0) 0.011889 -0.024519 0.048296  1.611240 0.900000
(1, 0.0) (8, 1.0) 0.040004  0.001517 0.078490  5.128738 0.031687
(1, 1.0) (3, 0.0) 0.031175  0.016202 0.046149 10.273156 0.001000
(1, 1.0) (3, 1.0) 0.004725 -0.011224 0.020675  1.461879 0.900000
(1, 1.0) (8, 0.0) 0.022348 -0.014295 0.058991  3.009266 0.769417
(1, 1.0) (8, 1.0) 0.005767 -0.032942 0.044476  0.735132 0.900000
(3, 0.0) (3, 1.0) 0.026450  0.008925 0.043975  7.447037 0.001000
(3, 0.0) (8, 0.0) 0.008827 -0.028528 0.046183  1.165993 0.900000
(3, 0.0) (8, 1.0) 0.036942 -0.002442 0.076327  4.628268 0.096754
(3, 1.0) (8, 0.0) 0.017622 -0.020135 0.055380  2.302915 0.900000
(3, 1.0) (8, 1.0) 0.010493 -0.029273 0.050258  1.301941 0.900000
(8, 0.0) (8, 1.0) 0.028115 -0.023554 0.079783  2.684903 0.900000

----------------------------------------------------------------------------------------

Results for Shapiro-Wilk test to check for normality are: 

w is: 0.7184962034225464/ p-value is: 0.0
----------------------------------------------------------------------------------------

Results for Levene's test to check for equality of variance are: 

              Parameter   Value
    Test statistics (W) 38.9389
Degrees of freedom (Df) 17.0000
                p value  0.0000
----------------------------------------------------------------------------------------

Results for the scheirer Ray Hare Test -- to be used if ANOVA assumptions are violated: 

                            Df        Sum Sq           H   p.value
rs228697_rs17031614          8  1.241193e+09    4.689963  0.790141
sex                          1  2.190199e+11  827.586746  0.000000
rs228697_rs17031614:sex      8  1.682787e+09    6.358564  0.607135
Residuals                60570  1.581210e+13         NaN       NaN
----------------------------------------------------------------------------------------

Results for follow-up Dunn's test between rs228697_rs17031614 & sex and GAD7 are: 

   Comparison         Z  P.unadj   P.adj
0_0.0 - 0_1.0  17.11335  0.00000 0.00000
0_0.0 - 1_0.0  -0.92848  0.35316 1.00000
0_1.0 - 1_0.0 -13.62404  0.00000 0.00000
0_0.0 - 1_1.0  11.95622  0.00000 0.00000
0_1.0 - 1_1.0  -0.08662  0.93097 1.00000
1_0.0 - 1_1.0  10.82236  0.00000 0.00000
0_0.0 - 2_0.0  -1.05059  0.29345 1.00000
0_1.0 - 2_0.0 -15.22629  0.00000 0.00000
1_0.0 - 2_0.0  -0.00408  0.99674 1.00000
1_1.0 - 2_0.0 -11.58817  0.00000 0.00000
0_0.0 - 2_1.0  13.21110  0.00000 0.00000
0_1.0 - 2_1.0  -0.44932  0.65320 1.00000
1_0.0 - 2_1.0  11.51349  0.00000 0.00000
1_1.0 - 2_1.0  -0.27722  0.78161 1.00000
2_0.0 - 2_1.0  12.50319  0.00000 0.00000
0_0.0 - 3_0.0   0.00685  0.99454 1.00000
0_1.0 - 3_0.0  -9.72723  0.00000 0.00000
1_0.0 - 3_0.0   0.62819  0.52988 1.00000
1_1.0 - 3_0.0  -8.37375  0.00000 0.00000
2_0.0 - 3_0.0   0.66350  0.50701 1.00000
2_1.0 - 3_0.0  -8.63904  0.00000 0.00000
0_0.0 - 3_1.0   8.30490  0.00000 0.00000
0_1.0 - 3_1.0  -0.78117  0.43470 1.00000
1_0.0 - 3_1.0   8.07346  0.00000 0.00000
1_1.0 - 3_1.0  -0.63213  0.52730 1.00000
2_0.0 - 3_1.0   8.43279  0.00000 0.00000
2_1.0 - 3_1.0  -0.44364  0.65730 1.00000
3_0.0 - 3_1.0   6.57932  0.00000 0.00000
0_0.0 - 4_0.0  -1.39563  0.16283 1.00000
0_1.0 - 4_0.0 -14.12688  0.00000 0.00000
1_0.0 - 4_0.0  -0.38095  0.70324 1.00000
1_1.0 - 4_0.0 -11.20842  0.00000 0.00000
2_0.0 - 4_0.0  -0.40765  0.68353 1.00000
2_1.0 - 4_0.0 -11.93970  0.00000 0.00000
3_0.0 - 4_0.0  -0.93906  0.34770 1.00000
3_1.0 - 4_0.0  -8.37585  0.00000 0.00000
0_0.0 - 4_1.0  13.08191  0.00000 0.00000
0_1.0 - 4_1.0   1.09961  0.27150 1.00000
1_0.0 - 4_1.0  11.79338  0.00000 0.00000
1_1.0 - 4_1.0   0.97700  0.32857 1.00000
2_0.0 - 4_1.0  12.61764  0.00000 0.00000
2_1.0 - 4_1.0   1.33077  0.18327 1.00000
3_0.0 - 4_1.0   9.19794  0.00000 0.00000
3_1.0 - 4_1.0   1.43345  0.15173 1.00000
4_0.0 - 4_1.0  12.17961  0.00000 0.00000
0_0.0 - 5_0.0   1.00388  0.31544 1.00000
0_1.0 - 5_0.0  -4.90200  0.00000 0.00015
1_0.0 - 5_0.0   1.35962  0.17395 1.00000
1_1.0 - 5_0.0  -4.58868  0.00000 0.00068
2_0.0 - 5_0.0   1.38929  0.16474 1.00000
2_1.0 - 5_0.0  -4.55115  0.00001 0.00082
3_0.0 - 5_0.0   0.89364  0.37152 1.00000
3_1.0 - 5_0.0  -3.84599  0.00012 0.01837
4_0.0 - 5_0.0   1.56024  0.11870 1.00000
4_1.0 - 5_0.0  -5.14698  0.00000 0.00004
0_0.0 - 5_1.0   5.12043  0.00000 0.00005
0_1.0 - 5_1.0  -0.51085  0.60946 1.00000
1_0.0 - 5_1.0   5.29219  0.00000 0.00002
1_1.0 - 5_1.0  -0.44582  0.65573 1.00000
2_0.0 - 5_1.0   5.39161  0.00000 0.00001
2_1.0 - 5_1.0  -0.31137  0.75552 1.00000
3_0.0 - 5_1.0   4.61974  0.00000 0.00059
3_1.0 - 5_1.0  -0.02011  0.98395 1.00000
4_0.0 - 5_1.0   5.48613  0.00000 0.00001
4_1.0 - 5_1.0  -0.98536  0.32445 1.00000
5_0.0 - 5_1.0   3.10329  0.00191 0.29282
0_0.0 - 6_0.0  -0.04300  0.96570 1.00000
0_1.0 - 6_0.0  -3.75047  0.00018 0.02701
1_0.0 - 6_0.0   0.21611  0.82890 1.00000
1_1.0 - 6_0.0  -3.63719  0.00028 0.04217
2_0.0 - 6_0.0   0.21918  0.82651 1.00000
2_1.0 - 6_0.0  -3.57740  0.00035 0.05310
3_0.0 - 6_0.0  -0.04348  0.96532 1.00000
3_1.0 - 6_0.0  -3.23982  0.00120 0.18299
4_0.0 - 6_0.0   0.34457  0.73042 1.00000
4_1.0 - 6_0.0  -4.00280  0.00006 0.00958
5_0.0 - 6_0.0  -0.57797  0.56329 1.00000
5_1.0 - 6_0.0  -2.89843  0.00375 0.57381
0_0.0 - 6_1.0   2.23411  0.02548 1.00000
0_1.0 - 6_1.0  -1.06045  0.28894 1.00000
1_0.0 - 6_1.0   2.43131  0.01504 1.00000
1_1.0 - 6_1.0  -1.01721  0.30905 1.00000
2_0.0 - 6_1.0   2.44837  0.01435 1.00000
2_1.0 - 6_1.0  -0.93899  0.34774 1.00000
3_0.0 - 6_1.0   2.14997  0.03156 1.00000
3_1.0 - 6_1.0  -0.73982  0.45941 1.00000
4_0.0 - 6_1.0   2.54625  0.01089 1.00000
4_1.0 - 6_1.0  -1.34497  0.17863 1.00000
5_0.0 - 6_1.0   1.48481  0.13759 1.00000
5_1.0 - 6_1.0  -0.66590  0.50547 1.00000
6_0.0 - 6_1.0   1.71594  0.08617 1.00000
0_0.0 - 7_0.0   0.11923  0.90509 1.00000
0_1.0 - 7_0.0  -9.49124  0.00000 0.00000
1_0.0 - 7_0.0   0.72161  0.47053 1.00000
1_1.0 - 7_0.0  -8.19595  0.00000 0.00000
2_0.0 - 7_0.0   0.76083  0.44676 1.00000
2_1.0 - 7_0.0  -8.44275  0.00000 0.00000
3_0.0 - 7_0.0   0.08673  0.93089 1.00000
3_1.0 - 7_0.0  -6.44991  0.00000 0.00000
4_0.0 - 7_0.0   1.02936  0.30331 1.00000
4_1.0 - 7_0.0  -9.01312  0.00000 0.00000
5_0.0 - 7_0.0  -0.82933  0.40692 1.00000
5_1.0 - 7_0.0  -4.54490  0.00001 0.00084
6_0.0 - 7_0.0   0.08414  0.93294 1.00000
6_1.0 - 7_0.0  -2.11047  0.03482 1.00000
0_0.0 - 7_1.0   9.60502  0.00000 0.00000
0_1.0 - 7_1.0   0.67232  0.50138 1.00000
1_0.0 - 7_1.0   9.26805  0.00000 0.00000
1_1.0 - 7_1.0   0.65438  0.51286 1.00000
2_0.0 - 7_1.0   9.66648  0.00000 0.00000
2_1.0 - 7_1.0   0.90560  0.36515 1.00000
3_0.0 - 7_1.0   7.66446  0.00000 0.00000
3_1.0 - 7_1.0   1.11319  0.26563 1.00000
4_0.0 - 7_1.0   9.56736  0.00000 0.00000
4_1.0 - 7_1.0  -0.13939  0.88914 1.00000
5_0.0 - 7_1.0   4.66209  0.00000 0.00048
5_1.0 - 7_1.0   0.82768  0.40785 1.00000
6_0.0 - 7_1.0   3.80192  0.00014 0.02197
6_1.0 - 7_1.0   1.25141  0.21078 1.00000
7_0.0 - 7_1.0   7.52961  0.00000 0.00000
0_0.0 - 8_0.0   0.79858  0.42454 1.00000
0_1.0 - 8_0.0  -2.72651  0.00640 0.97934
1_0.0 - 8_0.0   1.03102  0.30253 1.00000
1_1.0 - 8_0.0  -2.64404  0.00819 1.00000
2_0.0 - 8_0.0   1.03996  0.29836 1.00000
2_1.0 - 8_0.0  -2.57618  0.00999 1.00000
3_0.0 - 8_0.0   0.76290  0.44552 1.00000
3_1.0 - 8_0.0  -2.29897  0.02151 1.00000
4_0.0 - 8_0.0   1.15352  0.24870 1.00000
4_1.0 - 8_0.0  -2.99301  0.00276 0.42265
5_0.0 - 8_0.0   0.17566  0.86056 1.00000
5_1.0 - 8_0.0  -2.07111  0.03835 1.00000
6_0.0 - 8_0.0   0.61475  0.53872 1.00000
6_1.0 - 8_0.0  -1.09788  0.27226 1.00000
7_0.0 - 8_0.0   0.72281  0.46980 1.00000
7_1.0 - 8_0.0  -2.83895  0.00453 0.69251
0_0.0 - 8_1.0   4.28867  0.00002 0.00275
0_1.0 - 8_1.0   0.95230  0.34094 1.00000
1_0.0 - 8_1.0   4.45685  0.00001 0.00127
1_1.0 - 8_1.0   0.95857  0.33778 1.00000
2_0.0 - 8_1.0   4.48783  0.00001 0.00110
2_1.0 - 8_1.0   1.05405  0.29186 1.00000
3_0.0 - 8_1.0   4.12574  0.00004 0.00565
3_1.0 - 8_1.0   1.18664  0.23537 1.00000
4_0.0 - 8_1.0   4.57360  0.00000 0.00073
4_1.0 - 8_1.0   0.62610  0.53125 1.00000
5_0.0 - 8_1.0   3.29041  0.00100 0.15306
5_1.0 - 8_1.0   1.09672  0.27276 1.00000
6_0.0 - 8_1.0   3.25174  0.00115 0.17549
6_1.0 - 8_1.0   1.43859  0.15027 1.00000
7_0.0 - 8_1.0   4.08297  0.00004 0.00680
7_1.0 - 8_1.0   0.66512  0.50597 1.00000
8_0.0 - 8_1.0   2.59328  0.00951 1.00000

----------------------------------------------------------------------------------------

