Multivariate Regression results before stepwise adjustment: 

                            OLS Regression Results                            
==============================================================================
Dep. Variable:                   GAD7   R-squared:                       0.068
Model:                            OLS   Adj. R-squared:                  0.051
Method:                 Least Squares   F-statistic:                     3.966
Date:                Fri, 22 Jul 2022   Prob (F-statistic):           8.38e-47
Time:                        12:44:10   Log-Likelihood:                 3350.5
No. Observations:                7499   AIC:                            -6429.
Df Residuals:                    7363   BIC:                            -5488.
Df Model:                         135                                         
Covariance Type:            nonrobust                                         
=================================================================================================================
                                                    coef    std err          t      P>|t|      [0.025      0.975]
-----------------------------------------------------------------------------------------------------------------
const                                             0.1863      0.018     10.409      0.000       0.151       0.221
sex_1                                            -0.0304      0.004     -8.193      0.000      -0.038      -0.023
Ever_addicted_to_any_substance_or_behaviour_1     0.0757      0.007     10.127      0.000       0.061       0.090
Age_at_recruitment                               -0.0986      0.008    -11.760      0.000      -0.115      -0.082
Average_total_household_income_before_tax_1      -0.0127      0.006     -2.079      0.038      -0.025      -0.001
Average_total_household_income_before_tax_2      -0.0294      0.006     -4.826      0.000      -0.041      -0.017
Average_total_household_income_before_tax_3      -0.0375      0.006     -5.898      0.000      -0.050      -0.025
Average_total_household_income_before_tax_4      -0.0458      0.009     -5.308      0.000      -0.063      -0.029
Townsend_deprivation_index_at_recruitment         0.0386      0.011      3.435      0.001       0.017       0.061
Chronotype_1                                     -0.0056      0.005     -1.219      0.223      -0.015       0.003
Chronotype_2                                      0.0004      0.005      0.073      0.942      -0.009       0.010
Chronotype_3                                      0.0081      0.007      1.157      0.247      -0.006       0.022
rs228697_1                                       -0.0025      0.006     -0.424      0.672      -0.014       0.009
rs228697_2                                       -0.0003      0.009     -0.027      0.978      -0.018       0.018
rs10462020_1                                     -0.0093      0.007     -1.301      0.193      -0.023       0.005
rs10462020_2                                      0.0060      0.009      0.685      0.494      -0.011       0.023
rs10462023_1                                     -0.0060      0.006     -0.946      0.344      -0.018       0.006
rs10462023_2                                     -0.0052      0.009     -0.582      0.561      -0.023       0.012
rs1801260_1                                       0.0060      0.008      0.734      0.463      -0.010       0.022
rs1801260_2                                      -0.0222      0.015     -1.488      0.137      -0.051       0.007
rs17031614_1                                     -0.0055      0.008     -0.650      0.515      -0.022       0.011
rs17031614_2                                      0.0059      0.008      0.747      0.455      -0.010       0.021
rs139459337_1                                     0.0095      0.009      1.019      0.308      -0.009       0.028
rs139459337_2                                    -0.0154      0.019     -0.820      0.412      -0.052       0.021
rs10838524_1                                     -0.0148      0.006     -2.305      0.021      -0.027      -0.002
rs10838524_2                                     -0.0001      0.007     -0.020      0.984      -0.013       0.013
rs2287161_1                                      -0.0030      0.007     -0.435      0.663      -0.016       0.010
rs2287161_2                                      -0.0054      0.007     -0.819      0.413      -0.018       0.008
rs228697_0_rs10462020_1                          -0.0138      0.006     -2.327      0.020      -0.025      -0.002
rs228697_1_rs10462020_0                          -0.0070      0.005     -1.323      0.186      -0.017       0.003
rs228697_1_rs10462020_1                           0.0045      0.005      0.856      0.392      -0.006       0.015
rs228697_0_rs10462020_2                           0.0060      0.009      0.685      0.494      -0.011       0.023
rs228697_2_rs10462020_0                          -0.0003      0.009     -0.027      0.978      -0.018       0.018
rs228697_2_rs10462020_2                        1.138e-16   1.47e-16      0.775      0.438   -1.74e-16    4.02e-16
rs228697_1_rs10462020_2                        5.335e-17   9.31e-17      0.573      0.567   -1.29e-16    2.36e-16
rs228697_2_rs10462020_1                         1.98e-16   1.55e-16      1.279      0.201   -1.05e-16    5.01e-16
rs228697_0_rs10462023_1                           0.0015      0.006      0.244      0.807      -0.010       0.013
rs228697_1_rs10462023_0                          -0.0007      0.006     -0.134      0.894      -0.012       0.010
rs228697_1_rs10462023_1                           0.0007      0.005      0.131      0.896      -0.010       0.011
rs228697_0_rs10462023_2                           0.0017      0.008      0.202      0.840      -0.015       0.018
rs228697_2_rs10462023_0                           0.0124      0.012      1.014      0.311      -0.012       0.036
rs228697_2_rs10462023_2                          -0.0045      0.013     -0.343      0.731      -0.030       0.021
rs228697_1_rs10462023_2                          -0.0025      0.008     -0.327      0.744      -0.017       0.012
rs228697_2_rs10462023_1                          -0.0082      0.010     -0.835      0.404      -0.027       0.011
rs228697_0_rs1801260_1                            0.0039      0.006      0.634      0.526      -0.008       0.016
rs228697_1_rs1801260_0                           -0.0030      0.006     -0.505      0.613      -0.015       0.009
rs228697_1_rs1801260_1                           -0.0085      0.007     -1.236      0.216      -0.022       0.005
rs228697_0_rs1801260_2                            0.0050      0.012      0.414      0.679      -0.019       0.029
rs228697_2_rs1801260_0                            0.0253      0.013      1.958      0.050   -2.93e-05       0.051
rs228697_2_rs1801260_2                           -0.0361      0.019     -1.884      0.060      -0.074       0.001
rs228697_1_rs1801260_2                            0.0090      0.011      0.835      0.404      -0.012       0.030
rs228697_2_rs1801260_1                            0.0106      0.011      0.925      0.355      -0.012       0.033
rs228697_0_rs17031614_1                           0.0058      0.007      0.792      0.428      -0.008       0.020
rs228697_1_rs17031614_0                           0.0018      0.005      0.364      0.716      -0.008       0.012
rs228697_1_rs17031614_1                          -0.0032      0.007     -0.458      0.647      -0.017       0.011
rs228697_0_rs17031614_2                          -0.0061      0.008     -0.805      0.421      -0.021       0.009
rs228697_2_rs17031614_0                          -0.0053      0.011     -0.475      0.635      -0.027       0.016
rs228697_2_rs17031614_2                           0.0131      0.013      1.014      0.310      -0.012       0.038
rs228697_1_rs17031614_2                          -0.0011      0.007     -0.158      0.874      -0.015       0.012
rs228697_2_rs17031614_1                          -0.0080      0.012     -0.645      0.519      -0.032       0.016
rs228697_0_rs139459337_1                         -0.0156      0.013     -1.184      0.236      -0.041       0.010
rs228697_1_rs139459337_0                          0.0210      0.019      1.123      0.261      -0.016       0.058
rs228697_1_rs139459337_1                          0.0080      0.019      0.412      0.680      -0.030       0.046
rs228697_0_rs139459337_2                          0.0388      0.048      0.817      0.414      -0.054       0.132
rs228697_2_rs139459337_0                          0.0054      0.035      0.155      0.877      -0.063       0.074
rs228697_2_rs139459337_2                         -0.0227      0.068     -0.335      0.738      -0.156       0.110
rs228697_1_rs139459337_2                         -0.0315      0.040     -0.780      0.435      -0.111       0.048
rs228697_2_rs139459337_1                          0.0171      0.029      0.581      0.561      -0.040       0.075
rs228697_0_rs10838524_1                           0.0048      0.007      0.699      0.484      -0.009       0.018
rs228697_1_rs10838524_0                          -0.0011      0.007     -0.158      0.874      -0.014       0.012
rs228697_1_rs10838524_1                          -0.0065      0.005     -1.220      0.222      -0.017       0.004
rs228697_0_rs10838524_2                          -0.0029      0.007     -0.385      0.700      -0.018       0.012
rs228697_2_rs10838524_0                           0.0151      0.015      0.985      0.325      -0.015       0.045
rs228697_2_rs10838524_2                          -0.0023      0.011     -0.216      0.829      -0.023       0.019
rs228697_1_rs10838524_2                           0.0051      0.006      0.878      0.380      -0.006       0.016
rs228697_2_rs10838524_1                          -0.0131      0.010     -1.308      0.191      -0.033       0.007
rs228697_0_rs2287161_1                            0.0081      0.006      1.261      0.207      -0.005       0.021
rs228697_1_rs2287161_0                           -0.0054      0.006     -0.870      0.384      -0.017       0.007
rs228697_1_rs2287161_1                            0.0080      0.006      1.451      0.147      -0.003       0.019
rs228697_0_rs2287161_2                            0.0037      0.007      0.511      0.609      -0.010       0.018
rs228697_2_rs2287161_0                            0.0228      0.014      1.603      0.109      -0.005       0.051
rs228697_2_rs2287161_2                           -0.0039      0.011     -0.353      0.724      -0.026       0.018
rs228697_1_rs2287161_2                           -0.0051      0.006     -0.874      0.382      -0.017       0.006
rs228697_2_rs2287161_1                           -0.0191      0.010     -1.924      0.054      -0.039       0.000
rs10462020_0_rs10462023_1                         0.0131      0.012      1.077      0.282      -0.011       0.037
rs10462020_1_rs10462023_0                        -0.0075      0.009     -0.842      0.400      -0.025       0.010
rs10462020_1_rs10462023_1                        -0.0048      0.012     -0.413      0.680      -0.027       0.018
rs10462020_0_rs10462023_2                         0.0290      0.018      1.649      0.099      -0.005       0.064
rs10462020_2_rs10462023_0                         0.0575      0.031      1.835      0.066      -0.004       0.119
rs10462020_2_rs10462023_2                        -0.0372      0.033     -1.114      0.265      -0.103       0.028
rs10462020_1_rs10462023_2                         0.0029      0.014      0.205      0.838      -0.025       0.031
rs10462020_2_rs10462023_1                        -0.0144      0.025     -0.577      0.564      -0.063       0.034
rs10462020_0_rs1801260_1                         -0.0028      0.013     -0.219      0.827      -0.028       0.022
rs10462020_1_rs1801260_0                         -0.0032      0.009     -0.378      0.705      -0.020       0.014
rs10462020_1_rs1801260_1                          0.0055      0.013      0.423      0.673      -0.020       0.031
rs10462020_0_rs1801260_2                         -0.0055      0.020     -0.277      0.782      -0.045       0.034
rs10462020_2_rs1801260_0                          0.0077      0.026      0.302      0.763      -0.042       0.058
rs10462020_2_rs1801260_2                         -0.0050      0.039     -0.130      0.897      -0.081       0.071
rs10462020_1_rs1801260_2                         -0.0116      0.018     -0.650      0.516      -0.047       0.023
rs10462020_2_rs1801260_1                          0.0033      0.027      0.119      0.905      -0.050       0.057
rs10462020_0_rs17031614_1                         0.0052      0.014      0.364      0.716      -0.023       0.033
rs10462020_1_rs17031614_0                        -0.0041      0.008     -0.504      0.614      -0.020       0.012
rs10462020_1_rs17031614_1                        -0.0045      0.012     -0.370      0.711      -0.029       0.020
rs10462020_0_rs17031614_2                        -0.0113      0.015     -0.744      0.457      -0.041       0.018
rs10462020_2_rs17031614_0                        -0.0057      0.027     -0.214      0.831      -0.058       0.047
rs10462020_2_rs17031614_2                         0.0178      0.030      0.599      0.549      -0.040       0.076
rs10462020_1_rs17031614_2                        -0.0007      0.013     -0.053      0.957      -0.026       0.025
rs10462020_2_rs17031614_1                        -0.0061      0.027     -0.224      0.823      -0.060       0.047
rs10462020_0_rs139459337_1                       -0.0087      0.020     -0.431      0.666      -0.048       0.031
rs10462020_1_rs139459337_0                        0.0369      0.023      1.593      0.111      -0.008       0.082
rs10462020_1_rs139459337_1                        0.0235      0.020      1.193      0.233      -0.015       0.062
rs10462020_0_rs139459337_2                        0.0543      0.037      1.480      0.139      -0.018       0.126
rs10462020_2_rs139459337_0                        0.0113      0.030      0.382      0.702      -0.047       0.069
rs10462020_2_rs139459337_2                     1.428e-18    6.8e-17      0.021      0.983   -1.32e-16    1.35e-16
rs10462020_1_rs139459337_2                       -0.0697      0.042     -1.646      0.100      -0.153       0.013
rs10462020_2_rs139459337_1                       -0.0053      0.035     -0.152      0.879      -0.074       0.063
rs10462020_0_rs10838524_1                         0.0158      0.013      1.236      0.216      -0.009       0.041
rs10462020_1_rs10838524_0                        -0.0082      0.009     -0.917      0.359      -0.026       0.009
rs10462020_1_rs10838524_1                         0.0080      0.010      0.797      0.426      -0.012       0.028
rs10462020_0_rs10838524_2                        -0.0073      0.014     -0.536      0.592      -0.034       0.019
rs10462020_2_rs10838524_0                         0.0283      0.032      0.898      0.369      -0.033       0.090
rs10462020_2_rs10838524_2                         0.0163      0.026      0.618      0.536      -0.035       0.068
rs10462020_1_rs10838524_2                        -0.0091      0.011     -0.795      0.427      -0.031       0.013
rs10462020_2_rs10838524_1                        -0.0386      0.024     -1.634      0.102      -0.085       0.008
rs10462020_0_rs2287161_1                         -0.0199      0.013     -1.581      0.114      -0.045       0.005
rs10462020_1_rs2287161_0                          0.0059      0.010      0.609      0.543      -0.013       0.025
rs10462020_1_rs2287161_1                         -0.0191      0.010     -1.996      0.046      -0.038      -0.000
rs10462020_0_rs2287161_2                          0.0032      0.014      0.232      0.817      -0.023       0.030
rs10462020_2_rs2287161_0                         -0.0176      0.032     -0.552      0.581      -0.080       0.045
rs10462020_2_rs2287161_2                         -0.0125      0.024     -0.516      0.606      -0.060       0.035
rs10462020_1_rs2287161_2                          0.0040      0.010      0.392      0.695      -0.016       0.024
rs10462020_2_rs2287161_1                          0.0361      0.023      1.594      0.111      -0.008       0.080
rs10462023_0_rs1801260_1                         -0.0030      0.005     -0.572      0.568      -0.013       0.007
rs10462023_1_rs1801260_0                         -0.0020      0.005     -0.382      0.703      -0.012       0.008
rs10462023_1_rs1801260_1                         -0.0057      0.005     -1.066      0.286      -0.016       0.005
rs10462023_0_rs1801260_2                          0.0040      0.011      0.367      0.714      -0.017       0.025
rs10462023_2_rs1801260_0                          0.0078      0.008      1.011      0.312      -0.007       0.023
rs10462023_2_rs1801260_2                         -0.0278      0.012     -2.393      0.017      -0.051      -0.005
rs10462023_1_rs1801260_2                          0.0017      0.008      0.208      0.835      -0.014       0.018
rs10462023_2_rs1801260_1                          0.0147      0.007      2.052      0.040       0.001       0.029
rs10462023_0_rs17031614_1                         0.0029      0.006      0.446      0.656      -0.010       0.015
rs10462023_1_rs17031614_0                         0.0011      0.005      0.246      0.805      -0.008       0.010
rs10462023_1_rs17031614_1                         0.0010      0.005      0.195      0.845      -0.009       0.011
rs10462023_0_rs17031614_2                         0.0130      0.006      2.047      0.041       0.001       0.025
rs10462023_2_rs17031614_0                         0.0031      0.007      0.450      0.652      -0.010       0.016
rs10462023_2_rs17031614_2                         0.0010      0.007      0.152      0.879      -0.013       0.015
rs10462023_1_rs17031614_2                        -0.0082      0.006     -1.437      0.151      -0.019       0.003
rs10462023_2_rs17031614_1                        -0.0094      0.007     -1.255      0.210      -0.024       0.005
rs10462023_0_rs139459337_1                        0.0096      0.011      0.879      0.379      -0.012       0.031
rs10462023_1_rs139459337_0                       -0.0045      0.016     -0.277      0.781      -0.037       0.028
rs10462023_1_rs139459337_1                        0.0195      0.015      1.263      0.207      -0.011       0.050
rs10462023_0_rs139459337_2                       -0.0288      0.041     -0.703      0.482      -0.109       0.052
rs10462023_2_rs139459337_0                       -0.0201      0.024     -0.820      0.412      -0.068       0.028
rs10462023_2_rs139459337_2                        0.0344      0.050      0.693      0.488      -0.063       0.132
rs10462023_1_rs139459337_2                       -0.0210      0.034     -0.615      0.538      -0.088       0.046
rs10462023_2_rs139459337_1                       -0.0196      0.021     -0.955      0.340      -0.060       0.021
rs10462023_0_rs10838524_1                        -0.0087      0.006     -1.481      0.139      -0.020       0.003
rs10462023_1_rs10838524_0                        -0.0100      0.006     -1.721      0.085      -0.021       0.001
rs10462023_1_rs10838524_1                        -0.0048      0.004     -1.116      0.264      -0.013       0.004
rs10462023_0_rs10838524_2                     -5.482e-05      0.006     -0.009      0.993      -0.013       0.012
rs10462023_2_rs10838524_0                         0.0049      0.009      0.546      0.585      -0.013       0.023
rs10462023_2_rs10838524_2                        -0.0089      0.006     -1.414      0.158      -0.021       0.003
rs10462023_1_rs10838524_2                         0.0088      0.005      1.844      0.065      -0.001       0.018
rs10462023_2_rs10838524_1                        -0.0013      0.006     -0.217      0.828      -0.013       0.010
rs10462023_0_rs2287161_1                          0.0018      0.006      0.311      0.756      -0.009       0.013
rs10462023_1_rs2287161_0                          0.0026      0.006      0.426      0.670      -0.009       0.015
rs10462023_1_rs2287161_1                          0.0030      0.004      0.738      0.461      -0.005       0.011
rs10462023_0_rs2287161_2                          0.0017      0.006      0.266      0.790      -0.011       0.014
rs10462023_2_rs2287161_0                         -0.0020      0.008     -0.252      0.801      -0.018       0.014
rs10462023_2_rs2287161_2                          0.0046      0.007      0.688      0.492      -0.008       0.018
rs10462023_1_rs2287161_2                         -0.0116      0.005     -2.508      0.012      -0.021      -0.003
rs10462023_2_rs2287161_1                         -0.0078      0.006     -1.249      0.212      -0.020       0.004
rs1801260_0_rs17031614_1                          0.0019      0.007      0.286      0.775      -0.011       0.015
rs1801260_1_rs17031614_0                          0.0011      0.005      0.229      0.819      -0.008       0.011
rs1801260_1_rs17031614_1                          0.0034      0.007      0.513      0.608      -0.010       0.017
rs1801260_0_rs17031614_2                          0.0090      0.007      1.354      0.176      -0.004       0.022
rs1801260_2_rs17031614_0                         -0.0067      0.010     -0.657      0.511      -0.027       0.013
rs1801260_2_rs17031614_2                         -0.0046      0.010     -0.451      0.652      -0.025       0.016
rs1801260_1_rs17031614_2                          0.0015      0.006      0.241      0.810      -0.011       0.014
rs1801260_2_rs17031614_1                         -0.0109      0.010     -1.122      0.262      -0.030       0.008
rs1801260_0_rs139459337_1                        -0.0136      0.013     -1.012      0.311      -0.040       0.013
rs1801260_1_rs139459337_0                        -0.0246      0.020     -1.232      0.218      -0.064       0.015
rs1801260_1_rs139459337_1                        -0.0265      0.024     -1.097      0.273      -0.074       0.021
rs1801260_0_rs139459337_2                         0.0324      0.051      0.632      0.527      -0.068       0.133
rs1801260_2_rs139459337_0                         0.0332      0.045      0.744      0.457      -0.054       0.121
rs1801260_2_rs139459337_2                        -0.1049      0.092     -1.141      0.254      -0.285       0.075
rs1801260_1_rs139459337_2                         0.0571      0.048      1.177      0.239      -0.038       0.152
rs1801260_2_rs139459337_1                         0.0496      0.036      1.368      0.171      -0.021       0.121
rs1801260_0_rs10838524_1                         -0.0128      0.006     -2.190      0.029      -0.024      -0.001
rs1801260_1_rs10838524_0                          0.0016      0.006      0.250      0.803      -0.011       0.014
rs1801260_1_rs10838524_1                         -0.0009      0.005     -0.187      0.852      -0.011       0.009
rs1801260_0_rs10838524_2                         -0.0036      0.007     -0.548      0.584      -0.017       0.009
rs1801260_2_rs10838524_0                         -0.0193      0.012     -1.624      0.104      -0.043       0.004
rs1801260_2_rs10838524_2                         -0.0019      0.009     -0.206      0.837      -0.020       0.016
rs1801260_1_rs10838524_2                          0.0054      0.005      0.984      0.325      -0.005       0.016
rs1801260_2_rs10838524_1                         -0.0010      0.008     -0.117      0.907      -0.018       0.016
rs1801260_0_rs2287161_1                          -0.0061      0.006     -1.027      0.304      -0.018       0.006
rs1801260_1_rs2287161_0                          -0.0044      0.006     -0.726      0.468      -0.016       0.007
rs1801260_1_rs2287161_1                           0.0033      0.005      0.624      0.532      -0.007       0.014
rs1801260_0_rs2287161_2                           0.0052      0.006      0.809      0.418      -0.007       0.018
rs1801260_2_rs2287161_0                          -0.0043      0.012     -0.367      0.713      -0.027       0.019
rs1801260_2_rs2287161_2                          -0.0176      0.009     -1.889      0.059      -0.036       0.001
rs1801260_1_rs2287161_2                           0.0071      0.006      1.290      0.197      -0.004       0.018
rs1801260_2_rs2287161_1                          -0.0002      0.008     -0.029      0.977      -0.016       0.016
rs17031614_0_rs139459337_1                       -0.0028      0.010     -0.279      0.780      -0.023       0.017
rs17031614_1_rs139459337_0                       -0.0025      0.023     -0.108      0.914      -0.049       0.043
rs17031614_1_rs139459337_1                        0.0048      0.020      0.238      0.812      -0.034       0.044
rs17031614_0_rs139459337_2                       -0.0094      0.037     -0.254      0.799      -0.082       0.063
rs17031614_2_rs139459337_0                       -0.0035      0.020     -0.175      0.861      -0.043       0.036
rs17031614_2_rs139459337_2                        0.0018      0.042      0.043      0.966      -0.080       0.084
rs17031614_1_rs139459337_2                       -0.0077      0.048     -0.160      0.873      -0.103       0.087
rs17031614_2_rs139459337_1                        0.0076      0.018      0.416      0.677      -0.028       0.043
rs17031614_0_rs10838524_1                        -0.0053      0.006     -0.945      0.345      -0.016       0.006
rs17031614_1_rs10838524_0                        -0.0019      0.008     -0.245      0.806      -0.017       0.013
rs17031614_1_rs10838524_1                        -0.0062      0.005     -1.219      0.223      -0.016       0.004
rs17031614_0_rs10838524_2                         0.0002      0.006      0.032      0.974      -0.011       0.012
rs17031614_2_rs10838524_0                         0.0121      0.007      1.636      0.102      -0.002       0.027
rs17031614_2_rs10838524_2                        -0.0030      0.006     -0.498      0.619      -0.015       0.009
rs17031614_1_rs10838524_2                         0.0026      0.006      0.465      0.642      -0.008       0.014
rs17031614_2_rs10838524_1                        -0.0033      0.005     -0.630      0.529      -0.013       0.007
rs17031614_0_rs2287161_1                          0.0053      0.005      1.033      0.301      -0.005       0.015
rs17031614_1_rs2287161_0                          0.0049      0.007      0.670      0.503      -0.009       0.019
rs17031614_1_rs2287161_1                         -0.0065      0.005     -1.184      0.237      -0.017       0.004
rs17031614_0_rs2287161_2                         -0.0020      0.006     -0.346      0.730      -0.013       0.009
rs17031614_2_rs2287161_0                          0.0071      0.007      0.984      0.325      -0.007       0.021
rs17031614_2_rs2287161_2                          0.0006      0.006      0.095      0.924      -0.011       0.012
rs17031614_1_rs2287161_2                         -0.0040      0.006     -0.698      0.485      -0.015       0.007
rs17031614_2_rs2287161_1                         -0.0018      0.005     -0.347      0.729      -0.012       0.009
rs139459337_0_rs10838524_1                        0.0146      0.021      0.691      0.489      -0.027       0.056
rs139459337_1_rs10838524_0                        0.0001      0.015      0.009      0.992      -0.030       0.030
rs139459337_1_rs10838524_1                        0.0194      0.013      1.507      0.132      -0.006       0.045
rs139459337_0_rs10838524_2                       -0.0018      0.022     -0.083      0.934      -0.045       0.041
rs139459337_2_rs10838524_0                        0.0217      0.062      0.349      0.727      -0.100       0.143
rs139459337_2_rs10838524_2                        0.0117      0.037      0.316      0.752      -0.061       0.084
rs139459337_1_rs10838524_2                       -0.0100      0.013     -0.763      0.445      -0.036       0.016
rs139459337_2_rs10838524_1                       -0.0488      0.036     -1.343      0.179      -0.120       0.022
rs139459337_0_rs2287161_1                         0.0101      0.021      0.486      0.627      -0.031       0.051
rs139459337_1_rs2287161_0                        -0.0091      0.012     -0.727      0.467      -0.034       0.015
rs139459337_1_rs2287161_1                         0.0133      0.015      0.914      0.361      -0.015       0.042
rs139459337_0_rs2287161_2                         0.0036      0.019      0.191      0.849      -0.033       0.040
rs139459337_2_rs2287161_0                         0.0253      0.053      0.481      0.631      -0.078       0.128
rs139459337_2_rs2287161_2                        -0.0142      0.035     -0.410      0.682      -0.082       0.054
rs139459337_1_rs2287161_2                         0.0053      0.014      0.381      0.703      -0.022       0.032
rs139459337_2_rs2287161_1                        -0.0264      0.039     -0.677      0.498      -0.103       0.050
rs10838524_0_rs2287161_1                         -0.0044      0.007     -0.623      0.533      -0.018       0.009
rs10838524_1_rs2287161_0                         -0.0096      0.007     -1.392      0.164      -0.023       0.004
rs10838524_1_rs2287161_1                         -0.0015      0.004     -0.361      0.718      -0.010       0.007
rs10838524_0_rs2287161_2                         -0.0023      0.007     -0.308      0.758      -0.017       0.012
rs10838524_2_rs2287161_0                         -0.0036      0.007     -0.487      0.626      -0.018       0.011
rs10838524_2_rs2287161_2                          0.0006      0.005      0.112      0.911      -0.010       0.011
rs10838524_1_rs2287161_2                         -0.0037      0.005     -0.786      0.432      -0.013       0.006
rs10838524_2_rs2287161_1                          0.0029      0.005      0.626      0.532      -0.006       0.012
==============================================================================
Omnibus:                     3425.383   Durbin-Watson:                   1.978
Prob(Omnibus):                  0.000   Jarque-Bera (JB):            17997.105
Skew:                           2.192   Prob(JB):                         0.00
Kurtosis:                       9.195   Cond. No.                     1.38e+16
==============================================================================

Notes:
[1] Standard Errors assume that the covariance matrix of the errors is correctly specified.
[2] The smallest eigenvalue is 3.06e-28. This might indicate that there are
strong multicollinearity problems or that the design matrix is singular.

----------------------------------------------------------------------------------------
adjusted p-values for Regression before stepwise adjustment: 

intercept                                       4.247734233630553e-23
sex_1                                           1.884854034486861e-14
Ever_addicted_to_any_substance_or_behaviour_1   5.031752703057012e-22
Age_at_recruitment                             3.0331122964944176e-29
Average_total_household_income_before_tax_1        0.6401762103774075
Average_total_household_income_before_tax_2     5.126633421909292e-05
Average_total_household_income_before_tax_3    1.9400092717647968e-07
Average_total_household_income_before_tax_4     4.798430870569036e-06
Townsend_deprivation_index_at_recruitment        0.018765252446139843
Chronotype_1                                       0.9525808930509861
Chronotype_2                                       0.9807755458604501
Chronotype_3                                       0.9533262717354899
rs228697_1                                         0.9533262717354899
rs228697_2                                          0.992282621036891
rs10462020_1                                       0.9525808930509861
rs10462020_2                                       0.9533262717354899
rs10462023_1                                       0.9533262717354899
rs10462023_2                                       0.9533262717354899
rs1801260_1                                        0.9533262717354899
rs1801260_2                                        0.9457418533553298
rs17031614_1                                       0.9533262717354899
rs17031614_2                                       0.9533262717354899
rs139459337_1                                      0.9533262717354899
rs139459337_2                                      0.9533262717354899
rs10838524_1                                       0.4451310861060813
rs10838524_2                                        0.992282621036891
rs2287161_1                                        0.9533262717354899
rs2287161_2                                        0.9533262717354899
rs228697_0_rs10462020_1                            0.4451310861060813
rs228697_1_rs10462020_0                            0.9525808930509861
rs228697_1_rs10462020_1                            0.9533262717354899
rs228697_0_rs10462020_2                            0.9533262717354899
rs228697_2_rs10462020_0                             0.992282621036891
rs228697_2_rs10462020_2                            0.9533262717354899
rs228697_1_rs10462020_2                            0.9533262717354899
rs228697_2_rs10462020_1                            0.9525808930509861
rs228697_0_rs10462023_1                            0.9533262717354899
rs228697_1_rs10462023_0                            0.9617349190994124
rs228697_1_rs10462023_1                            0.9617349190994124
rs228697_0_rs10462023_2                            0.9533262717354899
rs228697_2_rs10462023_0                            0.9533262717354899
rs228697_2_rs10462023_2                            0.9533262717354899
rs228697_1_rs10462023_2                            0.9533262717354899
rs228697_2_rs10462023_1                            0.9533262717354899
rs228697_0_rs1801260_1                             0.9533262717354899
rs228697_1_rs1801260_0                             0.9533262717354899
rs228697_1_rs1801260_1                             0.9525808930509861
rs228697_0_rs1801260_2                             0.9533262717354899
rs228697_2_rs1801260_0                             0.7037291175638837
rs228697_2_rs1801260_2                             0.7154504490900254
rs228697_1_rs1801260_2                             0.9533262717354899
rs228697_2_rs1801260_1                             0.9533262717354899
rs228697_0_rs17031614_1                            0.9533262717354899
rs228697_1_rs17031614_0                            0.9533262717354899
rs228697_1_rs17031614_1                            0.9533262717354899
rs228697_0_rs17031614_2                            0.9533262717354899
rs228697_2_rs17031614_0                            0.9533262717354899
rs228697_2_rs17031614_2                            0.9533262717354899
rs228697_1_rs17031614_2                            0.9551890430019325
rs228697_2_rs17031614_1                            0.9533262717354899
rs228697_0_rs139459337_1                           0.9533262717354899
rs228697_1_rs139459337_0                           0.9533262717354899
rs228697_1_rs139459337_1                           0.9533262717354899
rs228697_0_rs139459337_2                           0.9533262717354899
rs228697_2_rs139459337_0                           0.9551890430019325
rs228697_2_rs139459337_2                           0.9533262717354899
rs228697_1_rs139459337_2                           0.9533262717354899
rs228697_2_rs139459337_1                           0.9533262717354899
rs228697_0_rs10838524_1                            0.9533262717354899
rs228697_1_rs10838524_0                            0.9551890430019325
rs228697_1_rs10838524_1                            0.9525808930509861
rs228697_0_rs10838524_2                            0.9533262717354899
rs228697_2_rs10838524_0                            0.9533262717354899
rs228697_2_rs10838524_2                            0.9533262717354899
rs228697_1_rs10838524_2                            0.9533262717354899
rs228697_2_rs10838524_1                            0.9525808930509861
rs228697_0_rs2287161_1                             0.9525808930509861
rs228697_1_rs2287161_0                             0.9533262717354899
rs228697_1_rs2287161_1                             0.9525808930509861
rs228697_0_rs2287161_2                             0.9533262717354899
rs228697_2_rs2287161_0                             0.8691984197084307
rs228697_2_rs2287161_2                             0.9533262717354899
rs228697_1_rs2287161_2                             0.9533262717354899
rs228697_2_rs2287161_1                             0.7154504490900254
rs10462020_0_rs10462023_1                          0.9533262717354899
rs10462020_1_rs10462023_0                          0.9533262717354899
rs10462020_1_rs10462023_1                          0.9533262717354899
rs10462020_0_rs10462023_2                          0.8691984197084307
rs10462020_2_rs10462023_0                          0.7284834467585404
rs10462020_2_rs10462023_2                          0.9533262717354899
rs10462020_1_rs10462023_2                          0.9533262717354899
rs10462020_2_rs10462023_1                          0.9533262717354899
rs10462020_0_rs1801260_1                           0.9533262717354899
rs10462020_1_rs1801260_0                           0.9533262717354899
rs10462020_1_rs1801260_1                           0.9533262717354899
rs10462020_0_rs1801260_2                           0.9533262717354899
rs10462020_2_rs1801260_0                           0.9533262717354899
rs10462020_2_rs1801260_2                           0.9617349190994124
rs10462020_1_rs1801260_2                           0.9533262717354899
rs10462020_2_rs1801260_1                           0.9636431005608401
rs10462020_0_rs17031614_1                          0.9533262717354899
rs10462020_1_rs17031614_0                          0.9533262717354899
rs10462020_1_rs17031614_1                          0.9533262717354899
rs10462020_0_rs17031614_2                          0.9533262717354899
rs10462020_2_rs17031614_0                          0.9533262717354899
rs10462020_2_rs17031614_2                          0.9533262717354899
rs10462020_1_rs17031614_2                           0.992282621036891
rs10462020_2_rs17031614_1                          0.9533262717354899
rs10462020_0_rs139459337_1                         0.9533262717354899
rs10462020_1_rs139459337_0                         0.8691984197084307
rs10462020_1_rs139459337_1                         0.9533262717354899
rs10462020_0_rs139459337_2                         0.9457418533553298
rs10462020_2_rs139459337_0                         0.9533262717354899
rs10462020_2_rs139459337_2                          0.992282621036891
rs10462020_1_rs139459337_2                         0.8691984197084307
rs10462020_2_rs139459337_1                         0.9551890430019325
rs10462020_0_rs10838524_1                          0.9525808930509861
rs10462020_1_rs10838524_0                          0.9533262717354899
rs10462020_1_rs10838524_1                          0.9533262717354899
rs10462020_0_rs10838524_2                          0.9533262717354899
rs10462020_2_rs10838524_0                          0.9533262717354899
rs10462020_2_rs10838524_2                          0.9533262717354899
rs10462020_1_rs10838524_2                          0.9533262717354899
rs10462020_2_rs10838524_1                          0.8691984197084307
rs10462020_0_rs2287161_1                           0.8691984197084307
rs10462020_1_rs2287161_0                           0.9533262717354899
rs10462020_1_rs2287161_1                           0.6818889135848512
rs10462020_0_rs2287161_2                           0.9533262717354899
rs10462020_2_rs2287161_0                           0.9533262717354899
rs10462020_2_rs2287161_2                           0.9533262717354899
rs10462020_1_rs2287161_2                           0.9533262717354899
rs10462020_2_rs2287161_1                           0.8691984197084307
rs10462023_0_rs1801260_1                           0.9533262717354899
rs10462023_1_rs1801260_0                           0.9533262717354899
rs10462023_1_rs1801260_1                           0.9533262717354899
rs10462023_0_rs1801260_2                           0.9533262717354899
rs10462023_2_rs1801260_0                           0.9533262717354899
rs10462023_2_rs1801260_2                           0.4215470320049512
rs10462023_1_rs1801260_2                           0.9533262717354899
rs10462023_2_rs1801260_1                           0.6401762103774075
rs10462023_0_rs17031614_1                          0.9533262717354899
rs10462023_1_rs17031614_0                          0.9533262717354899
rs10462023_1_rs17031614_1                          0.9541161012253195
rs10462023_0_rs17031614_2                          0.6401762103774075
rs10462023_2_rs17031614_0                          0.9533262717354899
rs10462023_2_rs17031614_2                          0.9551890430019325
rs10462023_1_rs17031614_2                          0.9525808930509861
rs10462023_2_rs17031614_1                          0.9525808930509861
rs10462023_0_rs139459337_1                         0.9533262717354899
rs10462023_1_rs139459337_0                         0.9533262717354899
rs10462023_1_rs139459337_1                         0.9525808930509861
rs10462023_0_rs139459337_2                         0.9533262717354899
rs10462023_2_rs139459337_0                         0.9533262717354899
rs10462023_2_rs139459337_2                         0.9533262717354899
rs10462023_1_rs139459337_2                         0.9533262717354899
rs10462023_2_rs139459337_1                         0.9533262717354899
rs10462023_0_rs10838524_1                          0.9457418533553298
rs10462023_1_rs10838524_0                          0.8691984197084307
rs10462023_1_rs10838524_1                          0.9533262717354899
rs10462023_0_rs10838524_2                          0.9931118658006473
rs10462023_2_rs10838524_0                          0.9533262717354899
rs10462023_2_rs10838524_2                          0.9525808930509861
rs10462023_1_rs10838524_2                          0.7284834467585404
rs10462023_2_rs10838524_1                          0.9533262717354899
rs10462023_0_rs2287161_1                           0.9533262717354899
rs10462023_1_rs2287161_0                           0.9533262717354899
rs10462023_1_rs2287161_1                           0.9533262717354899
rs10462023_0_rs2287161_2                           0.9533262717354899
rs10462023_2_rs2287161_0                           0.9533262717354899
rs10462023_2_rs2287161_2                           0.9533262717354899
rs10462023_1_rs2287161_2                           0.3402761091155772
rs10462023_2_rs2287161_1                           0.9525808930509861
rs1801260_0_rs17031614_1                           0.9533262717354899
rs1801260_1_rs17031614_0                           0.9533262717354899
rs1801260_1_rs17031614_1                           0.9533262717354899
rs1801260_0_rs17031614_2                           0.9525808930509861
rs1801260_2_rs17031614_0                           0.9533262717354899
rs1801260_2_rs17031614_2                           0.9533262717354899
rs1801260_1_rs17031614_2                           0.9533262717354899
rs1801260_2_rs17031614_1                           0.9533262717354899
rs1801260_0_rs139459337_1                          0.9533262717354899
rs1801260_1_rs139459337_0                          0.9525808930509861
rs1801260_1_rs139459337_1                          0.9533262717354899
rs1801260_0_rs139459337_2                          0.9533262717354899
rs1801260_2_rs139459337_0                          0.9533262717354899
rs1801260_2_rs139459337_2                          0.9533262717354899
rs1801260_1_rs139459337_2                          0.9533262717354899
rs1801260_2_rs139459337_1                          0.9525808930509861
rs1801260_0_rs10838524_1                           0.5537258413270537
rs1801260_1_rs10838524_0                           0.9533262717354899
rs1801260_1_rs10838524_1                           0.9541161012253195
rs1801260_0_rs10838524_2                           0.9533262717354899
rs1801260_2_rs10838524_0                           0.8691984197084307
rs1801260_2_rs10838524_2                           0.9533262717354899
rs1801260_1_rs10838524_2                           0.9533262717354899
rs1801260_2_rs10838524_1                           0.9636431005608401
rs1801260_0_rs2287161_1                            0.9533262717354899
rs1801260_1_rs2287161_0                            0.9533262717354899
rs1801260_1_rs2287161_1                            0.9533262717354899
rs1801260_0_rs2287161_2                            0.9533262717354899
rs1801260_2_rs2287161_0                            0.9533262717354899
rs1801260_2_rs2287161_2                            0.7154504490900254
rs1801260_1_rs2287161_2                            0.9525808930509861
rs1801260_2_rs2287161_1                             0.992282621036891
rs17031614_0_rs139459337_1                         0.9533262717354899
rs17031614_1_rs139459337_0                         0.9636431005608401
rs17031614_1_rs139459337_1                         0.9533262717354899
rs17031614_0_rs139459337_2                         0.9533262717354899
rs17031614_2_rs139459337_0                         0.9551890430019325
rs17031614_2_rs139459337_2                          0.992282621036891
rs17031614_1_rs139459337_2                         0.9551890430019325
rs17031614_2_rs139459337_1                         0.9533262717354899
rs17031614_0_rs10838524_1                          0.9533262717354899
rs17031614_1_rs10838524_0                          0.9533262717354899
rs17031614_1_rs10838524_1                          0.9525808930509861
rs17031614_0_rs10838524_2                           0.992282621036891
rs17031614_2_rs10838524_0                          0.8691984197084307
rs17031614_2_rs10838524_2                          0.9533262717354899
rs17031614_1_rs10838524_2                          0.9533262717354899
rs17031614_2_rs10838524_1                          0.9533262717354899
rs17031614_0_rs2287161_1                           0.9533262717354899
rs17031614_1_rs2287161_0                           0.9533262717354899
rs17031614_1_rs2287161_1                           0.9533262717354899
rs17031614_0_rs2287161_2                           0.9533262717354899
rs17031614_2_rs2287161_0                           0.9533262717354899
rs17031614_2_rs2287161_2                           0.9701554450285514
rs17031614_1_rs2287161_2                           0.9533262717354899
rs17031614_2_rs2287161_1                           0.9533262717354899
rs139459337_0_rs10838524_1                         0.9533262717354899
rs139459337_1_rs10838524_0                         0.9931118658006473
rs139459337_1_rs10838524_1                         0.9457418533553298
rs139459337_0_rs10838524_2                         0.9767369523068019
rs139459337_2_rs10838524_0                         0.9533262717354899
rs139459337_2_rs10838524_2                         0.9533262717354899
rs139459337_1_rs10838524_2                         0.9533262717354899
rs139459337_2_rs10838524_1                         0.9525808930509861
rs139459337_0_rs2287161_1                          0.9533262717354899
rs139459337_1_rs2287161_0                          0.9533262717354899
rs139459337_1_rs2287161_1                          0.9533262717354899
rs139459337_0_rs2287161_2                          0.9541161012253195
rs139459337_2_rs2287161_0                          0.9533262717354899
rs139459337_2_rs2287161_2                          0.9533262717354899
rs139459337_1_rs2287161_2                          0.9533262717354899
rs139459337_2_rs2287161_1                          0.9533262717354899
rs10838524_0_rs2287161_1                           0.9533262717354899
rs10838524_1_rs2287161_0                           0.9525808930509861
rs10838524_1_rs2287161_1                           0.9533262717354899
rs10838524_0_rs2287161_2                           0.9533262717354899
rs10838524_2_rs2287161_0                           0.9533262717354899
rs10838524_2_rs2287161_2                           0.9636431005608401
rs10838524_1_rs2287161_2                           0.9533262717354899
rs10838524_2_rs2287161_1                           0.9533262717354899

----------------------------------------------------------------------------------------
