----------------------------------------------------------------------------------------

Results for two way ANOVA between rs10462020_rs17031614&sex and GAD7 are: 

                                      df       sum_sq   mean_sq           F        PR(>F)
C(rs10462020_rs17031614)             8.0     0.228857  0.028607    1.130931  3.383285e-01
C(sex)                               1.0     7.955817  7.955817  314.518089  3.410700e-70
C(rs10462020_rs17031614):C(sex)      8.0     0.149426  0.018678    0.738407  6.576196e-01
Residual                         60570.0  1532.133964  0.025295         NaN           NaN
----------------------------------------------------------------------------------------

Results for follow-up Tukey test between rs10462020_rs17031614 & sex and GAD7 are: 

Main effect for rs10462020_rs17031614:
 group1  group2     Diff     Lower    Upper  q-value  p-value
      0       4 0.000958 -0.004732 0.006647 0.738297 0.900000
      0       2 0.000970 -0.005895 0.007834 0.619536 0.900000
      0       7 0.005713 -0.005239 0.016666 2.288313 0.768793
      0       5 0.019971 -0.007019 0.046962 3.245927 0.345388
      0       3 0.002010 -0.008873 0.012893 0.810078 0.900000
      0       1 0.000185 -0.005480 0.005850 0.143047 0.900000
      0       8 0.006331 -0.041901 0.054563 0.575813 0.900000
      0       6 0.000655 -0.046687 0.047996 0.060665 0.900000
      4       2 0.000012 -0.007903 0.007927 0.006652 0.900000
      4       7 0.006671 -0.004969 0.018311 2.514034 0.671946
      4       5 0.019014 -0.008262 0.046290 3.057885 0.433734
      4       3 0.002967 -0.008607 0.014542 1.124566 0.900000
      4       1 0.000773 -0.006128 0.007673 0.491238 0.900000
      4       8 0.007289 -0.041104 0.055681 0.660696 0.900000
      4       6 0.000303 -0.047203 0.047808 0.027960 0.900000
      2       7 0.006683 -0.005575 0.018940 2.391669 0.724446
      2       5 0.019002 -0.008544 0.046547 3.026090 0.448811
      2       3 0.002979 -0.009216 0.015175 1.071635 0.900000
      2       1 0.000785 -0.007113 0.008683 0.435879 0.900000
      2       8 0.007301 -0.041244 0.055845 0.659708 0.900000
      2       6 0.000315 -0.047346 0.047975 0.028974 0.900000
      7       5 0.025685 -0.003153 0.054522 3.907123 0.126072
      7       3 0.003704 -0.011181 0.018589 1.091463 0.900000
      7       1 0.005898 -0.005730 0.017526 2.225060 0.795934
      7       8 0.000618 -0.048671 0.049907 0.054976 0.900000
      7       6 0.006368 -0.042051 0.054787 0.576942 0.900000
      5       3 0.021981 -0.006830 0.050792 3.346785 0.302730
      5       1 0.019787 -0.007485 0.047058 3.182753 0.374447
      5       8 0.026303 -0.028815 0.081420 2.093359 0.852440
      5       6 0.019317 -0.035024 0.073657 1.559361 0.900000
      3       1 0.002195 -0.009368 0.013757 0.832549 0.900000
      3       8 0.004321 -0.044953 0.053595 0.384711 0.900000
      3       6 0.002664 -0.045739 0.051067 0.241478 0.900000
      1       8 0.006516 -0.041874 0.054905 0.590680 0.900000
      1       6 0.000470 -0.047033 0.047973 0.043400 0.900000
      8       6 0.006986 -0.060473 0.074445 0.454268 0.900000

Main effect for sex:
 group1  group2     Diff    Lower   Upper   q-value  p-value
    0.0     1.0 0.033492 0.030944 0.03604 36.436924    0.001

Interaction effect between rs10462020_rs17031614 and sex:
  group1   group2     Diff     Lower    Upper   q-value  p-value
(0, 0.0) (0, 1.0) 0.033352  0.026790 0.039913 25.080594 0.001000
(0, 0.0) (4, 0.0) 0.000533 -0.008040 0.009106  0.306568 0.900000
(0, 0.0) (4, 1.0) 0.035482  0.026096 0.044868 18.653062 0.001000
(0, 0.0) (2, 0.0) 0.002194 -0.008142 0.012530  1.047146 0.900000
(0, 0.0) (2, 1.0) 0.033419  0.021993 0.044844 14.432544 0.001000
(0, 0.0) (7, 0.0) 0.011129 -0.005381 0.027638  3.326066 0.622821
(0, 0.0) (7, 1.0) 0.034927  0.016540 0.053315  9.372730 0.001000
(0, 0.0) (5, 0.0) 0.014640 -0.025963 0.055242  1.779091 0.900000
(0, 0.0) (5, 1.0) 0.060703  0.015031 0.106375  6.558096 0.001000
(0, 0.0) (3, 0.0) 0.000096 -0.016388 0.016580  0.028794 0.900000
(0, 0.0) (3, 1.0) 0.029027  0.010869 0.047186  7.887480 0.001000
(0, 0.0) (1, 0.0) 0.000850 -0.007728 0.009428  0.488906 0.900000
(0, 0.0) (1, 1.0) 0.032789  0.023506 0.042073 17.427584 0.001000
(0, 0.0) (8, 0.0) 0.006573 -0.061362 0.074509  0.477416 0.900000
(0, 0.0) (8, 1.0) 0.035472 -0.054653 0.125598  1.942041 0.900000
(0, 0.0) (6, 0.0) 0.013632 -0.052838 0.080102  1.011927 0.900000
(0, 0.0) (6, 1.0) 0.019214 -0.069752 0.108179  1.065630 0.900000
(0, 1.0) (4, 0.0) 0.032819  0.023994 0.041645 18.349042 0.001000
(0, 1.0) (4, 1.0) 0.002130 -0.007487 0.011747  1.092739 0.900000
(0, 1.0) (2, 0.0) 0.031158  0.020612 0.041705 14.577701 0.001000
(0, 1.0) (2, 1.0) 0.000067 -0.011549 0.011682  0.028281 0.900000
(0, 1.0) (7, 0.0) 0.044481  0.027839 0.061122 13.188248 0.001000
(0, 1.0) (7, 1.0) 0.001575 -0.016931 0.020082  0.420049 0.900000
(0, 1.0) (5, 0.0) 0.018712 -0.021944 0.059369  2.270976 0.900000
(0, 1.0) (5, 1.0) 0.027351 -0.018369 0.073071  2.951791 0.796012
(0, 1.0) (3, 0.0) 0.033448  0.016831 0.050065  9.932087 0.001000
(0, 1.0) (3, 1.0) 0.004325 -0.013954 0.022604  1.167404 0.900000
(0, 1.0) (1, 0.0) 0.032502  0.023671 0.041333 18.160489 0.001000
(0, 1.0) (1, 1.0) 0.000563 -0.008954 0.010080  0.291798 0.900000
(0, 1.0) (8, 0.0) 0.039925 -0.028043 0.107893  2.898419 0.820709
(0, 1.0) (8, 1.0) 0.002120 -0.088030 0.092270  0.116050 0.900000
(0, 1.0) (6, 0.0) 0.019720 -0.046783 0.086223  1.463134 0.900000
(0, 1.0) (6, 1.0) 0.014138 -0.074852 0.103128  0.783924 0.900000
(4, 0.0) (4, 1.0) 0.034949  0.023862 0.046036 15.553488 0.001000
(4, 0.0) (2, 0.0) 0.001661 -0.010242 0.013563  0.688528 0.900000
(4, 0.0) (2, 1.0) 0.032886  0.020026 0.045745 12.618291 0.001000
(4, 0.0) (7, 0.0) 0.011661 -0.005871 0.029194  3.281843 0.643283
(4, 0.0) (7, 1.0) 0.034395  0.015083 0.053706  8.788159 0.001000
(4, 0.0) (5, 0.0) 0.014107 -0.026922 0.055136  1.696532 0.900000
(4, 0.0) (5, 1.0) 0.060170  0.014119 0.106222  6.446943 0.001000
(4, 0.0) (3, 0.0) 0.000629 -0.016880 0.018138  0.177214 0.900000
(4, 0.0) (3, 1.0) 0.028495  0.009401 0.047588  7.363555 0.001000
(4, 0.0) (1, 0.0) 0.000317 -0.010095 0.010730  0.150383 0.900000
(4, 0.0) (1, 1.0) 0.032256  0.021256 0.043257 14.468078 0.001000
(4, 0.0) (8, 0.0) 0.007106 -0.061085 0.075297  0.514165 0.900000
(4, 0.0) (8, 1.0) 0.034940 -0.055379 0.125258  1.908791 0.900000
(4, 0.0) (6, 0.0) 0.013099 -0.053632 0.079831  0.968577 0.900000
(4, 0.0) (6, 1.0) 0.018681 -0.070480 0.107842  1.033816 0.900000
(4, 1.0) (2, 0.0) 0.033288  0.020788 0.045789 13.139358 0.001000
(4, 1.0) (2, 1.0) 0.002063 -0.011352 0.015478  0.758867 0.900000
(4, 1.0) (7, 0.0) 0.046610  0.028666 0.064554 12.816761 0.001000
(4, 1.0) (7, 1.0) 0.000554 -0.019131 0.020240  0.138949 0.900000
(4, 1.0) (5, 0.0) 0.020842 -0.020365 0.062049  2.495682 0.900000
(4, 1.0) (5, 1.0) 0.025221 -0.020989 0.071431  2.693079 0.900000
(4, 1.0) (3, 0.0) 0.035578  0.017657 0.053499  9.795734 0.001000
(4, 1.0) (3, 1.0) 0.006455 -0.013018 0.025927  1.635559 0.900000
(4, 1.0) (1, 0.0) 0.034632  0.023540 0.045723 15.406276 0.001000
(4, 1.0) (1, 1.0) 0.002693 -0.008953 0.014338  1.140871 0.900000
(4, 1.0) (8, 0.0) 0.042055 -0.026243 0.110353  3.038259 0.756001
(4, 1.0) (8, 1.0) 0.000010 -0.090390 0.090409  0.000519 0.900000
(4, 1.0) (6, 0.0) 0.021850 -0.044991 0.088691  1.612963 0.900000
(4, 1.0) (6, 1.0) 0.016268 -0.072975 0.105511  0.899460 0.900000
(2, 0.0) (2, 1.0) 0.031225  0.017129 0.045321 10.929812 0.001000
(2, 0.0) (7, 0.0) 0.013322 -0.005137 0.031781  3.561122 0.514052
(2, 0.0) (7, 1.0) 0.032734  0.012578 0.052890  8.013268 0.001000
(2, 0.0) (5, 0.0) 0.012446 -0.028987 0.053880  1.482187 0.900000
(2, 0.0) (5, 1.0) 0.058510  0.012097 0.104922  6.220287 0.001498
(2, 0.0) (3, 0.0) 0.002290 -0.016147 0.020726  0.612808 0.900000
(2, 0.0) (3, 1.0) 0.026834  0.006886 0.046781  6.637498 0.001000
(2, 0.0) (1, 0.0) 0.001344 -0.010563 0.013250  0.556780 0.900000
(2, 0.0) (1, 1.0) 0.030596  0.018172 0.043020 12.151063 0.001000
(2, 0.0) (8, 0.0) 0.008767 -0.059669 0.077202  0.632082 0.900000
(2, 0.0) (8, 1.0) 0.033279 -0.057224 0.123782  1.814351 0.900000
(2, 0.0) (6, 0.0) 0.011438 -0.055542 0.078419  0.842621 0.900000
(2, 0.0) (6, 1.0) 0.017020 -0.072328 0.106368  0.939933 0.900000
(2, 1.0) (7, 0.0) 0.044547  0.025457 0.063637 11.514090 0.001000
(2, 1.0) (7, 1.0) 0.001509 -0.019227 0.022244  0.359047 0.900000
(2, 1.0) (5, 0.0) 0.018779 -0.022940 0.060497  2.221040 0.900000
(2, 1.0) (5, 1.0) 0.027285 -0.019382 0.073952  2.884858 0.826984
(2, 1.0) (3, 0.0) 0.033515  0.014446 0.052583  8.672422 0.001000
(2, 1.0) (3, 1.0) 0.004391 -0.016142 0.024925  1.055256 0.900000
(2, 1.0) (1, 0.0) 0.032569  0.019705 0.045432 12.492918 0.001000
(2, 1.0) (1, 1.0) 0.000629 -0.012714 0.013973  0.232737 0.900000
(2, 1.0) (8, 0.0) 0.039992 -0.028617 0.108600  2.876147 0.831014
(2, 1.0) (8, 1.0) 0.002054 -0.088580 0.092687  0.111806 0.900000
(2, 1.0) (6, 0.0) 0.019787 -0.047371 0.086944  1.453766 0.900000
(2, 1.0) (6, 1.0) 0.014205 -0.075275 0.103685  0.783301 0.900000
(7, 0.0) (7, 1.0) 0.046056  0.022140 0.069972  9.501889 0.001000
(7, 0.0) (5, 0.0) 0.025768 -0.017619 0.069156  2.930501 0.805863
(7, 0.0) (5, 1.0) 0.071832  0.023667 0.119996  7.358773 0.001000
(7, 0.0) (3, 0.0) 0.011032 -0.011454 0.033519  2.420892 0.900000
(7, 0.0) (3, 1.0) 0.040156  0.016415 0.063897  8.345784 0.001000
(7, 0.0) (1, 0.0) 0.011979 -0.005557 0.029514  3.370633 0.602198
(7, 0.0) (1, 1.0) 0.043918  0.026027 0.061809 12.112348 0.001000
(7, 0.0) (8, 0.0) 0.004555 -0.065080 0.074191  0.322789 0.900000
(7, 0.0) (8, 1.0) 0.046601 -0.044813 0.138015  2.515355 0.900000
(7, 0.0) (6, 0.0) 0.024761 -0.043446 0.092967  1.791230 0.900000
(7, 0.0) (6, 1.0) 0.030342 -0.059928 0.120613  1.658521 0.900000
(7, 1.0) (5, 0.0) 0.020288 -0.023848 0.064424  2.268067 0.900000
(7, 1.0) (5, 1.0) 0.025776 -0.023065 0.074616  2.604055 0.900000
(7, 1.0) (3, 0.0) 0.035024  0.011125 0.058923  7.231018 0.001000
(7, 1.0) (3, 1.0) 0.005900 -0.019183 0.030983  1.160648 0.900000
(7, 1.0) (1, 0.0) 0.034077  0.014764 0.053391  8.705959 0.001000
(7, 1.0) (1, 1.0) 0.002138 -0.017499 0.021775  0.537282 0.900000
(7, 1.0) (8, 0.0) 0.041501 -0.028604 0.111605  2.920958 0.810279
(7, 1.0) (8, 1.0) 0.000545 -0.091227 0.092316  0.029294 0.900000
(7, 1.0) (6, 0.0) 0.021295 -0.047390 0.089981  1.529820 0.900000
(7, 1.0) (6, 1.0) 0.015714 -0.074919 0.106346  0.855487 0.900000
(5, 0.0) (5, 1.0) 0.046063 -0.014730 0.106857  3.738667 0.426144
(5, 0.0) (3, 0.0) 0.014736 -0.028642 0.058114  1.676209 0.900000
(5, 0.0) (3, 1.0) 0.014387 -0.029654 0.058429  1.611912 0.900000
(5, 0.0) (1, 0.0) 0.013790 -0.027241 0.054820  1.658319 0.900000
(5, 0.0) (1, 1.0) 0.018149 -0.023034 0.059333  2.174484 0.900000
(5, 0.0) (8, 0.0) 0.021213 -0.057686 0.100112  1.326612 0.900000
(5, 0.0) (8, 1.0) 0.020833 -0.077821 0.119486  1.041950 0.900000
(5, 0.0) (6, 0.0) 0.001008 -0.076633 0.078649  0.064048 0.900000
(5, 0.0) (6, 1.0) 0.004574 -0.093021 0.102169  0.231248 0.900000
(5, 1.0) (3, 0.0) 0.060799  0.012643 0.108955  6.229673 0.001455
(5, 1.0) (3, 1.0) 0.031676 -0.017079 0.080431  3.205757 0.678491
(5, 1.0) (1, 0.0) 0.059853  0.013800 0.105906  6.412796 0.001000
(5, 1.0) (1, 1.0) 0.027914 -0.018275 0.074103  2.981926 0.782064
(5, 1.0) (8, 0.0) 0.067276 -0.014348 0.148900  4.066877 0.266679
(5, 1.0) (8, 1.0) 0.025231 -0.075615 0.126077  1.234502 0.900000
(5, 1.0) (6, 0.0) 0.047071 -0.033337 0.127480  2.888488 0.825304
(5, 1.0) (6, 1.0) 0.041489 -0.058321 0.141300  2.051066 0.900000
(3, 0.0) (3, 1.0) 0.029123  0.005400 0.052847  6.057319 0.002478
(3, 0.0) (1, 0.0) 0.000946 -0.016565 0.018458  0.266606 0.900000
(3, 0.0) (1, 1.0) 0.032885  0.015018 0.050753  9.081428 0.001000
(3, 0.0) (8, 0.0) 0.006477 -0.063153 0.076107  0.458983 0.900000
(3, 0.0) (8, 1.0) 0.035568 -0.055841 0.126978  1.919957 0.900000
(3, 0.0) (6, 0.0) 0.013728 -0.054472 0.081929  0.993208 0.900000
(3, 0.0) (6, 1.0) 0.019310 -0.070956 0.109576  1.055537 0.900000
(3, 1.0) (1, 0.0) 0.028177  0.009081 0.047273  7.280592 0.001000
(3, 1.0) (1, 1.0) 0.003762 -0.015661 0.023185  0.955670 0.900000
(3, 1.0) (8, 0.0) 0.035600 -0.034445 0.105645  2.507813 0.900000
(3, 1.0) (8, 1.0) 0.006445 -0.085281 0.098171  0.346697 0.900000
(3, 1.0) (6, 0.0) 0.015395 -0.053229 0.084020  1.106943 0.900000
(3, 1.0) (6, 1.0) 0.009814 -0.080773 0.100400  0.534540 0.900000
(1, 0.0) (1, 1.0) 0.031939  0.020934 0.042944 14.320089 0.001000
(1, 0.0) (8, 0.0) 0.007423 -0.060769 0.075615  0.537123 0.900000
(1, 0.0) (8, 1.0) 0.034622 -0.055697 0.124941  1.891443 0.900000
(1, 0.0) (6, 0.0) 0.012782 -0.053950 0.079514  0.945102 0.900000
(1, 0.0) (6, 1.0) 0.018364 -0.070798 0.107525  1.016247 0.900000
(1, 1.0) (8, 0.0) 0.039362 -0.028922 0.107647  2.844313 0.845745
(1, 1.0) (8, 1.0) 0.002683 -0.087706 0.093072  0.146467 0.900000
(1, 1.0) (6, 0.0) 0.019157 -0.047669 0.085984  1.414495 0.900000
(1, 1.0) (6, 1.0) 0.013575 -0.075656 0.102807  0.750676 0.900000
(8, 0.0) (8, 1.0) 0.042045 -0.070645 0.154736  1.840978 0.900000
(8, 0.0) (6, 0.0) 0.020205 -0.074636 0.115046  1.051193 0.900000
(8, 0.0) (6, 1.0) 0.025787 -0.085978 0.137552  1.138439 0.900000
(8, 1.0) (6, 0.0) 0.021840 -0.089973 0.133654  0.963792 0.900000
(8, 1.0) (6, 1.0) 0.016259 -0.110228 0.142745  0.634245 0.900000
(6, 0.0) (6, 1.0) 0.005582 -0.105298 0.116462  0.248389 0.900000

----------------------------------------------------------------------------------------

Results for Shapiro-Wilk test to check for normality are: 

w is: 0.718726634979248/ p-value is: 0.0
----------------------------------------------------------------------------------------

Results for Levene's test to check for equality of variance are: 

              Parameter   Value
    Test statistics (W) 39.3798
Degrees of freedom (Df) 17.0000
                p value  0.0000
----------------------------------------------------------------------------------------

Results for the scheirer Ray Hare Test -- to be used if ANOVA assumptions are violated: 

                              Df        Sum Sq           H   p.value
rs10462020_rs17031614          8  1.903214e+09    7.191470  0.516123
sex                            1  2.192217e+11  828.349270  0.000000
rs10462020_rs17031614:sex      8  2.879248e+09   10.879504  0.208621
Residuals                  60570  1.581025e+13         NaN       NaN
----------------------------------------------------------------------------------------

Results for follow-up Dunn's test between rs10462020_rs17031614 & sex and GAD7 are: 

   Comparison         Z  P.unadj   P.adj
0_0.0 - 0_1.0  19.01047  0.00000 0.00000
0_0.0 - 1_0.0  -0.16344  0.87017 1.00000
0_1.0 - 1_0.0 -14.28396  0.00000 0.00000
0_0.0 - 1_1.0  13.89557  0.00000 0.00000
0_1.0 - 1_1.0   0.44787  0.65424 1.00000
1_0.0 - 1_1.0  11.84913  0.00000 0.00000
0_0.0 - 2_0.0   0.37009  0.71131 1.00000
0_1.0 - 2_0.0 -11.46470  0.00000 0.00000
1_0.0 - 2_0.0   0.43904  0.66064 1.00000
1_1.0 - 2_0.0 -10.07514  0.00000 0.00000
0_0.0 - 2_1.0  12.10192  0.00000 0.00000
0_1.0 - 2_1.0   1.16477  0.24411 1.00000
1_0.0 - 2_1.0  10.85791  0.00000 0.00000
1_1.0 - 2_1.0   0.69450  0.48737 1.00000
2_0.0 - 2_1.0   9.53728  0.00000 0.00000
0_0.0 - 3_0.0   0.03673  0.97070 1.00000
0_1.0 - 3_0.0  -7.47019  0.00000 0.00000
1_0.0 - 3_0.0   0.11464  0.90873 1.00000
1_1.0 - 3_0.0  -7.18585  0.00000 0.00000
2_0.0 - 3_0.0  -0.17465  0.86136 1.00000
2_1.0 - 3_0.0  -7.21935  0.00000 0.00000
0_0.0 - 3_1.0   6.44926  0.00000 0.00000
0_1.0 - 3_1.0  -0.41723  0.67651 1.00000
1_0.0 - 3_1.0   6.20603  0.00000 0.00000
1_1.0 - 3_1.0  -0.61211  0.54047 1.00000
2_0.0 - 3_1.0   5.67908  0.00000 0.00000
2_1.0 - 3_1.0  -1.03035  0.30285 1.00000
3_0.0 - 3_1.0   4.91093  0.00000 0.00014
0_0.0 - 4_0.0   0.28560  0.77519 1.00000
0_1.0 - 4_0.0 -13.85641  0.00000 0.00000
1_0.0 - 4_0.0   0.36979  0.71154 1.00000
1_1.0 - 4_0.0 -11.50378  0.00000 0.00000
2_0.0 - 4_0.0  -0.11568  0.90791 1.00000
2_1.0 - 4_0.0 -10.56162  0.00000 0.00000
3_0.0 - 4_0.0   0.10526  0.91617 1.00000
3_1.0 - 4_0.0  -6.00518  0.00000 0.00000
0_0.0 - 4_1.0  14.37737  0.00000 0.00000
0_1.0 - 4_1.0   1.06133  0.28854 1.00000
1_0.0 - 4_1.0  12.29268  0.00000 0.00000
1_1.0 - 4_1.0   0.51045  0.60974 1.00000
2_0.0 - 4_1.0  10.48887  0.00000 0.00000
2_1.0 - 4_1.0  -0.24769  0.80437 1.00000
3_0.0 - 4_1.0   7.49614  0.00000 0.00000
3_1.0 - 4_1.0   0.91583  0.35975 1.00000
4_0.0 - 4_1.0  11.95016  0.00000 0.00000
0_0.0 - 5_0.0   1.19887  0.23058 1.00000
0_1.0 - 5_0.0  -1.87078  0.06138 1.00000
1_0.0 - 5_0.0   1.22054  0.22226 1.00000
1_1.0 - 5_0.0  -1.95034  0.05114 1.00000
2_0.0 - 5_0.0   1.08250  0.27903 1.00000
2_1.0 - 5_0.0  -2.14747  0.03176 1.00000
3_0.0 - 5_0.0   1.10821  0.26777 1.00000
3_1.0 - 5_0.0  -1.55383  0.12022 1.00000
4_0.0 - 5_0.0   1.12673  0.25986 1.00000
4_1.0 - 5_0.0  -2.09350  0.03630 1.00000
0_0.0 - 5_1.0   4.44217  0.00001 0.00136
0_1.0 - 5_1.0   1.70923  0.08741 1.00000
1_0.0 - 5_1.0   4.43588  0.00001 0.00140
1_1.0 - 5_1.0   1.59958  0.10969 1.00000
2_0.0 - 5_1.0   4.28889  0.00002 0.00275
2_1.0 - 5_1.0   1.38463  0.16617 1.00000
3_0.0 - 5_1.0   4.20046  0.00003 0.00408
3_1.0 - 5_1.0   1.75928  0.07853 1.00000
4_0.0 - 5_1.0   4.35237  0.00001 0.00206
4_1.0 - 5_1.0   1.47023  0.14150 1.00000
5_0.0 - 5_1.0   2.53655  0.01119 1.00000
0_0.0 - 6_0.0  -0.15859  0.87399 1.00000
0_1.0 - 6_0.0  -2.03417  0.04193 1.00000
1_0.0 - 6_0.0  -0.13696  0.89106 1.00000
1_1.0 - 6_0.0  -2.08811  0.03679 1.00000
2_0.0 - 6_0.0  -0.21449  0.83016 1.00000
2_1.0 - 6_0.0  -2.21581  0.02670 1.00000
3_0.0 - 6_0.0  -0.16345  0.87017 1.00000
3_1.0 - 6_0.0  -1.86015  0.06286 1.00000
4_0.0 - 6_0.0  -0.19466  0.84566 1.00000
4_1.0 - 6_0.0  -2.17659  0.02951 1.00000
5_0.0 - 6_0.0  -0.76272  0.44563 1.00000
5_1.0 - 6_0.0  -2.65425  0.00795 1.00000
0_0.0 - 6_1.0   0.32925  0.74196 1.00000
0_1.0 - 6_1.0  -1.07253  0.28348 1.00000
1_0.0 - 6_1.0   0.34426  0.73065 1.00000
1_1.0 - 6_1.0  -1.11739  0.26383 1.00000
2_0.0 - 6_1.0   0.28503  0.77562 1.00000
2_1.0 - 6_1.0  -1.21786  0.22328 1.00000
3_0.0 - 6_1.0   0.31780  0.75063 1.00000
3_1.0 - 6_1.0  -0.96944  0.33233 1.00000
4_0.0 - 6_1.0   0.30107  0.76336 1.00000
4_1.0 - 6_1.0  -1.18386  0.23647 1.00000
5_0.0 - 6_1.0  -0.19863  0.84255 1.00000
5_1.0 - 6_1.0  -1.73920  0.08200 1.00000
6_0.0 - 6_1.0   0.35925  0.71941 1.00000
0_0.0 - 7_0.0  -2.41273  0.01583 1.00000
0_1.0 - 7_0.0  -9.88888  0.00000 0.00000
1_0.0 - 7_0.0  -2.19160  0.02841 1.00000
1_1.0 - 7_0.0  -9.43679  0.00000 0.00000
2_0.0 - 7_0.0  -2.36513  0.01802 1.00000
2_1.0 - 7_0.0  -9.32938  0.00000 0.00000
3_0.0 - 7_0.0  -1.79835  0.07212 1.00000
3_1.0 - 7_0.0  -6.61061  0.00000 0.00000
4_0.0 - 7_0.0  -2.41156  0.01588 1.00000
4_1.0 - 7_0.0  -9.74001  0.00000 0.00000
5_0.0 - 7_0.0  -2.03999  0.04135 1.00000
5_1.0 - 7_0.0  -5.03928  0.00000 0.00007
6_0.0 - 7_0.0  -0.42944  0.66760 1.00000
6_1.0 - 7_0.0  -0.76575  0.44382 1.00000
0_0.0 - 7_1.0   8.76422  0.00000 0.00000
0_1.0 - 7_1.0   1.96763  0.04911 1.00000
1_0.0 - 7_1.0   8.41639  0.00000 0.00000
1_1.0 - 7_1.0   1.63727  0.10157 1.00000
2_0.0 - 7_1.0   7.80535  0.00000 0.00000
2_1.0 - 7_1.0   1.10361  0.26976 1.00000
3_0.0 - 7_1.0   6.71766  0.00000 0.00000
3_1.0 - 7_1.0   1.75576  0.07913 1.00000
4_0.0 - 7_1.0   8.21808  0.00000 0.00000
4_1.0 - 7_1.0   1.33126  0.18310 1.00000
5_0.0 - 7_1.0   2.54833  0.01082 1.00000
5_1.0 - 7_1.0  -0.85447  0.39284 1.00000
6_0.0 - 7_1.0   2.49969  0.01243 1.00000
6_1.0 - 7_1.0   1.45486  0.14571 1.00000
7_0.0 - 7_1.0   8.40359  0.00000 0.00000
0_0.0 - 8_0.0  -0.68733  0.49187 1.00000
0_1.0 - 8_0.0  -2.52224  0.01166 1.00000
1_0.0 - 8_0.0  -0.66419  0.50657 1.00000
1_1.0 - 8_0.0  -2.57297  0.01008 1.00000
2_0.0 - 8_0.0  -0.73821  0.46039 1.00000
2_1.0 - 8_0.0  -2.69589  0.00702 1.00000
3_0.0 - 8_0.0  -0.67930  0.49695 1.00000
3_1.0 - 8_0.0  -2.33856  0.01936 1.00000
4_0.0 - 8_0.0  -0.72066  0.47112 1.00000
4_1.0 - 8_0.0  -2.65948  0.00783 1.00000
5_0.0 - 8_0.0  -1.20877  0.22675 1.00000
5_1.0 - 8_0.0  -3.05764  0.00223 0.34132
6_0.0 - 8_0.0  -0.38119  0.70306 1.00000
6_1.0 - 8_0.0  -0.67988  0.49658 1.00000
7_0.0 - 8_0.0  -0.09854  0.92151 1.00000
7_1.0 - 8_0.0  -2.96478  0.00303 0.46344
0_0.0 - 8_1.0   1.40367  0.16042 1.00000
0_1.0 - 8_1.0   0.01963  0.98434 1.00000
1_0.0 - 8_1.0   1.41618  0.15672 1.00000
1_1.0 - 8_1.0  -0.02758  0.97800 1.00000
2_0.0 - 8_1.0   1.35555  0.17524 1.00000
2_1.0 - 8_1.0  -0.12975  0.89676 1.00000
3_0.0 - 8_1.0   1.37733  0.16841 1.00000
3_1.0 - 8_1.0   0.10244  0.91841 1.00000
4_0.0 - 8_1.0   1.37356  0.16958 1.00000
4_1.0 - 8_1.0  -0.09333  0.92564 1.00000
5_0.0 - 8_1.0   0.78891  0.43016 1.00000
5_1.0 - 8_1.0  -0.75736  0.44883 1.00000
6_0.0 - 8_1.0   1.22569  0.22032 1.00000
6_1.0 - 8_1.0   0.76857  0.44215 1.00000
7_0.0 - 8_1.0   1.81962  0.06882 1.00000
7_1.0 - 8_1.0  -0.37750  0.70580 1.00000
8_0.0 - 8_1.0   1.53696  0.12430 1.00000

----------------------------------------------------------------------------------------

