----------------------------------------------------------------------------------------

Results for one way ANOVA between rs228697_rs10462023 and GAD7 are: 

                             df       sum_sq   mean_sq         F    PR(>F)
C(rs228697_rs10462023)      8.0     0.396706  0.049588  1.939421  0.049886
Residual                60579.0  1548.917553  0.025569       NaN       NaN
----------------------------------------------------------------------------------------

Results for follow-up Tukey test between rs228697_rs10462023 and GAD7 are: 

    group1  group2      Diff     Lower     Upper   q-value   p-value
0        2       1  0.002254 -0.004606  0.009114  1.441206  0.900000
1        2       0  0.001678 -0.005430  0.008786  1.035310  0.900000
2        2       3  0.000767 -0.007022  0.008555  0.431795  0.900000
3        2       5  0.006961 -0.010652  0.024573  1.733744  0.900000
4        2       7  0.001713 -0.009236  0.012663  0.686320  0.900000
5        2       4  0.005206 -0.003540  0.013953  2.611254  0.630230
6        2       6  0.010122 -0.017320  0.037565  1.618031  0.900000
7        2       8  0.004484 -0.011709  0.020677  1.214778  0.900000
8        1       0  0.003932 -0.001547  0.009410  3.147947  0.390840
9        1       3  0.003021 -0.003316  0.009357  2.091157  0.853386
10       1       5  0.009215 -0.007805  0.026235  2.374979  0.731609
11       1       7  0.003967 -0.006002  0.013936  1.745602  0.900000
12       1       4  0.007460 -0.000022  0.014943  4.373693  0.051399
13       1       6  0.007868 -0.019198  0.034935  1.275230  0.900000
14       1       8  0.002230 -0.013316  0.017777  0.629295  0.900000
15       0       3  0.000911 -0.005693  0.007515  0.605131  0.900000
16       0       5  0.005283 -0.011838  0.022405  1.353638  0.900000
17       0       7  0.000036 -0.010106  0.010177  0.015370  0.900000
18       0       4  0.003529 -0.004181  0.011239  2.007685  0.889199
19       0       6  0.011800 -0.015330  0.038930  1.907913  0.900000
20       0       8  0.006162 -0.009496  0.021819  1.726315  0.900000
21       3       5  0.006194 -0.011221  0.023609  1.560293  0.900000
22       3       7  0.000946 -0.009683  0.011576  0.390622  0.900000
23       3       4  0.004440 -0.003902  0.012781  2.334795  0.748850
24       3       6  0.010889 -0.016428  0.038205  1.748624  0.900000
25       3       8  0.005251 -0.010727  0.021229  1.441601  0.900000
26       5       7  0.005248 -0.013792  0.024288  1.209070  0.900000
27       5       4  0.001755 -0.016109  0.019619  0.430858  0.900000
28       5       6  0.017083 -0.014472  0.048639  2.374849  0.731663
29       5       8  0.011445 -0.011023  0.033914  2.234520  0.791875
30       7       4  0.003493 -0.007856  0.014843  1.350144  0.900000
31       7       6  0.011835 -0.016545  0.040215  1.829394  0.900000
32       7       8  0.006197 -0.011538  0.023932  1.532889  0.900000
33       4       6  0.015329 -0.012276  0.042934  2.435875  0.705479
34       4       8  0.009691 -0.006775  0.026157  2.581648  0.642933
35       6       8  0.005638 -0.025147  0.036423  0.803390  0.900000
----------------------------------------------------------------------------------------

Results for Shapiro-Wilk test to check for normality are: 

w is: 0.6874392032623291/ p-value is: 0.0
----------------------------------------------------------------------------------------

Results for Levene's test to check for equality of variance are: 

              Parameter  Value
    Test statistics (W) 1.8983
Degrees of freedom (Df) 8.0000
                p value 0.0556
----------------------------------------------------------------------------------------

Results for the Kruskal-Wallis Test -- to be used if ANOVA assumptions are violated: 

statistic: 14.78765057265419/ p-value is: 0.0634083805812077
----------------------------------------------------------------------------------------

The p-value is lower than alpha; hence, no follow-up test was conducted for Kruskal test
----------------------------------------------------------------------------------------

