----------------------------------------------------------------------------------------

Results for two way ANOVA between rs228697_rs2287161&sex and GAD7 are: 

                                   df       sum_sq   mean_sq          F        PR(>F)
C(rs228697_rs2287161)             8.0     0.229912  0.028739   1.136094  3.348834e-01
C(sex)                            1.0     2.288423  2.288423  90.464530  1.949308e-21
C(rs228697_rs2287161):C(sex)      8.0     0.177070  0.022134   0.874979  5.366566e-01
Residual                      60570.0  1532.200224  0.025296        NaN           NaN
----------------------------------------------------------------------------------------

Results for follow-up Tukey test between rs228697_rs2287161 & sex and GAD7 are: 

Main effect for rs228697_rs2287161:
 group1  group2     Diff     Lower    Upper  q-value  p-value
      7       4 0.001434 -0.006502 0.009370 0.792750 0.900000
      7       1 0.002421 -0.004956 0.009798 1.439571 0.900000
      7       3 0.004154 -0.004050 0.012358 2.221084 0.797639
      7       2 0.000735 -0.009456 0.010926 0.316446 0.900000
      7       5 0.004915 -0.018696 0.028525 0.913072 0.900000
      7       0 0.002726 -0.005737 0.011188 1.412923 0.900000
      7       8 0.004604 -0.011114 0.020321 1.284909 0.900000
      7       6 0.007348 -0.013040 0.027737 1.581045 0.900000
      4       1 0.000987 -0.004824 0.006797 0.744982 0.900000
      4       3 0.002720 -0.004110 0.009549 1.746868 0.900000
      4       2 0.002169 -0.006952 0.011291 1.043274 0.900000
      4       5 0.006349 -0.016821 0.029518 1.202009 0.900000
      4       0 0.001292 -0.005847 0.008430 0.793733 0.900000
      4       8 0.003170 -0.011876 0.018215 0.924130 0.900000
      4       6 0.005914 -0.013961 0.025790 1.305332 0.900000
      1       3 0.001733 -0.004438 0.007904 1.231796 0.900000
      1       2 0.003156 -0.005484 0.011796 1.602473 0.900000
      1       5 0.007335 -0.015648 0.030319 1.400037 0.900000
      1       0 0.000305 -0.006207 0.006816 0.205392 0.900000
      1       8 0.002183 -0.012576 0.016942 0.648819 0.900000
      1       6 0.004927 -0.014731 0.024586 1.099521 0.900000
      3       2 0.004889 -0.004467 0.014245 2.292389 0.767045
      3       5 0.009068 -0.014194 0.032331 1.710061 0.900000
      3       0 0.001428 -0.006007 0.008863 0.842545 0.900000
      3       8 0.000450 -0.014739 0.015639 0.129947 0.900000
      3       6 0.003195 -0.016789 0.023178 0.701233 0.900000
      2       5 0.004179 -0.019856 0.028215 0.762773 0.900000
      2       0 0.003461 -0.006122 0.013044 1.584228 0.900000
      2       8 0.005339 -0.011009 0.021687 1.432611 0.900000
      2       6 0.008084 -0.012795 0.028962 1.698401 0.900000
      5       0 0.007640 -0.015715 0.030995 1.435055 0.900000
      5       8 0.009518 -0.017331 0.036367 1.555134 0.900000
      5       6 0.012263 -0.017562 0.042088 1.803645 0.900000
      0       8 0.001878 -0.013452 0.017208 0.537391 0.900000
      0       6 0.004623 -0.015469 0.024714 1.009280 0.900000
      8       6 0.002745 -0.021320 0.026809 0.500310 0.900000

Main effect for sex:
 group1  group2     Diff    Lower   Upper   q-value  p-value
    0.0     1.0 0.033492 0.030944 0.03604 36.436136    0.001

Interaction effect between rs228697_rs2287161 and sex:
  group1   group2     Diff     Lower    Upper   q-value  p-value
(7, 0.0) (7, 1.0) 0.038402  0.023789 0.053014 12.967220 0.001000
(7, 0.0) (4, 0.0) 0.002024 -0.010007 0.014055  0.829942 0.900000
(7, 0.0) (4, 1.0) 0.040028  0.027487 0.052568 15.749277 0.001000
(7, 0.0) (1, 0.0) 0.005493 -0.005707 0.016694  2.419894 0.900000
(7, 0.0) (1, 1.0) 0.037712  0.026197 0.049227 16.159719 0.001000
(7, 0.0) (3, 0.0) 0.007726 -0.004731 0.020183  3.060263 0.745816
(7, 0.0) (3, 1.0) 0.038579  0.025591 0.051567 14.656195 0.001000
(7, 0.0) (2, 0.0) 0.003849 -0.011491 0.019190  1.238079 0.900000
(7, 0.0) (2, 1.0) 0.033405  0.016738 0.050071  9.889501 0.001000
(7, 0.0) (5, 0.0) 0.000338 -0.036043 0.036719  0.045875 0.900000
(7, 0.0) (5, 1.0) 0.027049 -0.011553 0.065651  3.457441 0.562029
(7, 0.0) (0, 0.0) 0.005088 -0.007752 0.017928  1.955199 0.900000
(7, 0.0) (0, 1.0) 0.038757  0.025297 0.052216 14.208200 0.001000
(7, 0.0) (8, 0.0) 0.008607 -0.015247 0.032462  1.780373 0.900000
(7, 0.0) (8, 1.0) 0.038359  0.012409 0.064310  7.293756 0.001000
(7, 0.0) (6, 0.0) 0.015715 -0.016290 0.047719  2.422777 0.900000
(7, 0.0) (6, 1.0) 0.034149  0.001560 0.066739  5.170386 0.028600
(7, 1.0) (4, 0.0) 0.036378  0.023541 0.049215 13.983149 0.001000
(7, 1.0) (4, 1.0) 0.001626 -0.011689 0.014942  0.602627 0.900000
(7, 1.0) (1, 0.0) 0.032908  0.020847 0.044970 13.462170 0.001000
(7, 1.0) (1, 1.0) 0.000689 -0.011665 0.013044  0.275280 0.900000
(7, 1.0) (3, 0.0) 0.030676  0.017439 0.043912 11.434921 0.001000
(7, 1.0) (3, 1.0) 0.000178 -0.013560 0.013915  0.063753 0.900000
(7, 1.0) (2, 0.0) 0.034552  0.018572 0.050532 10.668849 0.001000
(7, 1.0) (2, 1.0) 0.004997 -0.012260 0.022254  1.428759 0.900000
(7, 1.0) (5, 0.0) 0.038740  0.002084 0.075395  5.214791 0.025600
(7, 1.0) (5, 1.0) 0.011353 -0.027508 0.050213  1.441470 0.900000
(7, 1.0) (0, 0.0) 0.033314  0.019716 0.046911 12.088319 0.001000
(7, 1.0) (0, 1.0) 0.000355 -0.013829 0.014539  0.123622 0.900000
(7, 1.0) (8, 0.0) 0.029794  0.005523 0.054065  6.057119 0.002480
(7, 1.0) (8, 1.0) 0.000042 -0.026291 0.026375  0.007889 0.900000
(7, 1.0) (6, 0.0) 0.022687 -0.009629 0.055003  3.464032 0.558978
(7, 1.0) (6, 1.0) 0.004252 -0.028643 0.037148  0.637835 0.900000
(4, 0.0) (4, 1.0) 0.038004  0.027587 0.048422 18.000451 0.001000
(4, 0.0) (1, 0.0) 0.003469 -0.005289 0.012228  1.954570 0.900000
(4, 0.0) (1, 1.0) 0.035689  0.026531 0.044846 19.230143 0.001000
(4, 0.0) (3, 0.0) 0.005702 -0.004614 0.016019  2.727275 0.899904
(4, 0.0) (3, 1.0) 0.036555  0.025603 0.047508 16.469014 0.001000
(4, 0.0) (2, 0.0) 0.001826 -0.011834 0.015485  0.659427 0.900000
(4, 0.0) (2, 1.0) 0.031381  0.016247 0.046515 10.231303 0.001000
(4, 0.0) (5, 0.0) 0.002362 -0.033343 0.038067  0.326400 0.900000
(4, 0.0) (5, 1.0) 0.025025 -0.012940 0.062991  3.252408 0.656903
(4, 0.0) (0, 0.0) 0.003064 -0.007712 0.013841  1.403081 0.900000
(4, 0.0) (0, 1.0) 0.036733  0.025226 0.048240 15.750989 0.001000
(4, 0.0) (8, 0.0) 0.006584 -0.016226 0.029394  1.424149 0.900000
(4, 0.0) (8, 1.0) 0.036336  0.011343 0.061329  7.173461 0.001000
(4, 0.0) (6, 0.0) 0.013691 -0.017542 0.044924  2.162873 0.900000
(4, 0.0) (6, 1.0) 0.032126  0.000293 0.063958  4.979602 0.045131
(4, 1.0) (1, 0.0) 0.034535  0.025088 0.043981 18.039013 0.001000
(4, 1.0) (1, 1.0) 0.002315 -0.007502 0.012133  1.163795 0.900000
(4, 1.0) (3, 0.0) 0.032302  0.021395 0.043208 14.613483 0.001000
(4, 1.0) (3, 1.0) 0.001449 -0.010061 0.012958  0.621079 0.900000
(4, 1.0) (2, 0.0) 0.036179  0.022068 0.050289 12.650998 0.001000
(4, 1.0) (2, 1.0) 0.006623 -0.008919 0.022165  2.102712 0.900000
(4, 1.0) (5, 0.0) 0.040366  0.004486 0.076246  5.551147 0.010662
(4, 1.0) (5, 1.0) 0.012979 -0.025151 0.051109  1.679533 0.900000
(4, 1.0) (0, 0.0) 0.034940  0.023597 0.046282 15.199619 0.001000
(4, 1.0) (0, 1.0) 0.001271 -0.010768 0.013310  0.520871 0.900000
(4, 1.0) (8, 0.0) 0.031421  0.008338 0.054503  6.716468 0.001000
(4, 1.0) (8, 1.0) 0.001668 -0.023574 0.026911  0.326113 0.900000
(4, 1.0) (6, 0.0) 0.024313 -0.007120 0.055746  3.816555 0.384769
(4, 1.0) (6, 1.0) 0.005879 -0.026150 0.037907  0.905620 0.900000
(1, 0.0) (1, 1.0) 0.032219  0.024184 0.040254 19.785331 0.001000
(1, 0.0) (3, 0.0) 0.002233 -0.007102 0.011568  1.180225 0.900000
(1, 0.0) (3, 1.0) 0.033086  0.023053 0.043119 16.271875 0.001000
(1, 0.0) (2, 0.0) 0.001644 -0.011290 0.014578  0.627140 0.900000
(1, 0.0) (2, 1.0) 0.027911  0.013429 0.042394  9.509457 0.001000
(1, 0.0) (5, 0.0) 0.005831 -0.029602 0.041265  0.812030 0.900000
(1, 0.0) (5, 1.0) 0.021556 -0.016155 0.059266  2.820434 0.856794
(1, 0.0) (0, 0.0) 0.000405 -0.009435 0.010246  0.203144 0.900000
(1, 0.0) (0, 1.0) 0.033264  0.022628 0.043900 15.431753 0.001000
(1, 0.0) (8, 0.0) 0.003114 -0.019269 0.025497  0.686487 0.900000
(1, 0.0) (8, 1.0) 0.032866  0.008262 0.057471  6.591093 0.001000
(1, 0.0) (6, 0.0) 0.010221 -0.020702 0.041144  1.630976 0.900000
(1, 0.0) (6, 1.0) 0.028656 -0.002872 0.060184  4.484715 0.128094
(1, 1.0) (3, 0.0) 0.029986  0.020276 0.039696 15.237718 0.001000
(1, 1.0) (3, 1.0) 0.000867 -0.009516 0.011249  0.411907 0.900000
(1, 1.0) (2, 0.0) 0.033863  0.020656 0.047071 12.650961 0.001000
(1, 1.0) (2, 1.0) 0.004308 -0.010419 0.019035  1.443291 0.900000
(1, 1.0) (5, 0.0) 0.038051  0.002516 0.073585  5.283591 0.021559
(1, 1.0) (5, 1.0) 0.010663 -0.027142 0.048469  1.391758 0.900000
(1, 1.0) (0, 0.0) 0.032624  0.022427 0.042821 15.786404 0.001000
(1, 1.0) (0, 1.0) 0.001045 -0.009922 0.012011  0.470006 0.900000
(1, 1.0) (8, 0.0) 0.029105  0.006563 0.051647  6.370742 0.001000
(1, 1.0) (8, 1.0) 0.000647 -0.024102 0.025396  0.129021 0.900000
(1, 1.0) (6, 0.0) 0.021998 -0.009041 0.053036  3.497017 0.543716
(1, 1.0) (6, 1.0) 0.003563 -0.028078 0.035204  0.555629 0.900000
(3, 0.0) (3, 1.0) 0.030853  0.019435 0.042271 13.332449 0.001000
(3, 0.0) (2, 0.0) 0.003877 -0.010160 0.017913  1.362819 0.900000
(3, 0.0) (2, 1.0) 0.025679  0.010204 0.041153  8.187788 0.001000
(3, 0.0) (5, 0.0) 0.008064 -0.027786 0.043915  1.109898 0.900000
(3, 0.0) (5, 1.0) 0.019323 -0.018780 0.057426  2.502265 0.900000
(3, 0.0) (0, 0.0) 0.002638 -0.008612 0.013888  1.157026 0.900000
(3, 0.0) (0, 1.0) 0.031031  0.019079 0.042983 12.810909 0.001000
(3, 0.0) (8, 0.0) 0.000881 -0.022156 0.023919  0.188752 0.900000
(3, 0.0) (8, 1.0) 0.030633  0.005432 0.055835  5.997834 0.002965
(3, 0.0) (6, 0.0) 0.007989 -0.023411 0.039389  1.255332 0.900000
(3, 0.0) (6, 1.0) 0.026423 -0.005573 0.058419  4.074799 0.263365
(3, 1.0) (2, 0.0) 0.034730  0.020220 0.049240 11.810266 0.001000
(3, 1.0) (2, 1.0) 0.005175 -0.010731 0.021080  1.605250 0.900000
(3, 1.0) (5, 0.0) 0.038917  0.002879 0.074956  5.328324 0.019237
(3, 1.0) (5, 1.0) 0.011530 -0.026749 0.049810  1.486232 0.900000
(3, 1.0) (0, 0.0) 0.033491  0.021656 0.045326 13.962551 0.001000
(3, 1.0) (0, 1.0) 0.000178 -0.012327 0.012682  0.070186 0.900000
(3, 1.0) (8, 0.0) 0.029972  0.006643 0.053301  6.339178 0.001028
(3, 1.0) (8, 1.0) 0.000220 -0.025248 0.025687  0.042546 0.900000
(3, 1.0) (6, 0.0) 0.022864 -0.008750 0.054479  3.568567 0.510606
(3, 1.0) (6, 1.0) 0.004430 -0.027777 0.036636  0.678665 0.900000
(2, 0.0) (2, 1.0) 0.029555  0.011677 0.047433  8.157129 0.001000
(2, 0.0) (5, 0.0) 0.004187 -0.032764 0.041139  0.559154 0.900000
(2, 0.0) (5, 1.0) 0.023200 -0.015941 0.062340  2.924652 0.808569
(2, 0.0) (0, 0.0) 0.001239 -0.013139 0.015616  0.425145 0.900000
(2, 0.0) (0, 1.0) 0.034908  0.019975 0.049841 11.534219 0.001000
(2, 0.0) (8, 0.0) 0.004758 -0.019958 0.029474  0.949883 0.900000
(2, 0.0) (8, 1.0) 0.034510  0.007766 0.061254  6.367038 0.001000
(2, 0.0) (6, 0.0) 0.011865 -0.020786 0.044517  1.793075 0.900000
(2, 0.0) (6, 1.0) 0.030300 -0.002925 0.063525  4.499816 0.125000
(2, 1.0) (5, 0.0) 0.033743 -0.003779 0.071264  4.437275 0.140557
(2, 1.0) (5, 1.0) 0.006356 -0.033323 0.046035  0.790352 0.900000
(2, 1.0) (0, 0.0) 0.028317  0.012532 0.044101  8.851516 0.001000
(2, 1.0) (0, 1.0) 0.005352 -0.010940 0.021645  1.620975 0.900000
(2, 1.0) (8, 0.0) 0.024797 -0.000763 0.050358  4.786908 0.069890
(2, 1.0) (8, 1.0) 0.004955 -0.022571 0.032481  0.888190 0.900000
(2, 1.0) (6, 0.0) 0.017690 -0.015605 0.050985  2.621596 0.900000
(2, 1.0) (6, 1.0) 0.000745 -0.033113 0.034603  0.108529 0.900000
(5, 0.0) (5, 1.0) 0.027387 -0.023801 0.078575  2.639941 0.900000
(5, 0.0) (0, 0.0) 0.005426 -0.030559 0.041412  0.744025 0.900000
(5, 0.0) (0, 1.0) 0.039095  0.002884 0.075306  5.327175 0.019294
(5, 0.0) (8, 0.0) 0.008946 -0.032275 0.050166  1.070800 0.900000
(5, 0.0) (8, 1.0) 0.038698 -0.003770 0.081165  4.496183 0.125256
(5, 0.0) (6, 0.0) 0.016053 -0.030362 0.062468  1.706511 0.900000
(5, 0.0) (6, 1.0) 0.034488 -0.012333 0.081308  3.634484 0.479431
(5, 1.0) (0, 0.0) 0.021961 -0.016269 0.060191  2.834430 0.850319
(5, 1.0) (0, 1.0) 0.011708 -0.026734 0.050150  1.502781 0.900000
(5, 1.0) (8, 0.0) 0.018442 -0.024752 0.061635  2.106673 0.900000
(5, 1.0) (8, 1.0) 0.011311 -0.033075 0.055696  1.257376 0.900000
(5, 1.0) (6, 0.0) 0.011334 -0.036841 0.059510  1.160868 0.900000
(5, 1.0) (6, 1.0) 0.007100 -0.041466 0.055667  0.721379 0.900000
(0, 0.0) (0, 1.0) 0.033669  0.021318 0.046020 13.450987 0.001000
(0, 0.0) (8, 0.0) 0.003519 -0.019728 0.026766  0.746969 0.900000
(0, 0.0) (8, 1.0) 0.033271  0.007879 0.058664  6.465173 0.001000
(0, 0.0) (6, 0.0) 0.010627 -0.020927 0.042181  1.661718 0.900000
(0, 0.0) (6, 1.0) 0.029061 -0.003086 0.061209  4.460538 0.134301
(0, 1.0) (8, 0.0) 0.030150  0.006555 0.053744  6.305006 0.001145
(0, 1.0) (8, 1.0) 0.000397 -0.025314 0.026109  0.076278 0.900000
(0, 1.0) (6, 0.0) 0.023042 -0.008769 0.054853  3.574109 0.508042
(0, 1.0) (6, 1.0) 0.004608 -0.027792 0.037007  0.701712 0.900000
(8, 0.0) (8, 1.0) 0.029752 -0.002635 0.062140  4.532701 0.118016
(8, 0.0) (6, 0.0) 0.007107 -0.030307 0.044521  0.937317 0.900000
(8, 0.0) (6, 1.0) 0.025542 -0.012374 0.063458  3.323919 0.623816
(8, 1.0) (6, 0.0) 0.022645 -0.016139 0.061429  2.880958 0.828788
(8, 1.0) (6, 1.0) 0.004210 -0.035058 0.043478  0.529030 0.900000
(6, 0.0) (6, 1.0) 0.018435 -0.025072 0.061942  2.090719 0.900000

----------------------------------------------------------------------------------------

Results for Shapiro-Wilk test to check for normality are: 

w is: 0.719660758972168/ p-value is: 0.0
----------------------------------------------------------------------------------------

Results for Levene's test to check for equality of variance are: 

              Parameter   Value
    Test statistics (W) 39.0467
Degrees of freedom (Df) 17.0000
                p value  0.0000
----------------------------------------------------------------------------------------

Results for the scheirer Ray Hare Test -- to be used if ANOVA assumptions are violated: 

                           Df        Sum Sq           H   p.value
rs228697_rs2287161          8  1.824444e+09    6.893828  0.548130
sex                         1  2.189307e+11  827.249707  0.000000
rs228697_rs2287161:sex      8  2.793208e+09   10.554393  0.228248
Residuals               60570  1.581041e+13         NaN       NaN
----------------------------------------------------------------------------------------

Results for follow-up Dunn's test between rs228697_rs2287161 & sex and GAD7 are: 

   Comparison         Z  P.unadj   P.adj
0_0.0 - 0_1.0  11.16489  0.00000 0.00000
0_0.0 - 1_0.0  -0.33754  0.73571 1.00000
0_1.0 - 1_0.0 -13.27731  0.00000 0.00000
0_0.0 - 1_1.0  12.10057  0.00000 0.00000
0_1.0 - 1_1.0  -1.32258  0.18598 1.00000
1_0.0 - 1_1.0  15.76991  0.00000 0.00000
0_0.0 - 2_0.0  -0.78693  0.43132 1.00000
0_1.0 - 2_0.0  -9.99178  0.00000 0.00000
1_0.0 - 2_0.0  -0.61794  0.53662 1.00000
1_1.0 - 2_0.0 -10.19909  0.00000 0.00000
0_0.0 - 2_1.0   6.47643  0.00000 0.00000
0_1.0 - 2_1.0  -2.18905  0.02859 1.00000
1_0.0 - 2_1.0   7.28818  0.00000 0.00000
1_1.0 - 2_1.0  -1.43688  0.15075 1.00000
2_0.0 - 2_1.0   6.35106  0.00000 0.00000
0_0.0 - 3_0.0   0.44351  0.65739 1.00000
0_1.0 - 3_0.0 -11.12011  0.00000 0.00000
1_0.0 - 3_0.0   0.89031  0.37330 1.00000
1_1.0 - 3_0.0 -12.19367  0.00000 0.00000
2_0.0 - 3_0.0   1.16153  0.24543 1.00000
2_1.0 - 3_0.0  -6.28381  0.00000 0.00000
0_0.0 - 3_1.0  10.72632  0.00000 0.00000
0_1.0 - 3_1.0  -0.87526  0.38143 1.00000
1_0.0 - 3_1.0  12.98453  0.00000 0.00000
1_1.0 - 3_1.0   0.34283  0.73173 1.00000
2_0.0 - 3_1.0   9.52902  0.00000 0.00000
2_1.0 - 3_1.0   1.55422  0.12013 1.00000
3_0.0 - 3_1.0  10.68103  0.00000 0.00000
0_0.0 - 4_0.0  -0.90186  0.36713 1.00000
0_1.0 - 4_0.0 -12.82791  0.00000 0.00000
1_0.0 - 4_0.0  -0.73040  0.46515 1.00000
1_1.0 - 4_0.0 -14.53593  0.00000 0.00000
2_0.0 - 4_0.0   0.11679  0.90702 1.00000
2_1.0 - 4_0.0  -7.39716  0.00000 0.00000
3_0.0 - 4_0.0  -1.42567  0.15396 1.00000
3_1.0 - 4_0.0 -12.47865  0.00000 0.00000
0_0.0 - 4_1.0  11.57836  0.00000 0.00000
0_1.0 - 4_1.0  -0.54557  0.58536 1.00000
1_0.0 - 4_1.0  14.25411  0.00000 0.00000
1_1.0 - 4_1.0   0.80839  0.41887 1.00000
2_0.0 - 4_1.0  10.10878  0.00000 0.00000
2_1.0 - 4_1.0   1.87215  0.06119 1.00000
3_0.0 - 4_1.0  11.58350  0.00000 0.00000
3_1.0 - 4_1.0   0.38025  0.70376 1.00000
4_0.0 - 4_1.0  13.53921  0.00000 0.00000
0_0.0 - 5_0.0  -0.52570  0.59909 1.00000
0_1.0 - 5_0.0  -4.33048  0.00001 0.00228
1_0.0 - 5_0.0  -0.44015  0.65983 1.00000
1_1.0 - 5_0.0  -4.00480  0.00006 0.00950
2_0.0 - 5_0.0  -0.20577  0.83697 1.00000
2_1.0 - 5_0.0  -3.22873  0.00124 0.19024
3_0.0 - 5_0.0  -0.66686  0.50486 1.00000
3_1.0 - 5_0.0  -4.04752  0.00005 0.00792
4_0.0 - 5_0.0  -0.25764  0.79668 1.00000
4_1.0 - 5_0.0  -4.18742  0.00003 0.00432
0_0.0 - 5_1.0   3.08004  0.00207 0.31667
0_1.0 - 5_1.0  -0.52405  0.60025 1.00000
1_0.0 - 5_1.0   3.21052  0.00132 0.20272
1_1.0 - 5_1.0  -0.14922  0.88138 1.00000
2_0.0 - 5_1.0   3.29744  0.00098 0.14928
2_1.0 - 5_1.0   0.39113  0.69570 1.00000
3_0.0 - 5_1.0   2.95936  0.00308 0.47167
3_1.0 - 5_1.0  -0.24036  0.81005 1.00000
4_0.0 - 5_1.0   3.35746  0.00079 0.12035
4_1.0 - 5_1.0  -0.35608  0.72178 1.00000
5_0.0 - 5_1.0   2.66989  0.00759 1.00000
0_0.0 - 6_0.0   2.17237  0.02983 1.00000
0_1.0 - 6_0.0  -2.18000  0.02926 1.00000
1_0.0 - 6_0.0   2.32411  0.02012 1.00000
1_1.0 - 6_0.0  -1.76697  0.07723 1.00000
2_0.0 - 6_0.0   2.44587  0.01445 1.00000
2_1.0 - 6_0.0  -1.01164  0.31171 1.00000
3_0.0 - 6_0.0   2.02412  0.04296 1.00000
3_1.0 - 6_0.0  -1.84736  0.06470 1.00000
4_0.0 - 6_0.0   2.50583  0.01222 1.00000
4_1.0 - 6_0.0  -1.99724  0.04580 1.00000
5_0.0 - 6_0.0   1.88440  0.05951 1.00000
5_1.0 - 6_0.0  -1.02131  0.30711 1.00000
0_0.0 - 6_1.0   2.89869  0.00375 0.57333
0_1.0 - 6_1.0  -1.37994  0.16760 1.00000
1_0.0 - 6_1.0   3.06095  0.00221 0.33757
1_1.0 - 6_1.0  -0.95462  0.33977 1.00000
2_0.0 - 6_1.0   3.14519  0.00166 0.25395
2_1.0 - 6_1.0  -0.26713  0.78937 1.00000
3_0.0 - 6_1.0   2.75644  0.00584 0.89404
3_1.0 - 6_1.0  -1.04838  0.29446 1.00000
4_0.0 - 6_1.0   3.23264  0.00123 0.18766
4_1.0 - 6_1.0  -1.19085  0.23371 1.00000
5_0.0 - 6_1.0   2.39431  0.01665 1.00000
5_1.0 - 6_1.0  -0.50578  0.61301 1.00000
6_0.0 - 6_1.0   0.56631  0.57119 1.00000
0_0.0 - 7_0.0  -1.29015  0.19700 1.00000
0_1.0 - 7_0.0 -11.47597  0.00000 0.00000
1_0.0 - 7_0.0  -1.18246  0.23702 1.00000
1_1.0 - 7_0.0 -12.15417  0.00000 0.00000
2_0.0 - 7_0.0  -0.34234  0.73209 1.00000
2_1.0 - 7_0.0  -7.12772  0.00000 0.00000
3_0.0 - 7_0.0  -1.73038  0.08356 1.00000
3_1.0 - 7_0.0 -11.04973  0.00000 0.00000
4_0.0 - 7_0.0  -0.56912  0.56928 1.00000
4_1.0 - 7_0.0 -11.79307  0.00000 0.00000
5_0.0 - 7_0.0   0.06465  0.94845 1.00000
5_1.0 - 7_0.0  -3.47947  0.00050 0.07687
6_0.0 - 7_0.0  -2.65942  0.00783 1.00000
6_1.0 - 7_0.0  -3.36769  0.00076 0.11598
0_0.0 - 7_1.0   9.71710  0.00000 0.00000
0_1.0 - 7_1.0  -0.40624  0.68457 1.00000
1_0.0 - 7_1.0  11.23007  0.00000 0.00000
1_1.0 - 7_1.0   0.70761  0.47919 1.00000
2_0.0 - 7_1.0   8.97661  0.00000 0.00000
2_1.0 - 7_1.0   1.73279  0.08313 1.00000
3_0.0 - 7_1.0   9.60540  0.00000 0.00000
3_1.0 - 7_1.0   0.37725  0.70599 1.00000
4_0.0 - 7_1.0  11.05052  0.00000 0.00000
4_1.0 - 7_1.0   0.06053  0.95173 1.00000
5_0.0 - 7_1.0   4.12082  0.00004 0.00578
5_1.0 - 7_1.0   0.37012  0.71129 1.00000
6_0.0 - 7_1.0   1.96764  0.04911 1.00000
6_1.0 - 7_1.0   1.18398  0.23642 1.00000
7_0.0 - 7_1.0  10.17622  0.00000 0.00000
0_0.0 - 8_0.0   0.27184  0.78575 1.00000
0_1.0 - 8_0.0  -5.57647  0.00000 0.00000
1_0.0 - 8_0.0   0.43072  0.66667 1.00000
1_1.0 - 8_0.0  -5.19342  0.00000 0.00003
2_0.0 - 8_0.0   0.71344  0.47557 1.00000
2_1.0 - 8_0.0  -3.75230  0.00018 0.02681
3_0.0 - 8_0.0   0.05773  0.95397 1.00000
3_1.0 - 8_0.0  -5.17083  0.00000 0.00004
4_0.0 - 8_0.0   0.70312  0.48198 1.00000
4_1.0 - 8_0.0  -5.41557  0.00000 0.00001
5_0.0 - 8_0.0   0.61225  0.54037 1.00000
5_1.0 - 8_0.0  -2.57978  0.00989 1.00000
6_0.0 - 8_0.0  -1.66320  0.09627 1.00000
6_1.0 - 8_0.0  -2.29100  0.02196 1.00000
7_0.0 - 8_0.0   0.95936  0.33738 1.00000
7_1.0 - 8_0.0  -5.18372  0.00000 0.00003
0_0.0 - 8_1.0   5.30662  0.00000 0.00002
0_1.0 - 8_1.0  -0.12233  0.90264 1.00000
1_0.0 - 8_1.0   5.61166  0.00000 0.00000
1_1.0 - 8_1.0   0.45897  0.64626 1.00000
2_0.0 - 8_1.0   5.46152  0.00000 0.00001
2_1.0 - 8_1.0   1.18141  0.23744 1.00000
3_0.0 - 8_1.0   5.14898  0.00000 0.00004
3_1.0 - 8_1.0   0.30625  0.75942 1.00000
4_0.0 - 8_1.0   5.78027  0.00000 0.00000
4_1.0 - 8_1.0   0.13560  0.89214 1.00000
5_0.0 - 8_1.0   3.61845  0.00030 0.04535
5_1.0 - 8_1.0   0.38302  0.70171 1.00000
6_0.0 - 8_1.0   1.70696  0.08783 1.00000
6_1.0 - 8_1.0   1.05848  0.28984 1.00000
7_0.0 - 8_1.0   5.83101  0.00000 0.00000
7_1.0 - 8_1.0   0.09938  0.92084 1.00000
8_0.0 - 8_1.0   3.96540  0.00007 0.01121

----------------------------------------------------------------------------------------

