----------------------------------------------------------------------------------------

Results for one way ANOVA between rs10462020_rs17031614 and GAD7 are: 

                               df       sum_sq   mean_sq         F    PR(>F)
C(rs10462020_rs17031614)      8.0     0.234007  0.029251  1.143897  0.329723
Residual                  60579.0  1549.080252  0.025571       NaN       NaN
----------------------------------------------------------------------------------------

Results for follow-up Tukey test between rs10462020_rs17031614 and GAD7 are: 

    group1  group2      Diff     Lower     Upper   q-value   p-value
0        0       4  0.000958 -0.004763  0.006678  0.734302  0.900000
1        0       2  0.000970 -0.005933  0.007872  0.616184  0.900000
2        0       7  0.005713 -0.005299  0.016725  2.275931  0.774105
3        0       5  0.019971 -0.007166  0.047108  3.228364  0.353356
4        0       3  0.002010 -0.008933  0.012952  0.805695  0.900000
5        0       1  0.000185 -0.005511  0.005880  0.142273  0.900000
6        0       8  0.006331 -0.042163  0.054825  0.572697  0.900000
7        0       6  0.000655 -0.046945  0.048254  0.060336  0.900000
8        4       2  0.000012 -0.007946  0.007970  0.006616  0.900000
9        4       7  0.006671 -0.005032  0.018374  2.500431  0.677780
10       4       5  0.019014 -0.008411  0.046439  3.041339  0.441595
11       4       3  0.002967 -0.008670  0.014605  1.118481  0.900000
12       4       1  0.000773 -0.006165  0.007711  0.488580  0.900000
13       4       8  0.007289 -0.041367  0.055944  0.657121  0.900000
14       4       6  0.000303 -0.047461  0.048067  0.027809  0.900000
15       2       7  0.006683 -0.005641  0.019007  2.378728  0.730000
16       2       5  0.019002 -0.008693  0.046697  3.009716  0.456515
17       2       3  0.002979 -0.009283  0.015241  1.065836  0.900000
18       2       1  0.000785 -0.007156  0.008726  0.433521  0.900000
19       2       8  0.007301 -0.041508  0.056109  0.656139  0.900000
20       2       6  0.000315 -0.047605  0.048235  0.028817  0.900000
21       7       5  0.025685 -0.003309  0.054679  3.885982  0.130905
22       7       3  0.003704 -0.011262  0.018670  1.085557  0.900000
23       7       1  0.005898 -0.005793  0.017589  2.213020  0.801102
24       7       8  0.000618 -0.048940  0.050175  0.054678  0.900000
25       7       6  0.006368 -0.042314  0.055050  0.573820  0.900000
26       5       3  0.021981 -0.006987  0.050949  3.328675  0.310040
27       5       1  0.019787 -0.007633  0.047206  3.165531  0.382531
28       5       8  0.026303 -0.029115  0.081720  2.082032  0.857303
29       5       6  0.019317 -0.035319  0.073953  1.550923  0.900000
30       3       1  0.002195 -0.009431  0.013820  0.828044  0.900000
31       3       8  0.004321 -0.045221  0.053863  0.382629  0.900000
32       3       6  0.002664 -0.046002  0.051331  0.240171  0.900000
33       1       8  0.006516 -0.042137  0.055169  0.587484  0.900000
34       1       6  0.000470 -0.047291  0.048231  0.043165  0.900000
35       8       6  0.006986 -0.060840  0.074812  0.451810  0.900000
----------------------------------------------------------------------------------------

Results for Shapiro-Wilk test to check for normality are: 

w is: 0.683273196220398/ p-value is: 0.0
----------------------------------------------------------------------------------------

Results for Levene's test to check for equality of variance are: 

              Parameter  Value
    Test statistics (W) 1.1530
Degrees of freedom (Df) 8.0000
                p value 0.3238
----------------------------------------------------------------------------------------

Results for the Kruskal-Wallis Test -- to be used if ANOVA assumptions are violated: 

statistic: 7.309934676245369/ p-value is: 0.5035919155549404
----------------------------------------------------------------------------------------

The p-value is lower than alpha; hence, no follow-up test was conducted for Kruskal test
----------------------------------------------------------------------------------------

