----------------------------------------------------------------------------------------

Results for one way ANOVA between rs17031614_rs139459337 and GAD7 are: 

                                df       sum_sq   mean_sq         F    PR(>F)
C(rs17031614_rs139459337)      8.0     0.174581  0.021823  0.853374  0.555414
Residual                   60579.0  1549.139677  0.025572       NaN       NaN
----------------------------------------------------------------------------------------

Results for follow-up Tukey test between rs17031614_rs139459337 and GAD7 are: 

    group1  group2      Diff     Lower     Upper   q-value   p-value
0        0       8  0.006599 -0.005841  0.019040  2.326958  0.752213
1        0       5  0.000071 -0.005496  0.005638  0.056014  0.900000
2        0       1  0.002105 -0.005588  0.009798  1.200523  0.900000
3        0       2  0.000657 -0.004871  0.006185  0.521567  0.900000
4        0       4  0.018670 -0.019933  0.057274  2.121578  0.840334
5        0       3  0.002483 -0.010265  0.015230  0.854296  0.900000
6        0       6  0.013472 -0.056734  0.083678  0.841790  0.900000
7        0       7  0.012076 -0.046048  0.070201  0.911404  0.900000
8        8       5  0.006670 -0.006355  0.019695  2.246473  0.786746
9        8       1  0.004494 -0.009572  0.018560  1.401484  0.900000
10       8       2  0.005942 -0.007067  0.018951  2.003717  0.890904
11       8       4  0.025269 -0.015090  0.065629  2.746535  0.572188
12       8       3  0.004117 -0.013238  0.021471  1.040576  0.900000
13       8       6  0.020072 -0.051115  0.091258  1.236850  0.900000
14       8       7  0.018676 -0.040630  0.077981  1.381384  0.900000
15       5       1  0.002176 -0.006430  0.010783  1.109363  0.900000
16       5       2  0.000728 -0.006013  0.007470  0.473956  0.900000
17       5       4  0.018599 -0.020197  0.057395  2.103024  0.848295
18       5       3  0.002554 -0.010765  0.015872  0.841080  0.900000
19       5       6  0.013401 -0.056911  0.083713  0.836087  0.900000
20       5       7  0.012005 -0.046247  0.070258  0.904050  0.900000
21       1       2  0.001448 -0.007133  0.010029  0.740273  0.900000
22       1       4  0.020776 -0.018382  0.059933  2.327421  0.752013
23       1       3  0.000377 -0.013961  0.014715  0.115402  0.900000
24       1       6  0.015578 -0.054935  0.086090  0.969114  0.900000
25       1       7  0.014182 -0.044312  0.072676  1.063538  0.900000
26       2       4  0.019328 -0.019463  0.058118  2.185690  0.812823
27       2       3  0.001825 -0.011477  0.015128  0.601921  0.900000
28       2       6  0.014130 -0.056179  0.084439  0.881566  0.900000
29       2       7  0.012734 -0.045515  0.070983  0.958958  0.900000
30       4       3  0.021153 -0.019303  0.061608  2.293659  0.766499
31       4       6  0.005198 -0.074821  0.085217  0.284953  0.900000
32       4       7  0.006594 -0.063067  0.076255  0.415230  0.900000
33       3       6  0.015955 -0.055286  0.087196  0.982425  0.900000
34       3       7  0.014559 -0.044812  0.073930  1.075705  0.900000
35       6       7  0.001396 -0.089661  0.092453  0.067251  0.900000
----------------------------------------------------------------------------------------

Results for Shapiro-Wilk test to check for normality are: 

w is: 0.6829977035522461/ p-value is: 0.0
----------------------------------------------------------------------------------------

Results for Levene's test to check for equality of variance are: 

              Parameter  Value
    Test statistics (W) 0.8402
Degrees of freedom (Df) 8.0000
                p value 0.5669
----------------------------------------------------------------------------------------

Results for the Kruskal-Wallis Test -- to be used if ANOVA assumptions are violated: 

statistic: 10.032007741092462/ p-value is: 0.2627865763769865
----------------------------------------------------------------------------------------

The p-value is lower than alpha; hence, no follow-up test was conducted for Kruskal test
----------------------------------------------------------------------------------------

