----------------------------------------------------------------------------------------

Results for one way ANOVA between rs228697_rs2287161 and GAD7 are: 

                            df       sum_sq   mean_sq         F    PR(>F)
C(rs228697_rs2287161)      8.0     0.156216  0.019527  0.763595  0.635052
Residual               60579.0  1549.158042  0.025573       NaN       NaN
----------------------------------------------------------------------------------------

Results for follow-up Tukey test between rs228697_rs2287161 and GAD7 are: 

    group1  group2      Diff     Lower     Upper   q-value   p-value
0        7       4  0.001434 -0.006545  0.009413  0.788458  0.900000
1        7       1  0.002421 -0.004996  0.009838  1.431777  0.900000
2        7       3  0.004154 -0.004095  0.012402  2.209059  0.802800
3        7       2  0.000735 -0.009512  0.010982  0.314732  0.900000
4        7       5  0.004915 -0.018825  0.028654  0.908129  0.900000
5        7       0  0.002726 -0.005783  0.011235  1.405273  0.900000
6        7       8  0.004604 -0.011199  0.020407  1.277952  0.900000
7        7       6  0.007348 -0.013151  0.027848  1.572485  0.900000
8        4       1  0.000987 -0.004855  0.006829  0.740948  0.900000
9        4       3  0.002720 -0.004147  0.009587  1.737410  0.900000
10       4       2  0.002169 -0.007002  0.011340  1.037625  0.900000
11       4       5  0.006349 -0.016947  0.029644  1.195500  0.900000
12       4       0  0.001292 -0.005886  0.008469  0.789435  0.900000
13       4       8  0.003170 -0.011958  0.018297  0.919126  0.900000
14       4       6  0.005914 -0.014069  0.025898  1.298265  0.900000
15       1       3  0.001733 -0.004472  0.007938  1.225127  0.900000
16       1       2  0.003156 -0.005531  0.011843  1.593796  0.900000
17       1       5  0.007335 -0.015773  0.030444  1.392457  0.900000
18       1       0  0.000305 -0.006242  0.006852  0.204280  0.900000
19       1       8  0.002183 -0.012656  0.017022  0.645306  0.900000
20       1       6  0.004927 -0.014838  0.024693  1.093567  0.900000
21       3       2  0.004889 -0.004517  0.014296  2.279977  0.772369
22       3       5  0.009068 -0.014321  0.032457  1.700802  0.900000
23       3       0  0.001428 -0.006048  0.008904  0.837983  0.900000
24       3       8  0.000450 -0.014822  0.015722  0.129243  0.900000
25       3       6  0.003195 -0.016898  0.023287  0.697436  0.900000
26       2       5  0.004179 -0.019987  0.028345  0.758643  0.900000
27       2       0  0.003461 -0.006174  0.013096  1.575650  0.900000
28       2       8  0.005339 -0.011098  0.021776  1.424854  0.900000
29       2       6  0.008084 -0.012909  0.029076  1.689205  0.900000
30       5       0  0.007640 -0.015842  0.031122  1.427285  0.900000
31       5       8  0.009518 -0.017477  0.036514  1.546714  0.900000
32       5       6  0.012263 -0.017724  0.042250  1.793879  0.900000
33       0       8  0.001878 -0.013536  0.017292  0.534481  0.900000
34       0       6  0.004623 -0.015578  0.024823  1.003815  0.900000
35       8       6  0.002745 -0.021451  0.026940  0.497601  0.900000
----------------------------------------------------------------------------------------

Results for Shapiro-Wilk test to check for normality are: 

w is: 0.684457540512085/ p-value is: 0.0
----------------------------------------------------------------------------------------

Results for Levene's test to check for equality of variance are: 

              Parameter  Value
    Test statistics (W) 0.7069
Degrees of freedom (Df) 8.0000
                p value 0.6858
----------------------------------------------------------------------------------------

Results for the Kruskal-Wallis Test -- to be used if ANOVA assumptions are violated: 

statistic: 8.111855330631247/ p-value is: 0.4226207913138877
----------------------------------------------------------------------------------------

The p-value is lower than alpha; hence, no follow-up test was conducted for Kruskal test
----------------------------------------------------------------------------------------

