----------------------------------------------------------------------------------------

Results for one way ANOVA between rs139459337_rs2287161 and GAD7 are: 

                               df       sum_sq   mean_sq         F    PR(>F)
C(rs139459337_rs2287161)      8.0     0.308363  0.038545  1.507444  0.148593
Residual                  60579.0  1549.005896  0.025570       NaN       NaN
----------------------------------------------------------------------------------------

Results for follow-up Tukey test between rs139459337_rs2287161 and GAD7 are: 

    group1  group2      Diff     Lower     Upper   q-value   p-value
0        4       7  0.003645 -0.007215  0.014505  1.472193  0.900000
1        4       1  0.001706 -0.003334  0.006746  1.484645  0.900000
2        4       3  0.001666 -0.007114  0.010447  0.832556  0.900000
3        4       0  0.000068 -0.006142  0.006278  0.047932  0.900000
4        4       2  0.001182 -0.011660  0.014024  0.403808  0.900000
5        4       8  0.036158 -0.005511  0.077828  3.806541  0.150581
6        4       6  0.006950 -0.046376  0.060277  0.571723  0.900000
7        4       5  0.014322 -0.050375  0.079019  0.971083  0.900000
8        7       1  0.005350 -0.005211  0.015912  2.222262  0.797136
9        7       3  0.001978 -0.010798  0.014755  0.679189  0.900000
10       7       0  0.003577 -0.007591  0.014744  1.405012  0.900000
11       7       2  0.002463 -0.013382  0.018307  0.681762  0.900000
12       7       8  0.039803 -0.002887  0.082494  4.089997  0.090274
13       7       6  0.010595 -0.043533  0.064723  0.858626  0.900000
14       7       5  0.010677 -0.054682  0.076037  0.716627  0.900000
15       1       3  0.003372 -0.005036  0.011781  1.759250  0.900000
16       1       0  0.001774 -0.003898  0.007446  1.371659  0.900000
17       1       2  0.002888 -0.009703  0.015478  1.006169  0.900000
18       1       8  0.034453 -0.007140  0.076045  3.633671  0.199463
19       1       6  0.005244 -0.048022  0.058511  0.431896  0.900000
20       1       5  0.016028 -0.048620  0.080676  1.087566  0.900000
21       3       0  0.001599 -0.007559  0.010757  0.765735  0.900000
22       3       2  0.000484 -0.014014  0.014983  0.146538  0.900000
23       3       8  0.037825 -0.004384  0.080034  3.931024  0.121771
24       3       6  0.008617 -0.045133  0.062366  0.703228  0.900000
25       3       5  0.012656 -0.052391  0.077702  0.853485  0.900000
26       0       2  0.001114 -0.011988  0.014217  0.373047  0.900000
27       0       8  0.036226 -0.005524  0.077977  3.806270  0.150652
28       0       6  0.007018 -0.046372  0.060408  0.576619  0.900000
29       0       5  0.014254 -0.050495  0.079004  0.965701  0.900000
30       2       8  0.037341 -0.005896  0.080578  3.788448  0.155327
31       2       6  0.008132 -0.046428  0.062693  0.653837  0.900000
32       2       5  0.013140 -0.052578  0.078858  0.877093  0.900000
33       8       6  0.029208 -0.038232  0.096649  1.899853  0.900000
34       8       5  0.050481 -0.026268  0.127229  2.885309  0.512645
35       6       5  0.021272 -0.062380  0.104924  1.115507  0.900000
----------------------------------------------------------------------------------------

Results for Shapiro-Wilk test to check for normality are: 

w is: 0.6841995716094971/ p-value is: 0.0
----------------------------------------------------------------------------------------

Results for Levene's test to check for equality of variance are: 

              Parameter  Value
    Test statistics (W) 1.5139
Degrees of freedom (Df) 8.0000
                p value 0.1463
----------------------------------------------------------------------------------------

Results for the Kruskal-Wallis Test -- to be used if ANOVA assumptions are violated: 

statistic: 13.998592585850282/ p-value is: 0.08180210734481948
----------------------------------------------------------------------------------------

The p-value is lower than alpha; hence, no follow-up test was conducted for Kruskal test
----------------------------------------------------------------------------------------

