----------------------------------------------------------------------------------------

Results for one way ANOVA between rs10462020_rs1801260 and GAD7 are: 

                              df       sum_sq   mean_sq         F    PR(>F)
C(rs10462020_rs1801260)      8.0     0.285885  0.035736  1.397539  0.191716
Residual                 60579.0  1549.028374  0.025570       NaN       NaN
----------------------------------------------------------------------------------------

Results for follow-up Tukey test between rs10462020_rs1801260 and GAD7 are: 

    group1  group2      Diff     Lower     Upper   q-value   p-value
0        1       0  0.003312 -0.001380  0.008003  3.096502  0.415327
1        1       2  0.001119 -0.006287  0.008525  0.662652  0.900000
2        1       3  0.005497 -0.003055  0.014049  2.819831  0.540740
3        1       5  0.009617 -0.018169  0.037404  1.518282  0.900000
4        1       4  0.000025 -0.009092  0.009143  0.012264  0.900000
5        1       7  0.004471 -0.013825  0.022768  1.072022  0.900000
6        1       8  0.003703 -0.033037  0.040443  0.442148  0.900000
7        1       6  0.028336 -0.046525  0.103197  1.660423  0.900000
8        0       2  0.002193 -0.004974  0.009360  1.342318  0.900000
9        0       3  0.002186 -0.006160  0.010531  1.148792  0.900000
10       0       5  0.012929 -0.014795  0.040653  2.045732  0.872877
11       0       4  0.003337 -0.005587  0.012261  1.640456  0.900000
12       0       7  0.001160 -0.017042  0.019361  0.279482  0.900000
13       0       8  0.007015 -0.029678  0.043708  0.838644  0.900000
14       0       6  0.031648 -0.043190  0.106486  1.855059  0.900000
15       2       3  0.004379 -0.005745  0.014502  1.897312  0.900000
16       2       5  0.010736 -0.017574  0.039046  1.663571  0.900000
17       2       4  0.001144 -0.009461  0.011749  0.473282  0.900000
18       2       7  0.003353 -0.015729  0.022435  0.770728  0.900000
19       2       8  0.004822 -0.032316  0.041959  0.569561  0.900000
20       2       6  0.029455 -0.045602  0.104512  1.721476  0.900000
21       3       5  0.015115 -0.013516  0.043745  2.315780  0.757010
22       3       4  0.005523 -0.005912  0.016958  2.118643  0.841594
23       3       7  0.001026 -0.018529  0.020581  0.230151  0.900000
24       3       8  0.009201 -0.028182  0.046583  1.079631  0.900000
25       3       6  0.033833 -0.041345  0.109012  1.974181  0.900000
26       5       4  0.009592 -0.019213  0.038396  1.460727  0.900000
27       5       7  0.014089 -0.018795  0.046973  1.879395  0.900000
28       5       8  0.005914 -0.039873  0.051701  0.566605  0.900000
29       5       6  0.018719 -0.060973  0.098411  1.030392  0.900000
30       4       7  0.004497 -0.015312  0.024306  0.995825  0.900000
31       4       8  0.003678 -0.033839  0.041194  0.430021  0.900000
32       4       6  0.028311 -0.046935  0.103556  1.650466  0.900000
33       7       8  0.008175 -0.032558  0.048907  0.880361  0.900000
34       7       6  0.032808 -0.044092  0.109707  1.871487  0.900000
35       8       6  0.024633 -0.058605  0.107871  1.298168  0.900000
----------------------------------------------------------------------------------------

Results for Shapiro-Wilk test to check for normality are: 

w is: 0.6853516101837158/ p-value is: 0.0
----------------------------------------------------------------------------------------

Results for Levene's test to check for equality of variance are: 

              Parameter  Value
    Test statistics (W) 1.4706
Degrees of freedom (Df) 8.0000
                p value 0.1620
----------------------------------------------------------------------------------------

Results for the Kruskal-Wallis Test -- to be used if ANOVA assumptions are violated: 

statistic: 7.119197400179659/ p-value is: 0.5238285641427527
----------------------------------------------------------------------------------------

The p-value is lower than alpha; hence, no follow-up test was conducted for Kruskal test
----------------------------------------------------------------------------------------

