----------------------------------------------------------------------------------------

Results for two way ANOVA between rs10462020_rs1801260&sex and GAD7 are: 

                                     df       sum_sq   mean_sq           F        PR(>F)
C(rs10462020_rs1801260)             8.0     0.235963  0.029495    1.166022  3.153924e-01
C(sex)                              1.0     7.841478  7.841478  309.992547  3.263049e-69
C(rs10462020_rs1801260):C(sex)      8.0     0.070420  0.008803    0.347984  9.471757e-01
Residual                        60570.0  1532.160480  0.025296         NaN           NaN
----------------------------------------------------------------------------------------

Results for follow-up Tukey test between rs10462020_rs1801260 & sex and GAD7 are: 

Main effect for rs10462020_rs1801260:
 group1  group2     Diff     Lower    Upper  q-value  p-value
      1       0 0.003312 -0.001355 0.007978 3.113270 0.407328
      1       2 0.001119 -0.006247 0.008485 0.666240 0.900000
      1       3 0.005497 -0.003009 0.014003 2.835100 0.534189
      1       5 0.009617 -0.018020 0.037254 1.526503 0.900000
      1       4 0.000025 -0.009042 0.009093 0.012330 0.900000
      1       7 0.004471 -0.013727 0.022670 1.077826 0.900000
      1       8 0.003703 -0.032839 0.040245 0.444542 0.900000
      1       6 0.028336 -0.046122 0.102794 1.669414 0.900000
      0       2 0.002193 -0.004935 0.009321 1.349586 0.900000
      0       3 0.002186 -0.006115 0.010486 1.155012 0.900000
      0       5 0.012929 -0.014645 0.040503 2.056809 0.868123
      0       4 0.003337 -0.005539 0.012213 1.649339 0.900000
      0       7 0.001160 -0.016944 0.019263 0.280995 0.900000
      0       8 0.007015 -0.029480 0.043510 0.843185 0.900000
      0       6 0.031648 -0.042787 0.106083 1.865104 0.900000
      2       3 0.004379 -0.005690 0.014448 1.907586 0.900000
      2       5 0.010736 -0.017421 0.038893 1.672579 0.900000
      2       4 0.001144 -0.009404 0.011692 0.475845 0.900000
      2       7 0.003353 -0.015627 0.022332 0.774901 0.900000
      2       8 0.004822 -0.032116 0.041759 0.572645 0.900000
      2       6 0.029455 -0.045198 0.104108 1.730797 0.900000
      3       5 0.015115 -0.013362 0.043591 2.328320 0.751628
      3       4 0.005523 -0.005851 0.016896 2.130115 0.836672
      3       7 0.001026 -0.018424 0.020476 0.231398 0.900000
      3       8 0.009201 -0.027981 0.046382 1.085477 0.900000
      3       6 0.033833 -0.040940 0.108607 1.984871 0.898990
      5       4 0.009592 -0.019058 0.038241 1.468637 0.900000
      5       7 0.014089 -0.018618 0.046795 1.889572 0.900000
      5       8 0.005914 -0.039626 0.051454 0.569673 0.900000
      5       6 0.018719 -0.060544 0.097982 1.035971 0.900000
      4       7 0.004497 -0.015205 0.024199 1.001218 0.900000
      4       8 0.003678 -0.033636 0.040992 0.432350 0.900000
      4       6 0.028311 -0.046529 0.103151 1.659403 0.900000
      7       8 0.008175 -0.032338 0.048687 0.885128 0.900000
      7       6 0.032808 -0.043678 0.109293 1.881621 0.900000
      8       6 0.024633 -0.058157 0.107423 1.305198 0.900000

Main effect for sex:
 group1  group2     Diff    Lower   Upper   q-value  p-value
    0.0     1.0 0.033492 0.030944 0.03604 36.436608    0.001

Interaction effect between rs10462020_rs1801260 and sex:
  group1   group2     Diff     Lower    Upper   q-value  p-value
(1, 0.0) (1, 1.0) 0.031919  0.023896 0.039941 19.630802 0.001000
(1, 0.0) (0, 0.0) 0.004171 -0.002905 0.011247  2.908313 0.816131
(1, 0.0) (0, 1.0) 0.030415  0.022975 0.037854 20.172415 0.001000
(1, 0.0) (2, 0.0) 0.001174 -0.009932 0.012279  0.521459 0.900000
(1, 0.0) (2, 1.0) 0.031876  0.019672 0.044081 12.887678 0.001000
(1, 0.0) (3, 0.0) 0.007049 -0.005791 0.019889  2.708827 0.900000
(1, 0.0) (3, 1.0) 0.029180  0.015041 0.043319 10.183117 0.001000
(1, 0.0) (5, 0.0) 0.003208 -0.036998 0.043413  0.393645 0.900000
(1, 0.0) (5, 1.0) 0.055298  0.006329 0.104266  5.571963 0.010069
(1, 0.0) (4, 0.0) 0.000628 -0.012961 0.014217  0.227961 0.900000
(1, 0.0) (4, 1.0) 0.032677  0.017429 0.047924 10.574648 0.001000
(1, 0.0) (7, 0.0) 0.002358 -0.025478 0.030193  0.417946 0.900000
(1, 0.0) (7, 1.0) 0.024583 -0.005526 0.054691  4.028664 0.282973
(1, 0.0) (8, 0.0) 0.008226 -0.046718 0.063170  0.738764 0.900000
(1, 0.0) (8, 1.0) 0.030869 -0.031025 0.092762  2.460873 0.900000
(1, 0.0) (6, 0.0) 0.034355 -0.068831 0.137542  1.642818 0.900000
(1, 0.0) (6, 1.0) 0.059205 -0.084175 0.202585  2.037447 0.900000
(1, 1.0) (0, 0.0) 0.036089  0.028607 0.043572 23.797853 0.001000
(1, 1.0) (0, 1.0) 0.001504 -0.006323 0.009332  0.948146 0.900000
(1, 1.0) (2, 0.0) 0.033092  0.021723 0.044461 14.362225 0.001000
(1, 1.0) (2, 1.0) 0.000042 -0.012402 0.012487  0.016731 0.900000
(1, 1.0) (3, 0.0) 0.038968  0.025899 0.052037 14.712453 0.001000
(1, 1.0) (3, 1.0) 0.002739 -0.011608 0.017086  0.941888 0.900000
(1, 1.0) (5, 0.0) 0.028711 -0.011568 0.068990  3.517116 0.534415
(1, 1.0) (5, 1.0) 0.023379 -0.025650 0.072408  2.352843 0.900000
(1, 1.0) (4, 0.0) 0.031291  0.017486 0.045096 11.183807 0.001000
(1, 1.0) (4, 1.0) 0.000758 -0.014682 0.016198  0.242212 0.900000
(1, 1.0) (7, 0.0) 0.034276  0.006335 0.062218  6.052859 0.002513
(1, 1.0) (7, 1.0) 0.007336 -0.022871 0.037542  1.198306 0.900000
(1, 1.0) (8, 0.0) 0.023692 -0.031305 0.078690  2.125590 0.900000
(1, 1.0) (8, 1.0) 0.001050 -0.060891 0.062991  0.083640 0.900000
(1, 1.0) (6, 0.0) 0.002437 -0.100779 0.105652  0.116492 0.900000
(1, 1.0) (6, 1.0) 0.027286 -0.116114 0.170687  0.938881 0.900000
(0, 0.0) (0, 1.0) 0.034585  0.027732 0.041439 24.899500 0.001000
(0, 0.0) (2, 0.0) 0.002997 -0.007725 0.013719  1.379223 0.900000
(0, 0.0) (2, 1.0) 0.036047  0.024191 0.047903 15.001686 0.001000
(0, 0.0) (3, 0.0) 0.002879 -0.009631 0.015388  1.135359 0.900000
(0, 0.0) (3, 1.0) 0.033351  0.019511 0.047190 11.890267 0.001000
(0, 0.0) (5, 0.0) 0.007378 -0.032723 0.047479  0.907840 0.900000
(0, 0.0) (5, 1.0) 0.059468  0.010585 0.108351  6.002700 0.002921
(0, 0.0) (4, 0.0) 0.004798 -0.008479 0.018076  1.783230 0.900000
(0, 0.0) (4, 1.0) 0.036847  0.021877 0.051817 12.145078 0.001000
(0, 0.0) (7, 0.0) 0.001813 -0.025872 0.029498  0.323106 0.900000
(0, 0.0) (7, 1.0) 0.028753 -0.001216 0.058722  4.734072 0.078364
(0, 0.0) (8, 0.0) 0.012397 -0.042471 0.067265  1.114854 0.900000
(0, 0.0) (8, 1.0) 0.035039 -0.026787 0.096865  2.796418 0.867909
(0, 0.0) (6, 0.0) 0.038526 -0.064620 0.141672  1.842976 0.900000
(0, 0.0) (6, 1.0) 0.063376 -0.079975 0.206727  2.181418 0.900000
(0, 1.0) (2, 0.0) 0.031588  0.020623 0.042553 14.214338 0.001000
(0, 1.0) (2, 1.0) 0.001462 -0.010615 0.013539  0.597289 0.900000
(0, 1.0) (3, 0.0) 0.037464  0.024745 0.050183 14.533517 0.001000
(0, 1.0) (3, 1.0) 0.001235 -0.012795 0.015264  0.434220 0.900000
(0, 1.0) (5, 0.0) 0.027207 -0.012960 0.067374  3.342166 0.615369
(0, 1.0) (5, 1.0) 0.024883 -0.024054 0.073820  2.508924 0.900000
(0, 1.0) (4, 0.0) 0.029787  0.016312 0.043261 10.907440 0.001000
(0, 1.0) (4, 1.0) 0.002262 -0.012883 0.017407  0.736952 0.900000
(0, 1.0) (7, 0.0) 0.032772  0.004993 0.060552  5.820971 0.004998
(0, 1.0) (7, 1.0) 0.005832 -0.024225 0.035889  0.957357 0.900000
(0, 1.0) (8, 0.0) 0.022188 -0.032728 0.077104  1.993622 0.900000
(0, 1.0) (8, 1.0) 0.000454 -0.061414 0.062323  0.036218 0.900000
(0, 1.0) (6, 0.0) 0.003941 -0.099231 0.107113  0.188475 0.900000
(0, 1.0) (6, 1.0) 0.028790 -0.114579 0.172160  0.990852 0.900000
(2, 0.0) (2, 1.0) 0.033050  0.018427 0.047673 11.151963 0.001000
(2, 0.0) (3, 0.0) 0.005876 -0.009282 0.021033  1.912602 0.900000
(2, 0.0) (3, 1.0) 0.030354  0.014081 0.046626  9.203773 0.001000
(2, 0.0) (5, 0.0) 0.004381 -0.036623 0.045386  0.527204 0.900000
(2, 0.0) (5, 1.0) 0.056471  0.006845 0.106098  5.614760 0.008954
(2, 0.0) (4, 0.0) 0.001801 -0.013996 0.017599  0.562682 0.900000
(2, 0.0) (4, 1.0) 0.033850  0.016606 0.051094  9.685775 0.001000
(2, 0.0) (7, 0.0) 0.001184 -0.027794 0.030162  0.201628 0.900000
(2, 0.0) (7, 1.0) 0.025756 -0.005411 0.056924  4.077586 0.262203
(2, 0.0) (8, 0.0) 0.009400 -0.046131 0.064931  0.835234 0.900000
(2, 0.0) (8, 1.0) 0.032042 -0.030373 0.094458  2.533074 0.900000
(2, 0.0) (6, 0.0) 0.035529 -0.067971 0.139030  1.693787 0.900000
(2, 0.0) (6, 1.0) 0.060379 -0.083228 0.203985  2.074565 0.900000
(2, 1.0) (3, 0.0) 0.038926  0.022945 0.054906 12.018856 0.001000
(2, 1.0) (3, 1.0) 0.002696 -0.014345 0.019738  0.780739 0.900000
(2, 1.0) (5, 0.0) 0.028669 -0.012647 0.069985  3.423834 0.577581
(2, 1.0) (5, 1.0) 0.023421 -0.026463 0.073305  2.316685 0.900000
(2, 1.0) (4, 0.0) 0.031249  0.014661 0.047837  9.295044 0.001000
(2, 1.0) (4, 1.0) 0.000800 -0.017171 0.018772  0.219680 0.900000
(2, 1.0) (7, 0.0) 0.034234  0.004818 0.063650  5.742358 0.006264
(2, 1.0) (7, 1.0) 0.007294 -0.024282 0.038869  1.139758 0.900000
(2, 1.0) (8, 0.0) 0.023650 -0.032111 0.079411  2.092746 0.900000
(2, 1.0) (8, 1.0) 0.001008 -0.061613 0.063628  0.079408 0.900000
(2, 1.0) (6, 0.0) 0.002479 -0.101145 0.106103  0.118042 0.900000
(2, 1.0) (6, 1.0) 0.027328 -0.116367 0.171024  0.938405 0.900000
(3, 0.0) (3, 1.0) 0.036229  0.018726 0.053732 10.213395 0.001000
(3, 0.0) (5, 0.0) 0.010257 -0.031251 0.051765  1.219253 0.900000
(3, 0.0) (5, 1.0) 0.062347  0.012304 0.112390  6.147316 0.001880
(3, 0.0) (4, 0.0) 0.007677 -0.009384 0.024738  2.220201 0.900000
(3, 0.0) (4, 1.0) 0.039726  0.021316 0.058135 10.647557 0.001000
(3, 0.0) (7, 0.0) 0.004691 -0.024994 0.034377  0.779780 0.900000
(3, 0.0) (7, 1.0) 0.031632 -0.000195 0.063459  4.904000 0.053629
(3, 0.0) (8, 0.0) 0.015276 -0.040628 0.071180  1.348250 0.900000
(3, 0.0) (8, 1.0) 0.037918 -0.024830 0.100665  2.981703 0.782170
(3, 0.0) (6, 0.0) 0.041405 -0.062296 0.145106  1.970076 0.900000
(3, 0.0) (6, 1.0) 0.066254 -0.077497 0.210005  2.274154 0.900000
(3, 1.0) (5, 0.0) 0.025972 -0.015956 0.067900  3.056504 0.747558
(3, 1.0) (5, 1.0) 0.026118 -0.024274 0.076510  2.557347 0.900000
(3, 1.0) (4, 0.0) 0.028552  0.010493 0.046611  7.801134 0.001000
(3, 1.0) (4, 1.0) 0.003497 -0.015841 0.022834  0.892198 0.900000
(3, 1.0) (7, 0.0) 0.031538  0.001268 0.061808  5.140819 0.030764
(3, 1.0) (7, 1.0) 0.004597 -0.027775 0.036970  0.700699 0.900000
(3, 1.0) (8, 0.0) 0.020954 -0.035263 0.077170  1.839127 0.900000
(3, 1.0) (8, 1.0) 0.001689 -0.061337 0.064715  0.132207 0.900000
(3, 1.0) (6, 0.0) 0.005176 -0.098694 0.109045  0.245856 0.900000
(3, 1.0) (6, 1.0) 0.030025 -0.113848 0.173898  1.029727 0.900000
(5, 0.0) (5, 1.0) 0.052090 -0.010806 0.114987  4.086463 0.258528
(5, 0.0) (4, 0.0) 0.002580 -0.039166 0.044325  0.304916 0.900000
(5, 0.0) (4, 1.0) 0.029469 -0.012846 0.071784  3.436319 0.571803
(5, 0.0) (7, 0.0) 0.005565 -0.042734 0.053865  0.568543 0.900000
(5, 0.0) (7, 1.0) 0.021375 -0.028269 0.071020  2.124508 0.900000
(5, 0.0) (8, 0.0) 0.005019 -0.062634 0.072671  0.366044 0.900000
(5, 0.0) (8, 1.0) 0.027661 -0.045748 0.101070  1.859252 0.900000
(5, 0.0) (6, 0.0) 0.031148 -0.079331 0.141627  1.391131 0.900000
(5, 0.0) (6, 1.0) 0.055997 -0.092717 0.204712  1.857944 0.900000
(5, 1.0) (4, 0.0) 0.054670  0.004429 0.104911  5.369203 0.017311
(5, 1.0) (4, 1.0) 0.022621 -0.028093 0.073335  2.200907 0.900000
(5, 1.0) (7, 0.0) 0.057656  0.001850 0.113461  5.097758 0.034167
(5, 1.0) (7, 1.0) 0.030715 -0.026259 0.087688  2.660078 0.900000
(5, 1.0) (8, 0.0) 0.047071 -0.026129 0.120272  3.172933 0.693682
(5, 1.0) (8, 1.0) 0.024429 -0.054122 0.102980  1.534516 0.900000
(5, 1.0) (6, 0.0) 0.020942 -0.093018 0.134903  0.906750 0.900000
(5, 1.0) (6, 1.0) 0.003907 -0.147411 0.155226  0.127406 0.900000
(4, 0.0) (4, 1.0) 0.032049  0.013109 0.050988  8.349599 0.001000
(4, 0.0) (7, 0.0) 0.002986 -0.027032 0.033003  0.490768 0.900000
(4, 0.0) (7, 1.0) 0.023955 -0.008181 0.056091  3.678057 0.457648
(4, 0.0) (8, 0.0) 0.007599 -0.048482 0.063679  0.668550 0.900000
(4, 0.0) (8, 1.0) 0.030241 -0.032664 0.093146  2.372062 0.900000
(4, 0.0) (6, 0.0) 0.033728 -0.070069 0.137524  1.603322 0.900000
(4, 0.0) (6, 1.0) 0.058577 -0.085243 0.202397  2.009682 0.900000
(4, 1.0) (7, 0.0) 0.035034  0.004231 0.065838  5.611945 0.009025
(4, 1.0) (7, 1.0) 0.008094 -0.024778 0.040965  1.214922 0.900000
(4, 1.0) (8, 0.0) 0.024450 -0.032055 0.080956  2.135059 0.900000
(4, 1.0) (8, 1.0) 0.001808 -0.061476 0.065092  0.140961 0.900000
(4, 1.0) (6, 0.0) 0.001679 -0.102348 0.105705  0.079633 0.900000
(4, 1.0) (6, 1.0) 0.026528 -0.117457 0.170514  0.909093 0.900000
(7, 0.0) (7, 1.0) 0.026941 -0.013345 0.067226  3.299741 0.635001
(7, 0.0) (8, 0.0) 0.010584 -0.050532 0.071700  0.854507 0.900000
(7, 0.0) (8, 1.0) 0.033226 -0.034206 0.100659  2.431249 0.900000
(7, 0.0) (6, 0.0) 0.036713 -0.069888 0.143315  1.699327 0.900000
(7, 0.0) (6, 1.0) 0.061563 -0.084294 0.207420  2.082611 0.900000
(7, 1.0) (8, 0.0) 0.016356 -0.045828 0.078541  1.297848 0.900000
(7, 1.0) (8, 1.0) 0.006286 -0.062117 0.074688  0.453433 0.900000
(7, 1.0) (6, 0.0) 0.009773 -0.097445 0.116990  0.449745 0.900000
(7, 1.0) (6, 1.0) 0.034622 -0.111685 0.180930  1.167628 0.900000
(8, 0.0) (8, 1.0) 0.022642 -0.059766 0.105051  1.355703 0.900000
(8, 0.0) (6, 0.0) 0.026129 -0.090524 0.142782  1.105215 0.900000
(8, 0.0) (6, 1.0) 0.050979 -0.102378 0.204335  1.640222 0.900000
(8, 1.0) (6, 0.0) 0.003487 -0.116596 0.123570  0.143273 0.900000
(8, 1.0) (6, 1.0) 0.028336 -0.127645 0.184318  0.896369 0.900000
(6, 0.0) (6, 1.0) 0.024849 -0.151635 0.201334  0.694748 0.900000

----------------------------------------------------------------------------------------

Results for Shapiro-Wilk test to check for normality are: 

w is: 0.7193776369094849/ p-value is: 0.0
----------------------------------------------------------------------------------------

Results for Levene's test to check for equality of variance are: 

              Parameter   Value
    Test statistics (W) 39.3549
Degrees of freedom (Df) 17.0000
                p value  0.0000
----------------------------------------------------------------------------------------

Results for the scheirer Ray Hare Test -- to be used if ANOVA assumptions are violated: 

                             Df        Sum Sq           H   p.value
rs10462020_rs1801260          8  1.920486e+09    7.256733  0.509204
sex                           1  2.192894e+11  828.605270  0.000000
rs10462020_rs1801260:sex      8  7.889712e+08    2.981200  0.935532
Residuals                 60570  1.581232e+13         NaN       NaN
----------------------------------------------------------------------------------------

Results for follow-up Dunn's test between rs10462020_rs1801260 & sex and GAD7 are: 

   Comparison         Z  P.unadj   P.adj
0_0.0 - 0_1.0  18.78681  0.00000 0.00000
0_0.0 - 1_0.0   1.46169  0.14383 1.00000
0_1.0 - 1_0.0 -15.91704  0.00000 0.00000
0_0.0 - 1_1.0  17.98164  0.00000 0.00000
0_1.0 - 1_1.0   0.74026  0.45914 1.00000
1_0.0 - 1_1.0  15.48200  0.00000 0.00000
0_0.0 - 2_0.0   0.53495  0.59268 1.00000
0_1.0 - 2_0.0 -11.21926  0.00000 0.00000
1_0.0 - 2_0.0  -0.41485  0.67825 1.00000
1_1.0 - 2_0.0 -11.33040  0.00000 0.00000
0_0.0 - 2_1.0  12.31828  0.00000 0.00000
0_1.0 - 2_1.0   1.43183  0.15219 1.00000
1_0.0 - 2_1.0  11.11952  0.00000 0.00000
1_1.0 - 2_1.0   0.92390  0.35554 1.00000
2_0.0 - 2_1.0   9.59531  0.00000 0.00000
0_0.0 - 3_0.0  -0.89247  0.37214 1.00000
0_1.0 - 3_0.0 -11.00087  0.00000 0.00000
1_0.0 - 3_0.0  -1.67500  0.09393 1.00000
1_1.0 - 3_0.0 -11.14983  0.00000 0.00000
2_0.0 - 3_0.0  -1.11495  0.26487 1.00000
2_1.0 - 3_0.0  -9.83784  0.00000 0.00000
0_0.0 - 3_1.0   9.92717  0.00000 0.00000
0_1.0 - 3_1.0   0.61537  0.53831 1.00000
1_0.0 - 3_1.0   8.98553  0.00000 0.00000
1_1.0 - 3_1.0   0.19787  0.84315 1.00000
2_0.0 - 3_1.0   8.09046  0.00000 0.00000
2_1.0 - 3_1.0  -0.50809  0.61139 1.00000
3_0.0 - 3_1.0   8.48752  0.00000 0.00000
0_0.0 - 4_0.0   1.00214  0.31627 1.00000
0_1.0 - 4_0.0  -8.56801  0.00000 0.00000
1_0.0 - 4_0.0   0.21805  0.82739 1.00000
1_1.0 - 4_0.0  -8.78254  0.00000 0.00000
2_0.0 - 4_0.0   0.47921  0.63179 1.00000
2_1.0 - 4_0.0  -8.00229  0.00000 0.00000
3_0.0 - 4_0.0   1.43426  0.15150 1.00000
3_1.0 - 4_0.0  -6.87096  0.00000 0.00000
0_0.0 - 4_1.0   9.94591  0.00000 0.00000
0_1.0 - 4_1.0   1.32936  0.18373 1.00000
1_0.0 - 4_1.0   9.08680  0.00000 0.00000
1_1.0 - 4_1.0   0.92870  0.35305 1.00000
2_0.0 - 4_1.0   8.30158  0.00000 0.00000
2_1.0 - 4_1.0   0.15812  0.87436 1.00000
3_0.0 - 4_1.0   8.69420  0.00000 0.00000
3_1.0 - 4_1.0   0.59472  0.55203 1.00000
4_0.0 - 4_1.0   7.15891  0.00000 0.00000
0_0.0 - 5_0.0   0.64527  0.51875 1.00000
0_1.0 - 5_0.0  -2.56132  0.01043 1.00000
1_0.0 - 5_0.0   0.38635  0.69923 1.00000
1_1.0 - 5_0.0  -2.69804  0.00697 1.00000
2_0.0 - 5_0.0   0.49118  0.62330 1.00000
2_1.0 - 5_0.0  -2.90863  0.00363 0.55541
3_0.0 - 5_0.0   0.89238  0.37219 1.00000
3_1.0 - 5_0.0  -2.65964  0.00782 1.00000
4_0.0 - 5_0.0   0.30112  0.76332 1.00000
4_1.0 - 5_0.0  -2.90713  0.00365 0.55808
0_0.0 - 5_1.0   3.96332  0.00007 0.01131
0_1.0 - 5_1.0   1.32787  0.18422 1.00000
1_0.0 - 5_1.0   3.74518  0.00018 0.02758
1_1.0 - 5_1.0   1.20720  0.22736 1.00000
2_0.0 - 5_1.0   3.78835  0.00015 0.02320
2_1.0 - 5_1.0   0.95602  0.33906 1.00000
3_0.0 - 5_1.0   4.09451  0.00004 0.00647
3_1.0 - 5_1.0   1.11820  0.26348 1.00000
4_0.0 - 5_1.0   3.59136  0.00033 0.05033
4_1.0 - 5_1.0   0.88433  0.37652 1.00000
5_0.0 - 5_1.0   2.66887  0.00761 1.00000
0_0.0 - 6_0.0   0.44757  0.65447 1.00000
0_1.0 - 6_0.0  -0.80053  0.42340 1.00000
1_0.0 - 6_0.0   0.34716  0.72847 1.00000
1_1.0 - 6_0.0  -0.85633  0.39182 1.00000
2_0.0 - 6_0.0   0.39062  0.69608 1.00000
2_1.0 - 6_0.0  -0.96390  0.33509 1.00000
3_0.0 - 6_0.0   0.55283  0.58038 1.00000
3_1.0 - 6_0.0  -0.87826  0.37980 1.00000
4_0.0 - 6_0.0   0.31657  0.75157 1.00000
4_1.0 - 6_0.0  -0.98749  0.32340 1.00000
5_0.0 - 6_0.0   0.18364  0.85430 1.00000
5_1.0 - 6_0.0  -1.29496  0.19533 1.00000
0_0.0 - 6_1.0   0.88932  0.37383 1.00000
0_1.0 - 6_1.0  -0.00887  0.99292 1.00000
1_0.0 - 6_1.0   0.81701  0.41392 1.00000
1_1.0 - 6_1.0  -0.04927  0.96070 1.00000
2_0.0 - 6_1.0   0.84780  0.39655 1.00000
2_1.0 - 6_1.0  -0.12918  0.89721 1.00000
3_0.0 - 6_1.0   0.96452  0.33479 1.00000
3_1.0 - 6_1.0  -0.06884  0.94512 1.00000
4_0.0 - 6_1.0   0.79391  0.42725 1.00000
4_1.0 - 6_1.0  -0.14866  0.88182 1.00000
5_0.0 - 6_1.0   0.68325  0.49445 1.00000
5_1.0 - 6_1.0  -0.43784  0.66150 1.00000
6_0.0 - 6_1.0   0.46078  0.64496 1.00000
0_0.0 - 7_0.0   0.05021  0.95996 1.00000
0_1.0 - 7_0.0  -4.58487  0.00000 0.00070
1_0.0 - 7_0.0  -0.32163  0.74773 1.00000
1_1.0 - 7_0.0  -4.76568  0.00000 0.00029
2_0.0 - 7_0.0  -0.14996  0.88079 1.00000
2_1.0 - 7_0.0  -4.91764  0.00000 0.00013
3_0.0 - 7_0.0   0.42292  0.67235 1.00000
3_1.0 - 7_0.0  -4.49286  0.00001 0.00108
4_0.0 - 7_0.0  -0.39696  0.69139 1.00000
4_1.0 - 7_0.0  -4.78845  0.00000 0.00026
5_0.0 - 7_0.0  -0.50697  0.61218 1.00000
5_1.0 - 7_0.0  -3.44675  0.00057 0.08681
6_0.0 - 7_0.0  -0.42002  0.67447 1.00000
6_1.0 - 7_0.0  -0.86451  0.38731 1.00000
0_0.0 - 7_1.0   5.09859  0.00000 0.00005
0_1.0 - 7_1.0   0.79991  0.42376 1.00000
1_0.0 - 7_1.0   4.73147  0.00000 0.00034
1_1.0 - 7_1.0   0.60412  0.54576 1.00000
2_0.0 - 7_1.0   4.71853  0.00000 0.00036
2_1.0 - 7_1.0   0.21380  0.83070 1.00000
3_0.0 - 7_1.0   5.15177  0.00000 0.00004
3_1.0 - 7_1.0   0.47601  0.63407 1.00000
4_0.0 - 7_1.0   4.34071  0.00001 0.00217
4_1.0 - 7_1.0   0.11893  0.90533 1.00000
5_0.0 - 7_1.0   2.55665  0.01057 1.00000
5_1.0 - 7_1.0  -0.71856  0.47241 1.00000
6_0.0 - 7_1.0   0.99457  0.31995 1.00000
6_1.0 - 7_1.0   0.17302  0.86264 1.00000
7_0.0 - 7_1.0   3.75845  0.00017 0.02616
0_0.0 - 8_0.0   0.09209  0.92662 1.00000
0_1.0 - 8_0.0  -2.25261  0.02428 1.00000
1_0.0 - 8_0.0  -0.09627  0.92330 1.00000
1_1.0 - 8_0.0  -2.35461  0.01854 1.00000
2_0.0 - 8_0.0  -0.01229  0.99019 1.00000
2_1.0 - 8_0.0  -2.52855  0.01145 1.00000
3_0.0 - 8_0.0   0.29010  0.77174 1.00000
3_1.0 - 8_0.0  -2.35405  0.01857 1.00000
4_0.0 - 8_0.0  -0.14716  0.88301 1.00000
4_1.0 - 8_0.0  -2.54555  0.01091 1.00000
5_0.0 - 8_0.0  -0.30780  0.75824 1.00000
5_1.0 - 8_0.0  -2.57766  0.00995 1.00000
6_0.0 - 8_0.0  -0.35243  0.72452 1.00000
6_1.0 - 8_0.0  -0.79835  0.42467 1.00000
7_0.0 - 8_0.0   0.05993  0.95221 1.00000
7_1.0 - 8_0.0  -2.37594  0.01750 1.00000
0_0.0 - 8_1.0   2.02734  0.04263 1.00000
0_1.0 - 8_1.0  -0.05519  0.95599 1.00000
1_0.0 - 8_1.0   1.85802  0.06317 1.00000
1_1.0 - 8_1.0  -0.14867  0.88181 1.00000
2_0.0 - 8_1.0   1.91629  0.05533 1.00000
2_1.0 - 8_1.0  -0.33067  0.74090 1.00000
3_0.0 - 8_1.0   2.17549  0.02959 1.00000
3_1.0 - 8_1.0  -0.19115  0.84840 1.00000
4_0.0 - 8_1.0   1.78104  0.07491 1.00000
4_1.0 - 8_1.0  -0.37210  0.70982 1.00000
5_0.0 - 8_1.0   1.35496  0.17543 1.00000
5_1.0 - 8_1.0  -0.87072  0.38390 1.00000
6_0.0 - 8_1.0   0.65936  0.50967 1.00000
6_1.0 - 8_1.0  -0.01374  0.98904 1.00000
7_0.0 - 8_1.0   1.83816  0.06604 1.00000
7_1.0 - 8_1.0  -0.40141  0.68812 1.00000
8_0.0 - 8_1.0   1.45966  0.14438 1.00000

----------------------------------------------------------------------------------------

